12000 0.3143 0.3905 0.1641 0.4592 0.1502 0.2264
12005 0.3065 0.3855 0.1655 0.4735 0.1410 0.2200
12010 0.3119 0.3930 0.1591 0.4543 0.1527 0.2339
12015 0.2958 0.3845 0.1559 0.4756 0.1399 0.2286
12020 0.2919 0.3731 0.1413 0.4763 0.1506 0.2318
12025 0.3030 0.3734 0.1410 0.4646 0.1620 0.2325
12030 0.3289 0.4080 0.1559 0.4190 0.1730 0.2520
12035 0.3446 0.4094 0.1648 0.4108 0.1798 0.2446
12040 0.3549 0.4108 0.1933 0.4276 0.1616 0.2175
12045 0.3621 0.3987 0.1766 0.4158 0.1855 0.2221
12050 0.3603 0.3977 0.1862 0.4283 0.1741 0.2115
12055 0.3717 0.4147 0.1791 0.3927 0.1926 0.2357
12060 0.3884 0.4030 0.1638 0.3724 0.2246 0.2392
12065 0.3756 0.4183 0.1360 0.3421 0.2396 0.2823
12070 0.3959 0.4069 0.1563 0.3535 0.2396 0.2506
12075 0.4133 0.4194 0.1723 0.3396 0.2410 0.2471
12080 0.4610 0.4151 0.2250 0.3489 0.2360 0.1901
12085 0.4575 0.4300 0.2446 0.3571 0.2129 0.1855
12090 0.4642 0.4048 0.2492 0.3802 0.2150 0.1556
12095 0.4382 0.4368 0.2246 0.3496 0.2136 0.2122
12100 0.4343 0.4300 0.2221 0.3578 0.2122 0.2079
12105 0.4062 0.4325 0.2168 0.3781 0.1894 0.2157
12110 0.4375 0.4037 0.2200 0.3788 0.2175 0.1837
12115 0.4610 0.3969 0.2310 0.3731 0.2300 0.1659
12120 0.4500 0.3873 0.2182 0.3809 0.2318 0.1691
12125 0.4610 0.3745 0.2154 0.3799 0.2456 0.1591
12130 0.4624 0.3987 0.2239 0.3628 0.2385 0.1748
12135 0.4767 0.4304 0.2403 0.3332 0.2364 0.1901
12140 0.4436 0.4407 0.2065 0.3222 0.2371 0.2342
12145 0.4557 0.4404 0.2047 0.3087 0.2510 0.2357
12150 0.4268 0.4162 0.1926 0.3496 0.2342 0.2236
12155 0.3959 0.4244 0.1819 0.3617 0.2140 0.2424
12160 0.4286 0.4105 0.1951 0.3560 0.2335 0.2154
12165 0.4233 0.4179 0.2093 0.3681 0.2140 0.2086
12170 0.4144 0.4162 0.2175 0.3870 0.1969 0.1986
12175 0.4058 0.4012 0.2061 0.3991 0.1997 0.1951
12180 0.4357 0.4130 0.2047 0.3560 0.2310 0.2083
12185 0.4365 0.4144 0.2061 0.3553 0.2303 0.2083
12190 0.4418 0.4261 0.2172 0.3492 0.2246 0.2090
12195 0.4261 0.4393 0.2122 0.3467 0.2140 0.2271
12200 0.4240 0.4407 0.2143 0.3496 0.2097 0.2264
12205 0.4493 0.4176 0.2150 0.3482 0.2342 0.2026
12210 0.4279 0.4041 0.1894 0.3574 0.2385 0.2147
12215 0.4158 0.4087 0.1623 0.3378 0.2535 0.2464
12220 0.4137 0.4001 0.1613 0.3475 0.2524 0.2389
12225 0.3873 0.4098 0.1474 0.3503 0.2399 0.2624
12230 0.3784 0.4318 0.1837 0.3734 0.1947 0.2481
12235 0.3574 0.4279 0.1865 0.4012 0.1709 0.2414
12240 0.4169 0.4425 0.2389 0.3795 0.1780 0.2036
12245 0.4315 0.4575 0.2385 0.3496 0.1930 0.2189
12250 0.4521 0.4849 0.2670 0.3300 0.1851 0.2179
12255 0.4389 0.4642 0.2488 0.3457 0.1901 0.2154
12260 0.4005 0.4706 0.2367 0.3656 0.1638 0.2339
12265 0.4041 0.4589 0.2595 0.3966 0.1445 0.1994
12270 0.4347 0.4546 0.2471 0.3578 0.1876 0.2075
12275 0.4528 0.4268 0.2471 0.3674 0.2058 0.1798
12280 0.4393 0.4201 0.2250 0.3656 0.2143 0.1951
12285 0.4550 0.4368 0.2339 0.3421 0.2211 0.2029
12290 0.4792 0.4539 0.2278 0.2948 0.2513 0.2261
12295 0.4813 0.4304 0.2332 0.3215 0.2481 0.1972
12300 0.4518 0.4137 0.2261 0.3606 0.2257 0.1876
12305 0.4350 0.3984 0.2253 0.3920 0.2097 0.1730
12310 0.4315 0.3873 0.2154 0.3966 0.2161 0.1719
12315 0.4436 0.3745 0.2129 0.3948 0.2307 0.1616
12320 0.4418 0.3920 0.2197 0.3859 0.2221 0.1723
12325 0.4308 0.3927 0.2225 0.3991 0.2083 0.1702
12330 0.4201 0.4122 0.2378 0.4055 0.1823 0.1744
12335 0.4443 0.4133 0.2677 0.4101 0.1766 0.1456
12340 0.4749 0.3991 0.2770 0.4030 0.1979 0.1221
12345 0.4635 0.4333 0.2617 0.3649 0.2019 0.1716
12350 0.4066 0.4276 0.2424 0.4083 0.1641 0.1851
12355 0.3823 0.4322 0.2325 0.4179 0.1499 0.1997
12360 0.3507 0.4354 0.2399 0.4539 0.1107 0.1954
12365 0.3717 0.4361 0.2417 0.4340 0.1299 0.1944
12370 0.4069 0.4575 0.2652 0.4009 0.1417 0.1922
12375 0.4525 0.4436 0.2805 0.3845 0.1719 0.1630
12380 0.4158 0.4564 0.2453 0.3731 0.1705 0.2111
12385 0.4147 0.4543 0.2303 0.3613 0.1844 0.2239
12390 0.4354 0.4639 0.2446 0.3453 0.1908 0.2193
12395 0.4357 0.4724 0.2510 0.3428 0.1848 0.2214
12400 0.4268 0.4535 0.2367 0.3564 0.1901 0.2168
12405 0.4247 0.4532 0.2321 0.3542 0.1926 0.2211
12410 0.4076 0.4589 0.2389 0.3724 0.1687 0.2200
12415 0.4133 0.4503 0.2453 0.3816 0.1680 0.2051
12420 0.3984 0.4436 0.2399 0.3980 0.1584 0.2036
12425 0.4279 0.4632 0.2748 0.3838 0.1531 0.1883
12430 0.4386 0.4870 0.2798 0.3542 0.1588 0.2072
12435 0.4268 0.4806 0.2517 0.3443 0.1752 0.2289
12440 0.4347 0.4770 0.2371 0.3254 0.1976 0.2399
12445 0.4699 0.4425 0.2464 0.3339 0.2236 0.1962
12450 0.4532 0.4329 0.2396 0.3535 0.2136 0.1933
12455 0.4699 0.4201 0.2485 0.3585 0.2214 0.1716
12460 0.4482 0.4361 0.2485 0.3642 0.1997 0.1876
12465 0.4290 0.4585 0.2485 0.3610 0.1805 0.2100
12470 0.4411 0.4496 0.2246 0.3339 0.2164 0.2250
12475 0.4261 0.4578 0.2172 0.3332 0.2090 0.2407
12480 0.4187 0.4304 0.2022 0.3532 0.2164 0.2282
12485 0.4389 0.4233 0.2083 0.3460 0.2307 0.2150
12490 0.4692 0.4115 0.2239 0.3432 0.2453 0.1876
12495 0.4870 0.4204 0.2446 0.3371 0.2424 0.1759
12500 0.5109 0.4422 0.2698 0.3168 0.2410 0.1723
12505 0.5290 0.4454 0.2631 0.2887 0.2659 0.1823
12510 0.5183 0.4482 0.2755 0.3090 0.2428 0.1727
12515 0.5166 0.4443 0.2738 0.3129 0.2428 0.1705
12520 0.4952 0.4155 0.2723 0.3617 0.2229 0.1431
12525 0.4525 0.4133 0.2599 0.3941 0.1926 0.1534
12530 0.4030 0.4151 0.2335 0.4155 0.1695 0.1816
12535 0.3656 0.4194 0.1944 0.4094 0.1712 0.2250
12540 0.3389 0.4422 0.1584 0.3774 0.1805 0.2837
12545 0.3464 0.4457 0.1798 0.3877 0.1666 0.2659
12550 0.3745 0.4240 0.1830 0.3845 0.1915 0.2410
12555 0.3934 0.4300 0.2004 0.3770 0.1930 0.2296
12560 0.4030 0.4400 0.2207 0.3777 0.1823 0.2193
12565 0.4247 0.4543 0.2136 0.3346 0.2111 0.2407
12570 0.4336 0.4475 0.2321 0.3510 0.2015 0.2154
12575 0.4532 0.4575 0.2488 0.3382 0.2043 0.2086
12580 0.4279 0.4422 0.2403 0.3702 0.1876 0.2019
12585 0.4240 0.4222 0.2417 0.3955 0.1823 0.1805
12590 0.4365 0.4016 0.2528 0.4147 0.1837 0.1488
12595 0.4425 0.4233 0.2709 0.4051 0.1716 0.1524
12600 0.4144 0.4571 0.2677 0.3962 0.1467 0.1894
12605 0.4044 0.4696 0.2556 0.3816 0.1488 0.2140
12610 0.3934 0.4514 0.2453 0.4005 0.1481 0.2061
12615 0.4016 0.4724 0.2392 0.3653 0.1623 0.2332
12620 0.3653 0.4706 0.2321 0.3962 0.1331 0.2385
12625 0.3446 0.4642 0.2353 0.4265 0.1093 0.2289
12630 0.3346 0.4414 0.2410 0.4649 0.0936 0.2004
12635 0.3339 0.4422 0.2204 0.4443 0.1136 0.2218
12640 0.3649 0.4340 0.2189 0.4201 0.1460 0.2150
12645 0.3410 0.3998 0.1570 0.4162 0.1841 0.2428
12650 0.3581 0.3806 0.1719 0.4333 0.1862 0.2086
12655 0.3642 0.3848 0.1969 0.4478 0.1673 0.1880
12660 0.3955 0.4151 0.2172 0.4066 0.1784 0.1979
12665 0.3823 0.4336 0.2253 0.4094 0.1570 0.2083
12670 0.4076 0.4475 0.2464 0.3912 0.1613 0.2011
12675 0.4226 0.4649 0.2670 0.3795 0.1556 0.1979
12680 0.4165 0.4778 0.2542 0.3599 0.1623 0.2236
12685 0.4183 0.4649 0.2528 0.3695 0.1655 0.2122
12690 0.4105 0.4795 0.2371 0.3471 0.1734 0.2424
12695 0.4115 0.4778 0.2421 0.3528 0.1695 0.2357
12700 0.3930 0.4621 0.2193 0.3642 0.1737 0.2428
12705 0.3820 0.4475 0.1944 0.3649 0.1876 0.2531
12710 0.4012 0.4308 0.1926 0.3606 0.2086 0.2382
12715 0.4115 0.4197 0.2132 0.3820 0.1983 0.2065
12720 0.4229 0.4222 0.2417 0.3966 0.1812 0.1805
12725 0.4073 0.4204 0.2264 0.3987 0.1808 0.1940
12730 0.4308 0.4019 0.2229 0.3902 0.2079 0.1791
12735 0.4457 0.4030 0.2424 0.3937 0.2033 0.1606
12740 0.4482 0.4176 0.2350 0.3692 0.2132 0.1826
12745 0.4407 0.4610 0.2435 0.3418 0.1972 0.2175
12750 0.4361 0.4699 0.2310 0.3250 0.2051 0.2389
12755 0.4336 0.4646 0.2332 0.3350 0.2004 0.2314
12760 0.4436 0.4411 0.2253 0.3407 0.2182 0.2157
12765 0.4283 0.4211 0.2342 0.3848 0.1940 0.1869
12770 0.4379 0.4012 0.2204 0.3813 0.2175 0.1808
12775 0.4283 0.3848 0.2054 0.3923 0.2229 0.1794
12780 0.4546 0.4140 0.2435 0.3749 0.2111 0.1705
12785 0.4425 0.4596 0.2535 0.3514 0.1890 0.2061
12790 0.4478 0.4454 0.2339 0.3407 0.2140 0.2115
12795 0.4101 0.4350 0.2221 0.3770 0.1880 0.2129
12800 0.4130 0.4215 0.2061 0.3717 0.2068 0.2154
12805 0.4187 0.4365 0.2065 0.3514 0.2122 0.2300
12810 0.4400 0.4240 0.1954 0.3314 0.2446 0.2286
12815 0.4233 0.4290 0.2072 0.3549 0.2161 0.2218
12820 0.4062 0.4283 0.2371 0.4026 0.1691 0.1912
12825 0.3852 0.4083 0.2275 0.4340 0.1577 0.1808
12830 0.3791 0.4122 0.2364 0.4450 0.1428 0.1759
12835 0.3617 0.3959 0.2360 0.4785 0.1257 0.1598
12840 0.3692 0.4233 0.2303 0.4379 0.1388 0.1930
12845 0.3841 0.4514 0.2250 0.3895 0.1591 0.2264
12850 0.3699 0.4496 0.2054 0.3859 0.1645 0.2442
12855 0.3973 0.4582 0.2257 0.3702 0.1716 0.2325
12860 0.4016 0.4560 0.2339 0.3763 0.1677 0.2221
12865 0.4087 0.4350 0.2328 0.3891 0.1759 0.2022
12870 0.4083 0.4247 0.2300 0.3969 0.1784 0.1947
12875 0.4105 0.4162 0.2328 0.4062 0.1776 0.1833
12880 0.3902 0.4254 0.2261 0.4105 0.1641 0.1994
12885 0.3717 0.4628 0.2157 0.3813 0.1559 0.2471
12890 0.3596 0.4956 0.2246 0.3695 0.1349 0.2709
12895 0.3813 0.5073 0.2492 0.3606 0.1321 0.2581
12900 0.3642 0.4806 0.2339 0.3891 0.1303 0.2467
12905 0.3973 0.4760 0.2535 0.3802 0.1438 0.2225
12910 0.4222 0.4689 0.2588 0.3677 0.1634 0.2100
12915 0.4286 0.4802 0.2545 0.3457 0.1741 0.2257
12920 0.4211 0.4660 0.2414 0.3542 0.1798 0.2246
12925 0.4176 0.4792 0.2421 0.3453 0.1755 0.2371
12930 0.4158 0.4614 0.2168 0.3396 0.1990 0.2446
12935 0.3973 0.4703 0.2172 0.3496 0.1801 0.2531
12940 0.4190 0.4628 0.2364 0.3546 0.1826 0.2264
12945 0.4489 0.4706 0.2414 0.3218 0.2075 0.2293
12950 0.4681 0.4724 0.2350 0.2944 0.2332 0.2375
12955 0.4607 0.4728 0.2364 0.3030 0.2243 0.2364
12960 0.4087 0.4842 0.2257 0.3329 0.1830 0.2585
12965 0.4001 0.4827 0.2407 0.3578 0.1595 0.2421
12970 0.4023 0.4877 0.2446 0.3546 0.1577 0.2431
12975 0.4133 0.4560 0.2464 0.3770 0.1670 0.2097
12980 0.4614 0.4439 0.2417 0.3364 0.2197 0.2022
12985 0.4589 0.4247 0.2314 0.3478 0.2275 0.1933
12990 0.4589 0.4169 0.2236 0.3478 0.2353 0.1933
12995 0.4699 0.4201 0.2246 0.3346 0.2453 0.1954
