16000 0.4671 0.4425 0.2122 0.3026 0.2549 0.2303
16005 0.4703 0.4393 0.2125 0.3030 0.2577 0.2268
16010 0.4689 0.4443 0.2197 0.3065 0.2492 0.2246
16015 0.4888 0.4236 0.2175 0.3051 0.2713 0.2061
16020 0.4899 0.4429 0.2375 0.3047 0.2524 0.2054
16025 0.5094 0.4290 0.2424 0.3040 0.2670 0.1865
16030 0.5005 0.4240 0.2471 0.3225 0.2535 0.1769
16035 0.4895 0.4055 0.2318 0.3368 0.2577 0.1737
16040 0.4333 0.4058 0.1844 0.3453 0.2488 0.2214
16045 0.4133 0.4048 0.1752 0.3571 0.2382 0.2296
16050 0.4240 0.4137 0.1752 0.3375 0.2488 0.2385
16055 0.4557 0.4656 0.2229 0.3015 0.2328 0.2428
16060 0.4710 0.4432 0.2225 0.3083 0.2485 0.2207
16065 0.4927 0.4375 0.2350 0.3047 0.2577 0.2026
16070 0.4738 0.4386 0.2264 0.3140 0.2474 0.2122
16075 0.4664 0.4350 0.2186 0.3172 0.2478 0.2164
16080 0.4610 0.4411 0.2172 0.3151 0.2439 0.2239
16085 0.4603 0.4414 0.2289 0.3272 0.2314 0.2125
16090 0.4454 0.4414 0.2129 0.3261 0.2325 0.2286
16095 0.4404 0.4204 0.1915 0.3307 0.2488 0.2289
16100 0.4119 0.4133 0.1634 0.3382 0.2485 0.2499
16105 0.4108 0.3994 0.1570 0.3467 0.2538 0.2424
16110 0.4147 0.4048 0.1452 0.3257 0.2695 0.2595
16115 0.4051 0.3809 0.1303 0.3443 0.2748 0.2506
16120 0.4041 0.3596 0.1303 0.3667 0.2738 0.2293
16125 0.4169 0.3428 0.1424 0.3827 0.2745 0.2004
16130 0.4322 0.3222 0.1527 0.3984 0.2795 0.1695
16135 0.4051 0.3414 0.1566 0.4101 0.2485 0.1848
16140 0.4265 0.3738 0.1769 0.3766 0.2496 0.1969
16145 0.4162 0.4076 0.1744 0.3507 0.2417 0.2332
16150 0.4603 0.4443 0.2129 0.3083 0.2474 0.2314
16155 0.4699 0.4578 0.2375 0.3097 0.2325 0.2204
16160 0.4567 0.4656 0.2225 0.3001 0.2342 0.2431
16165 0.4475 0.4671 0.1994 0.2848 0.2481 0.2677
16170 0.4368 0.4482 0.1833 0.2983 0.2535 0.2649
16175 0.4454 0.3984 0.1780 0.3343 0.2674 0.2204
16180 0.4706 0.3923 0.1997 0.3368 0.2709 0.1926
16185 0.5023 0.4115 0.2019 0.2880 0.3005 0.2097
16190 0.4931 0.4350 0.1976 0.2695 0.2955 0.2375
16195 0.4938 0.4845 0.2253 0.2471 0.2684 0.2592
16200 0.4603 0.5212 0.2428 0.2613 0.2175 0.2784
16205 0.4439 0.4891 0.2239 0.2909 0.2200 0.2652
16210 0.4454 0.4233 0.1890 0.3204 0.2563 0.2342
16215 0.4486 0.3685 0.1730 0.3560 0.2755 0.1954
16220 0.4845 0.3685 0.1986 0.3457 0.2859 0.1698
16225 0.4980 0.3770 0.2232 0.3482 0.2748 0.1538
16230 0.4877 0.3820 0.2225 0.3528 0.2652 0.1595
16235 0.4567 0.4247 0.2300 0.3485 0.2268 0.1947
16240 0.4162 0.4094 0.2157 0.3902 0.2004 0.1937
16245 0.4016 0.4187 0.1865 0.3663 0.2150 0.2321
16250 0.4076 0.4140 0.1915 0.3699 0.2161 0.2225
16255 0.4119 0.3998 0.1873 0.3756 0.2246 0.2125
16260 0.4368 0.3717 0.1798 0.3713 0.2570 0.1919
16265 0.4343 0.3656 0.1844 0.3845 0.2499 0.1812
16270 0.4560 0.3154 0.1634 0.3920 0.2926 0.1520
16275 0.4934 0.3314 0.1855 0.3606 0.3079 0.1460
16280 0.4952 0.3446 0.1880 0.3482 0.3072 0.1566
16285 0.4870 0.3998 0.1986 0.3119 0.2884 0.2011
16290 0.4689 0.4041 0.1805 0.3076 0.2884 0.2236
16295 0.4336 0.3973 0.1773 0.3464 0.2563 0.2200
16300 0.4286 0.3770 0.1534 0.3478 0.2752 0.2236
16305 0.4219 0.3560 0.1477 0.3699 0.2741 0.2083
16310 0.4286 0.3453 0.1378 0.3638 0.2909 0.2075
16315 0.4041 0.3606 0.1410 0.3763 0.2631 0.2197
16320 0.4090 0.3759 0.1406 0.3556 0.2684 0.2353
16325 0.4044 0.3912 0.1214 0.3257 0.2830 0.2698
16330 0.4222 0.3966 0.1285 0.3097 0.2937 0.2681
16335 0.4279 0.4268 0.1470 0.2923 0.2809 0.2798
16340 0.4165 0.4222 0.1299 0.2912 0.2866 0.2923
16345 0.4122 0.4158 0.1378 0.3097 0.2745 0.2780
16350 0.4350 0.4094 0.1574 0.3129 0.2777 0.2520
16355 0.4706 0.4187 0.1709 0.2816 0.2998 0.2478
16360 0.4692 0.4137 0.1887 0.3058 0.2805 0.2250
16365 0.4635 0.4094 0.1890 0.3161 0.2745 0.2204
16370 0.4799 0.3898 0.1769 0.3072 0.3030 0.2129
16375 0.4753 0.3592 0.1442 0.3097 0.3311 0.2150
16380 0.4589 0.3731 0.1687 0.3368 0.2901 0.2043
16385 0.4514 0.3731 0.1744 0.3499 0.2770 0.1986
16390 0.4493 0.4087 0.1869 0.3289 0.2624 0.2218
16395 0.4446 0.3873 0.1680 0.3361 0.2766 0.2193
16400 0.4607 0.3941 0.1705 0.3158 0.2901 0.2236
16405 0.4418 0.3955 0.1413 0.3040 0.3005 0.2542
16410 0.4300 0.4016 0.1378 0.3062 0.2923 0.2638
16415 0.4347 0.3820 0.1428 0.3261 0.2919 0.2392
16420 0.4397 0.3845 0.1652 0.3410 0.2745 0.2193
16425 0.4244 0.3809 0.1413 0.3361 0.2830 0.2396
16430 0.4589 0.3959 0.1485 0.2937 0.3104 0.2474
16435 0.4610 0.3845 0.1324 0.2869 0.3286 0.2520
16440 0.4628 0.3998 0.1538 0.2912 0.3090 0.2460
16445 0.4827 0.4389 0.1755 0.2538 0.3072 0.2634
16450 0.4931 0.4610 0.1972 0.2431 0.2958 0.2638
16455 0.4966 0.4689 0.2161 0.2506 0.2805 0.2528
16460 0.4891 0.4852 0.2325 0.2581 0.2567 0.2528
16465 0.4564 0.4753 0.2243 0.2926 0.2321 0.2510
16470 0.4446 0.4475 0.2250 0.3329 0.2197 0.2225
16475 0.4535 0.4507 0.2360 0.3318 0.2175 0.2147
16480 0.4482 0.4532 0.2229 0.3215 0.2253 0.2303
16485 0.4080 0.4343 0.1663 0.3240 0.2417 0.2681
16490 0.4009 0.4001 0.1716 0.3706 0.2293 0.2286
16495 0.3571 0.3891 0.1517 0.4055 0.2054 0.2375
16500 0.3631 0.3902 0.1595 0.4062 0.2036 0.2307
16505 0.3532 0.3813 0.1403 0.4058 0.2129 0.2410
16510 0.3674 0.4325 0.1524 0.3524 0.2150 0.2802
16515 0.3891 0.4550 0.1552 0.3111 0.2339 0.2998
16520 0.3863 0.4393 0.1363 0.3108 0.2499 0.3030
16525 0.4044 0.4222 0.1420 0.3154 0.2624 0.2802
16530 0.4108 0.4026 0.1513 0.3378 0.2595 0.2513
16535 0.4016 0.3873 0.1460 0.3571 0.2556 0.2414
16540 0.4066 0.4119 0.1538 0.3354 0.2528 0.2581
16545 0.3955 0.4144 0.1445 0.3346 0.2510 0.2698
16550 0.4001 0.4329 0.1563 0.3232 0.2439 0.2766
16555 0.3859 0.4511 0.1549 0.3179 0.2310 0.2962
16560 0.3663 0.4827 0.1855 0.3364 0.1808 0.2973
16565 0.3542 0.4810 0.1613 0.3261 0.1930 0.3197
16570 0.3663 0.4941 0.1712 0.3108 0.1951 0.3229
16575 0.3560 0.4678 0.1663 0.3425 0.1897 0.3015
16580 0.3745 0.4617 0.1876 0.3514 0.1869 0.2741
16585 0.4222 0.4361 0.2150 0.3567 0.2072 0.2211
16590 0.4283 0.4329 0.2186 0.3574 0.2097 0.2143
16595 0.4386 0.3952 0.2068 0.3731 0.2318 0.1883
16600 0.4357 0.3902 0.1940 0.3681 0.2417 0.1962
16605 0.4589 0.3617 0.1858 0.3653 0.2731 0.1759
16610 0.4329 0.3834 0.1513 0.3350 0.2816 0.2321
16615 0.4532 0.4204 0.1812 0.3076 0.2720 0.2392
16620 0.4731 0.4628 0.2310 0.2951 0.2421 0.2318
16625 0.4913 0.4881 0.2467 0.2674 0.2446 0.2414
16630 0.5077 0.4664 0.2688 0.2948 0.2389 0.1976
16635 0.4902 0.4493 0.2474 0.3079 0.2428 0.2019
16640 0.4340 0.4521 0.2335 0.3475 0.2004 0.2186
16645 0.3571 0.4546 0.1819 0.3702 0.1752 0.2727
16650 0.3542 0.4350 0.1940 0.4048 0.1602 0.2410
16655 0.3514 0.4058 0.1620 0.4048 0.1894 0.2439
16660 0.3656 0.3888 0.1549 0.4005 0.2108 0.2339
16665 0.3770 0.3638 0.1278 0.3870 0.2492 0.2360
16670 0.3969 0.3802 0.1534 0.3763 0.2435 0.2268
16675 0.4272 0.4115 0.1908 0.3521 0.2364 0.2207
16680 0.4375 0.4404 0.2111 0.3332 0.2264 0.2293
16685 0.4429 0.4543 0.2100 0.3129 0.2328 0.2442
16690 0.4482 0.4172 0.1940 0.3286 0.2542 0.2232
16695 0.4272 0.4076 0.1769 0.3421 0.2503 0.2307
16700 0.4219 0.3628 0.1470 0.3624 0.2748 0.2157
16705 0.3823 0.3642 0.1299 0.3834 0.2524 0.2342
16710 0.3599 0.3642 0.1303 0.4062 0.2296 0.2339
16715 0.3624 0.3318 0.1164 0.4222 0.2460 0.2154
16720 0.3546 0.3265 0.1235 0.4425 0.2310 0.2029
16725 0.3314 0.3129 0.1121 0.4678 0.2193 0.2008
16730 0.3489 0.3485 0.1549 0.4575 0.1940 0.1937
16735 0.3674 0.3663 0.1659 0.4322 0.2015 0.2004
16740 0.3816 0.3987 0.1780 0.3977 0.2036 0.2207
16745 0.3998 0.4446 0.2225 0.3781 0.1773 0.2221
16750 0.4087 0.4710 0.2207 0.3410 0.1880 0.2503
16755 0.4268 0.4963 0.2446 0.3215 0.1823 0.2517
16760 0.4375 0.4770 0.2538 0.3393 0.1837 0.2232
16765 0.4176 0.4991 0.2421 0.3254 0.1755 0.2570
16770 0.4069 0.5002 0.2460 0.3389 0.1609 0.2542
16775 0.4194 0.4998 0.2488 0.3297 0.1705 0.2510
16780 0.4475 0.4817 0.2620 0.3329 0.1855 0.2197
16785 0.4681 0.4304 0.2421 0.3435 0.2261 0.1883
16790 0.4770 0.3927 0.2093 0.3396 0.2677 0.1833
16795 0.4710 0.3556 0.1485 0.3218 0.3225 0.2072
16800 0.4543 0.3268 0.1132 0.3321 0.3410 0.2136
16805 0.4471 0.3129 0.0758 0.3158 0.3713 0.2371
16810 0.3930 0.3400 0.0926 0.3596 0.3005 0.2474
16815 0.3581 0.3670 0.1040 0.3788 0.2542 0.2631
16820 0.3621 0.3980 0.1499 0.3898 0.2122 0.2481
16825 0.3944 0.4414 0.1769 0.3410 0.2175 0.2645
16830 0.4019 0.4603 0.2122 0.3499 0.1897 0.2481
16835 0.4041 0.4664 0.2136 0.3432 0.1905 0.2528
16840 0.4115 0.4724 0.2314 0.3475 0.1801 0.2410
16845 0.4226 0.4742 0.2553 0.3585 0.1673 0.2189
16850 0.4019 0.4689 0.2467 0.3759 0.1552 0.2221
16855 0.4614 0.4087 0.2460 0.3759 0.2154 0.1627
16860 0.4543 0.4112 0.2382 0.3727 0.2161 0.1730
16865 0.4432 0.4165 0.2275 0.3677 0.2157 0.1890
16870 0.4553 0.4443 0.2577 0.3581 0.1976 0.1865
16875 0.4664 0.4375 0.2471 0.3432 0.2193 0.1905
16880 0.4806 0.4471 0.2620 0.3343 0.2186 0.1851
16885 0.4607 0.4357 0.2385 0.3421 0.2221 0.1972
16890 0.4842 0.4297 0.2378 0.3240 0.2464 0.1919
16895 0.5094 0.4158 0.2424 0.3172 0.2670 0.1734
16900 0.4934 0.4322 0.2549 0.3293 0.2385 0.1773
16905 0.4827 0.4585 0.2567 0.3154 0.2261 0.2019
16910 0.4404 0.4621 0.2513 0.3489 0.1890 0.2108
16915 0.4550 0.4414 0.2474 0.3510 0.2075 0.1940
16920 0.4400 0.4254 0.2243 0.3588 0.2157 0.2011
16925 0.4414 0.4333 0.2339 0.3592 0.2075 0.1994
16930 0.4478 0.4058 0.2154 0.3617 0.2325 0.1905
16935 0.4699 0.4372 0.2460 0.3389 0.2239 0.1912
16940 0.4909 0.4304 0.2506 0.3293 0.2403 0.1798
16945 0.5109 0.4486 0.2802 0.3208 0.2307 0.1684
16950 0.5020 0.4503 0.2876 0.3354 0.2143 0.1627
16955 0.4966 0.4528 0.2901 0.3407 0.2065 0.1627
16960 0.4795 0.4664 0.2973 0.3514 0.1823 0.1691
16965 0.4902 0.4550 0.2948 0.3496 0.1954 0.1602
16970 0.4831 0.4550 0.2919 0.3539 0.1912 0.1630
16975 0.4745 0.4098 0.2385 0.3542 0.2360 0.1712
16980 0.4511 0.3802 0.1922 0.3610 0.2588 0.1880
16985 0.4632 0.3863 0.2090 0.3596 0.2542 0.1773
16990 0.4621 0.3902 0.2026 0.3503 0.2595 0.1876
16995 0.4607 0.3866 0.1969 0.3496 0.2638 0.1897
