10000 0.2652 0.4133 0.1428 0.4642 0.1225 0.2706
10005 0.2702 0.4158 0.1452 0.4592 0.1250 0.2706
10010 0.2777 0.4165 0.1531 0.4589 0.1246 0.2634
10015 0.2688 0.4279 0.1477 0.4511 0.1210 0.2802
10020 0.2549 0.4083 0.1374 0.4742 0.1175 0.2709
10025 0.2364 0.4026 0.1260 0.4870 0.1104 0.2766
10030 0.2481 0.4130 0.1150 0.4539 0.1331 0.2980
10035 0.2560 0.4016 0.1235 0.4660 0.1324 0.2780
10040 0.2563 0.3895 0.1250 0.4792 0.1314 0.2645
10045 0.2827 0.3827 0.1296 0.4642 0.1531 0.2531
10050 0.3240 0.3898 0.1670 0.4532 0.1570 0.2229
10055 0.3485 0.3930 0.2061 0.4646 0.1424 0.1869
10060 0.3724 0.3920 0.2122 0.4478 0.1602 0.1798
10065 0.3588 0.4222 0.2150 0.4340 0.1438 0.2072
10070 0.3635 0.4251 0.2083 0.4197 0.1552 0.2168
10075 0.3428 0.4240 0.1997 0.4329 0.1431 0.2243
10080 0.3428 0.4276 0.2079 0.4375 0.1349 0.2197
10085 0.3499 0.4436 0.2382 0.4446 0.1118 0.2054
10090 0.3624 0.4283 0.2545 0.4639 0.1079 0.1737
10095 0.3054 0.4261 0.2300 0.4984 0.0755 0.1962
10100 0.2998 0.4162 0.2239 0.5080 0.0758 0.1922
10105 0.2884 0.4343 0.2257 0.5030 0.0627 0.2086
10110 0.3339 0.4393 0.2335 0.4603 0.1004 0.2058
10115 0.3311 0.4407 0.2396 0.4678 0.0915 0.2011
10120 0.3649 0.4290 0.2464 0.4525 0.1185 0.1826
10125 0.3845 0.4365 0.2545 0.4336 0.1299 0.1819
10130 0.3991 0.4112 0.2357 0.4254 0.1634 0.1755
10135 0.3952 0.3944 0.2172 0.4276 0.1780 0.1773
10140 0.3799 0.4033 0.2036 0.4204 0.1762 0.1997
10145 0.3763 0.4187 0.2115 0.4165 0.1648 0.2072
10150 0.3621 0.4361 0.2332 0.4350 0.1289 0.2029
10155 0.3681 0.4518 0.2485 0.4286 0.1196 0.2033
10160 0.3560 0.4418 0.2524 0.4546 0.1036 0.1894
10165 0.3542 0.4204 0.2104 0.4357 0.1438 0.2100
10170 0.3343 0.3781 0.1919 0.4795 0.1424 0.1862
10175 0.3386 0.3813 0.1958 0.4760 0.1428 0.1855
10180 0.3261 0.3866 0.2029 0.4902 0.1232 0.1837
10185 0.3343 0.3660 0.2019 0.5016 0.1324 0.1641
10190 0.3140 0.3649 0.1808 0.5020 0.1331 0.1841
10195 0.3005 0.3681 0.1705 0.5020 0.1299 0.1976
10200 0.2820 0.4016 0.1595 0.4760 0.1225 0.2421
10205 0.2969 0.3905 0.1492 0.4617 0.1477 0.2414
10210 0.3375 0.4009 0.1627 0.4244 0.1748 0.2382
10215 0.3428 0.4044 0.1645 0.4172 0.1784 0.2399
10220 0.3542 0.3994 0.1755 0.4219 0.1787 0.2239
10225 0.3354 0.3909 0.1844 0.4582 0.1509 0.2065
10230 0.3343 0.3596 0.1862 0.4923 0.1481 0.1734
10235 0.3507 0.3642 0.2075 0.4927 0.1431 0.1566
10240 0.3642 0.3891 0.2051 0.4518 0.1591 0.1841
10245 0.3820 0.4048 0.2307 0.4439 0.1513 0.1741
10250 0.3677 0.4001 0.2360 0.4681 0.1317 0.1641
10255 0.3439 0.4183 0.2378 0.4756 0.1061 0.1805
10260 0.3275 0.4432 0.2435 0.4728 0.0840 0.1997
10265 0.3314 0.4172 0.1919 0.4432 0.1396 0.2253
10270 0.3603 0.4286 0.2015 0.4126 0.1588 0.2271
10275 0.3713 0.4261 0.2108 0.4133 0.1606 0.2154
10280 0.4005 0.4155 0.2321 0.4162 0.1684 0.1833
10285 0.4133 0.4222 0.2585 0.4229 0.1549 0.1638
10290 0.4315 0.3873 0.2321 0.4133 0.1994 0.1552
10295 0.4372 0.3820 0.2325 0.4133 0.2047 0.1495
10300 0.4041 0.3834 0.2036 0.4162 0.2004 0.1798
10305 0.3998 0.4147 0.2108 0.3962 0.1890 0.2040
10310 0.3802 0.4357 0.2161 0.4001 0.1641 0.2197
10315 0.3791 0.4379 0.2243 0.4073 0.1549 0.2136
10320 0.3969 0.4233 0.2339 0.4137 0.1630 0.1894
10325 0.3688 0.4208 0.2204 0.4308 0.1485 0.2004
10330 0.3905 0.4233 0.2535 0.4397 0.1371 0.1698
10335 0.3973 0.4187 0.2464 0.4304 0.1509 0.1723
10340 0.4108 0.4122 0.2478 0.4247 0.1630 0.1645
10345 0.4258 0.3863 0.2446 0.4325 0.1812 0.1417
10350 0.4108 0.3841 0.2474 0.4525 0.1634 0.1367
10355 0.4090 0.3848 0.2417 0.4478 0.1673 0.1431
10360 0.4293 0.3966 0.2563 0.4304 0.1730 0.1403
10365 0.4304 0.4080 0.2649 0.4265 0.1655 0.1431
10370 0.3916 0.4098 0.2606 0.4592 0.1310 0.1492
10375 0.3813 0.4300 0.2659 0.4546 0.1153 0.1641
10380 0.3859 0.4372 0.2659 0.4429 0.1200 0.1712
10385 0.3738 0.4333 0.2809 0.4738 0.0929 0.1524
10390 0.4019 0.4300 0.2698 0.4379 0.1321 0.1602
10395 0.3973 0.4382 0.2627 0.4272 0.1346 0.1755
10400 0.3799 0.4340 0.2449 0.4311 0.1349 0.1890
10405 0.3799 0.4244 0.2488 0.4446 0.1310 0.1755
10410 0.3720 0.4336 0.2414 0.4357 0.1307 0.1922
10415 0.3898 0.4482 0.2513 0.4133 0.1385 0.1969
10420 0.3724 0.4642 0.2695 0.4329 0.1029 0.1947
10425 0.3802 0.5009 0.2652 0.3841 0.1150 0.2357
10430 0.4019 0.5105 0.2859 0.3734 0.1161 0.2246
10435 0.4190 0.5190 0.2880 0.3499 0.1310 0.2310
10440 0.4290 0.5080 0.2973 0.3603 0.1317 0.2108
10445 0.4325 0.5187 0.3158 0.3645 0.1168 0.2029
10450 0.4147 0.4863 0.2720 0.3710 0.1428 0.2143
10455 0.4414 0.4820 0.2798 0.3564 0.1616 0.2022
10460 0.4525 0.4795 0.2844 0.3524 0.1680 0.1951
10465 0.4368 0.5133 0.2898 0.3396 0.1470 0.2236
10470 0.4162 0.4995 0.2695 0.3539 0.1467 0.2300
10475 0.4158 0.4988 0.2844 0.3699 0.1314 0.2143
10480 0.4069 0.4856 0.2745 0.3820 0.1324 0.2111
10485 0.3969 0.4575 0.2549 0.4005 0.1420 0.2026
10490 0.4009 0.4710 0.2720 0.4001 0.1289 0.1990
10495 0.4012 0.4664 0.2709 0.4033 0.1303 0.1954
10500 0.3891 0.4582 0.2602 0.4130 0.1289 0.1979
10505 0.3738 0.4550 0.2545 0.4258 0.1193 0.2004
10510 0.3489 0.4322 0.2378 0.4567 0.1111 0.1944
10515 0.3407 0.4226 0.2428 0.4795 0.0979 0.1798
10520 0.3272 0.4112 0.2339 0.4956 0.0933 0.1773
10525 0.3343 0.3923 0.2079 0.4813 0.1264 0.1844
10530 0.3375 0.3891 0.2086 0.4820 0.1289 0.1805
10535 0.3410 0.3994 0.2068 0.4664 0.1342 0.1926
10540 0.3667 0.3973 0.2200 0.4560 0.1467 0.1773
10545 0.3788 0.4016 0.2261 0.4457 0.1527 0.1755
10550 0.3838 0.3766 0.2350 0.4745 0.1488 0.1417
10555 0.3813 0.3361 0.2303 0.5130 0.1509 0.1057
10560 0.3724 0.3179 0.2175 0.5272 0.1549 0.1004
10565 0.3845 0.3364 0.2321 0.5112 0.1524 0.1043
10570 0.4055 0.3645 0.2300 0.4600 0.1755 0.1346
10575 0.4183 0.3699 0.2360 0.4478 0.1823 0.1339
10580 0.4375 0.3969 0.2460 0.4115 0.1915 0.1509
10585 0.4610 0.4137 0.2599 0.3852 0.2011 0.1538
10590 0.4478 0.3994 0.2585 0.4112 0.1894 0.1410
10595 0.4475 0.4066 0.2581 0.4041 0.1894 0.1485
10600 0.4026 0.3941 0.2164 0.4197 0.1862 0.1776
10605 0.4190 0.4233 0.2449 0.4026 0.1741 0.1784
10610 0.4105 0.4087 0.2286 0.4094 0.1819 0.1801
10615 0.4478 0.4055 0.2634 0.4101 0.1844 0.1420
10620 0.4582 0.3895 0.2545 0.4069 0.2036 0.1349
10625 0.4535 0.3710 0.2560 0.4315 0.1976 0.1150
10630 0.4297 0.3770 0.2396 0.4329 0.1901 0.1374
10635 0.4318 0.3870 0.2474 0.4286 0.1844 0.1396
10640 0.4336 0.3955 0.2510 0.4219 0.1826 0.1445
10645 0.4329 0.4001 0.2396 0.4066 0.1933 0.1606
10650 0.4172 0.4051 0.2378 0.4155 0.1794 0.1673
10655 0.4019 0.4397 0.2364 0.3948 0.1655 0.2033
10660 0.3695 0.4774 0.2179 0.3710 0.1517 0.2595
10665 0.3905 0.4813 0.2293 0.3574 0.1613 0.2520
10670 0.3813 0.4966 0.2364 0.3585 0.1449 0.2602
10675 0.3845 0.4881 0.2417 0.3692 0.1428 0.2464
10680 0.3923 0.4817 0.2399 0.3660 0.1524 0.2417
10685 0.3674 0.4742 0.2250 0.3834 0.1424 0.2492
10690 0.3599 0.4571 0.2303 0.4133 0.1296 0.2268
10695 0.3823 0.4432 0.2392 0.4137 0.1431 0.2040
10700 0.3966 0.4482 0.2506 0.4058 0.1460 0.1976
10705 0.3912 0.3987 0.2478 0.4578 0.1435 0.1509
10710 0.3823 0.4033 0.2492 0.4635 0.1331 0.1541
10715 0.4041 0.4147 0.2869 0.4681 0.1171 0.1278
10720 0.3984 0.4130 0.2659 0.4546 0.1324 0.1470
10725 0.3870 0.4204 0.2606 0.4532 0.1264 0.1598
10730 0.3905 0.4087 0.2424 0.4432 0.1481 0.1663
10735 0.3706 0.4101 0.2168 0.4361 0.1538 0.1933
10740 0.3617 0.4012 0.2093 0.4464 0.1524 0.1919
10745 0.3560 0.3937 0.2058 0.4560 0.1502 0.1880
10750 0.4087 0.3852 0.2246 0.4308 0.1841 0.1606
10755 0.4201 0.3888 0.2236 0.4147 0.1965 0.1652
10760 0.4304 0.3930 0.2407 0.4172 0.1897 0.1524
10765 0.4386 0.4311 0.2602 0.3905 0.1784 0.1709
10770 0.4222 0.4528 0.2666 0.3916 0.1556 0.1862
10775 0.4044 0.4322 0.2535 0.4169 0.1509 0.1787
10780 0.4023 0.4393 0.2453 0.4037 0.1570 0.1940
10785 0.4090 0.4329 0.2485 0.4066 0.1606 0.1844
10790 0.4585 0.4333 0.2755 0.3838 0.1830 0.1577
10795 0.4632 0.4461 0.2755 0.3663 0.1876 0.1705
10800 0.4411 0.4265 0.2631 0.3955 0.1780 0.1634
10805 0.3848 0.4372 0.2627 0.4407 0.1221 0.1744
10810 0.3759 0.4276 0.2553 0.4518 0.1207 0.1723
10815 0.3930 0.4389 0.2763 0.4443 0.1168 0.1627
10820 0.3777 0.4382 0.2727 0.4567 0.1050 0.1655
10825 0.3788 0.4244 0.2510 0.4478 0.1278 0.1734
10830 0.3742 0.4162 0.2453 0.4550 0.1289 0.1709
10835 0.3820 0.4311 0.2649 0.4518 0.1171 0.1663
10840 0.3688 0.4386 0.2378 0.4304 0.1310 0.2008
10845 0.3777 0.4215 0.2154 0.4162 0.1623 0.2061
10850 0.3799 0.4101 0.2289 0.4389 0.1509 0.1812
10855 0.3806 0.4219 0.2278 0.4254 0.1527 0.1940
10860 0.3977 0.4333 0.2442 0.4133 0.1534 0.1890
10865 0.3863 0.4532 0.2453 0.4058 0.1410 0.2079
10870 0.4044 0.4375 0.2609 0.4190 0.1435 0.1766
10875 0.3920 0.4343 0.2456 0.4194 0.1463 0.1887
10880 0.4044 0.4478 0.2599 0.4076 0.1445 0.1880
10885 0.4172 0.4478 0.2496 0.3845 0.1677 0.1983
10890 0.4397 0.4646 0.2866 0.3823 0.1531 0.1780
10895 0.4464 0.4560 0.2830 0.3806 0.1634 0.1730
10900 0.4211 0.4507 0.2464 0.3745 0.1748 0.2043
10905 0.4215 0.4671 0.2442 0.3556 0.1773 0.2229
10910 0.4176 0.4834 0.2485 0.3475 0.1691 0.2350
10915 0.4379 0.4870 0.2713 0.3464 0.1666 0.2157
10920 0.4414 0.4842 0.2784 0.3528 0.1630 0.2058
10925 0.4190 0.4468 0.2485 0.3827 0.1705 0.1983
10930 0.4080 0.4336 0.2407 0.3991 0.1673 0.1930
10935 0.4062 0.4386 0.2339 0.3891 0.1723 0.2047
10940 0.3870 0.4336 0.2150 0.3944 0.1719 0.2186
10945 0.4112 0.4553 0.2456 0.3791 0.1655 0.2097
10950 0.4304 0.4706 0.2556 0.3546 0.1748 0.2150
10955 0.4546 0.5077 0.2866 0.3243 0.1680 0.2211
10960 0.4276 0.4952 0.2723 0.3496 0.1552 0.2229
10965 0.4343 0.4966 0.2812 0.3503 0.1531 0.2154
10970 0.4215 0.4756 0.2645 0.3674 0.1570 0.2111
10975 0.4272 0.4044 0.2350 0.4033 0.1922 0.1695
10980 0.4090 0.4098 0.2282 0.4094 0.1808 0.1816
10985 0.4172 0.4101 0.2403 0.4130 0.1769 0.1698
10990 0.4222 0.4058 0.2375 0.4094 0.1848 0.1684
10995 0.4155 0.4076 0.2428 0.4197 0.1727 0.1648
