15000 0.4496 0.3934 0.2168 0.3738 0.2328 0.1766
15005 0.4496 0.3920 0.2157 0.3742 0.2339 0.1762
15010 0.4393 0.3870 0.2097 0.3834 0.2296 0.1773
15015 0.4653 0.3955 0.2147 0.3539 0.2506 0.1808
15020 0.4728 0.3802 0.2147 0.3617 0.2581 0.1655
15025 0.4617 0.3959 0.2225 0.3649 0.2392 0.1734
15030 0.4532 0.4073 0.2179 0.3574 0.2353 0.1894
15035 0.4578 0.4162 0.2193 0.3453 0.2385 0.1969
15040 0.4706 0.3905 0.2207 0.3596 0.2499 0.1698
15045 0.4511 0.3806 0.2129 0.3813 0.2382 0.1677
15050 0.4546 0.4133 0.2072 0.3393 0.2474 0.2061
15055 0.4624 0.3955 0.1897 0.3318 0.2727 0.2058
15060 0.4735 0.4009 0.1819 0.3076 0.2916 0.2189
15065 0.4350 0.3884 0.1666 0.3432 0.2684 0.2218
15070 0.4073 0.4030 0.1566 0.3464 0.2506 0.2464
15075 0.4048 0.3944 0.1620 0.3628 0.2428 0.2325
15080 0.4350 0.4030 0.1880 0.3499 0.2471 0.2150
15085 0.4051 0.4058 0.1716 0.3606 0.2335 0.2342
15090 0.4183 0.3944 0.1712 0.3585 0.2471 0.2232
15095 0.4293 0.3916 0.1766 0.3556 0.2528 0.2150
15100 0.4393 0.3781 0.1659 0.3485 0.2734 0.2122
15105 0.4389 0.3855 0.1805 0.3560 0.2585 0.2051
15110 0.4311 0.4062 0.1915 0.3542 0.2396 0.2147
15115 0.4475 0.4179 0.2168 0.3514 0.2307 0.2011
15120 0.4778 0.4119 0.2367 0.3471 0.2410 0.1752
15125 0.4735 0.4268 0.2545 0.3542 0.2189 0.1723
15130 0.4600 0.4101 0.2389 0.3688 0.2211 0.1712
15135 0.4464 0.4211 0.2464 0.3788 0.2001 0.1748
15140 0.4001 0.4122 0.1915 0.3791 0.2086 0.2207
15145 0.4062 0.4122 0.1869 0.3685 0.2193 0.2253
15150 0.4240 0.4254 0.1990 0.3496 0.2250 0.2264
15155 0.4425 0.4471 0.1951 0.3054 0.2474 0.2520
15160 0.4493 0.4557 0.2179 0.3129 0.2314 0.2378
15165 0.4464 0.4575 0.2090 0.3051 0.2375 0.2485
15170 0.4393 0.4268 0.1965 0.3304 0.2428 0.2303
15175 0.4471 0.4058 0.1830 0.3300 0.2642 0.2229
15180 0.4429 0.3734 0.1641 0.3478 0.2787 0.2093
15185 0.4600 0.3888 0.1837 0.3350 0.2763 0.2051
15190 0.4169 0.4087 0.2008 0.3752 0.2161 0.2079
15195 0.4393 0.4478 0.2250 0.3378 0.2143 0.2229
15200 0.4486 0.4738 0.2503 0.3279 0.1983 0.2236
15205 0.4486 0.4788 0.2649 0.3375 0.1837 0.2140
15210 0.4749 0.4806 0.2745 0.3190 0.2004 0.2061
15215 0.4703 0.4699 0.2674 0.3272 0.2029 0.2026
15220 0.4756 0.4635 0.2809 0.3418 0.1947 0.1826
15225 0.4706 0.4261 0.2460 0.3492 0.2246 0.1801
15230 0.4820 0.4041 0.2239 0.3378 0.2581 0.1801
15235 0.4756 0.3980 0.2200 0.3464 0.2556 0.1780
15240 0.4575 0.3777 0.1876 0.3524 0.2698 0.1901
15245 0.4507 0.3927 0.2075 0.3642 0.2431 0.1851
15250 0.4567 0.4019 0.2008 0.3421 0.2560 0.2011
15255 0.4660 0.4122 0.1990 0.3208 0.2670 0.2132
15260 0.4496 0.4429 0.1819 0.2894 0.2677 0.2609
15265 0.4489 0.4532 0.2019 0.2998 0.2471 0.2513
15270 0.4578 0.4496 0.2140 0.3065 0.2439 0.2357
15275 0.4546 0.4468 0.2132 0.3119 0.2414 0.2335
15280 0.4543 0.4564 0.2118 0.3012 0.2424 0.2446
15285 0.4600 0.4464 0.1990 0.2926 0.2609 0.2474
15290 0.4607 0.4454 0.2004 0.2944 0.2602 0.2449
15295 0.4436 0.4571 0.2118 0.3111 0.2318 0.2453
15300 0.4187 0.4468 0.1979 0.3325 0.2207 0.2488
15305 0.4162 0.4475 0.2040 0.3403 0.2122 0.2435
15310 0.3962 0.4418 0.1784 0.3403 0.2179 0.2634
15315 0.4229 0.4229 0.1837 0.3378 0.2392 0.2392
15320 0.4350 0.3991 0.1787 0.3446 0.2563 0.2204
15325 0.4539 0.3877 0.1630 0.3215 0.2909 0.2246
15330 0.4600 0.3855 0.1755 0.3300 0.2844 0.2100
15335 0.4827 0.3923 0.1869 0.3119 0.2958 0.2054
15340 0.4738 0.3955 0.1897 0.3204 0.2841 0.2058
15345 0.4824 0.4062 0.1926 0.3040 0.2898 0.2136
15350 0.4774 0.4069 0.2004 0.3161 0.2770 0.2065
15355 0.4614 0.4557 0.2278 0.3108 0.2335 0.2278
15360 0.4350 0.4450 0.1979 0.3179 0.2371 0.2471
15365 0.4122 0.4571 0.1954 0.3261 0.2168 0.2617
15370 0.3859 0.4468 0.1734 0.3407 0.2125 0.2734
15375 0.3738 0.4486 0.1730 0.3507 0.2008 0.2755
15380 0.3895 0.4382 0.1719 0.3443 0.2175 0.2663
15385 0.4005 0.4535 0.2029 0.3489 0.1976 0.2506
15390 0.3845 0.4389 0.1890 0.3656 0.1954 0.2499
15395 0.3998 0.4311 0.1937 0.3628 0.2061 0.2375
15400 0.3660 0.4112 0.1534 0.3763 0.2125 0.2577
15405 0.3749 0.4172 0.1570 0.3649 0.2179 0.2602
15410 0.3596 0.4546 0.1616 0.3475 0.1979 0.2930
15415 0.3524 0.4422 0.1581 0.3635 0.1944 0.2841
15420 0.3450 0.4236 0.1566 0.3880 0.1883 0.2670
15425 0.3656 0.4354 0.1730 0.3720 0.1926 0.2624
15430 0.3774 0.4244 0.1969 0.3952 0.1805 0.2275
15435 0.3891 0.4354 0.2161 0.3916 0.1730 0.2193
15440 0.4112 0.4354 0.2179 0.3713 0.1933 0.2175
15445 0.4179 0.4279 0.2207 0.3749 0.1972 0.2072
15450 0.4279 0.4094 0.2261 0.3888 0.2019 0.1833
15455 0.4386 0.3987 0.2140 0.3766 0.2246 0.1848
15460 0.4183 0.4222 0.1826 0.3421 0.2357 0.2396
15465 0.4318 0.4251 0.1844 0.3275 0.2474 0.2407
15470 0.4115 0.4325 0.1833 0.3393 0.2282 0.2492
15475 0.3973 0.4642 0.2075 0.3460 0.1897 0.2567
15480 0.3937 0.4692 0.2011 0.3382 0.1926 0.2681
15485 0.3863 0.4646 0.1862 0.3354 0.2001 0.2784
15490 0.4122 0.4268 0.1752 0.3361 0.2371 0.2517
15495 0.4062 0.4265 0.1894 0.3567 0.2168 0.2371
15500 0.4083 0.4276 0.1744 0.3386 0.2339 0.2531
15505 0.4066 0.3863 0.1680 0.3752 0.2385 0.2182
15510 0.4001 0.3407 0.1445 0.4037 0.2556 0.1962
15515 0.4069 0.3072 0.1246 0.4105 0.2823 0.1826
15520 0.3863 0.2780 0.1168 0.4525 0.2695 0.1613
15525 0.4051 0.2841 0.1470 0.4578 0.2581 0.1371
15530 0.4076 0.3339 0.1698 0.4283 0.2378 0.1641
15535 0.4393 0.3596 0.1933 0.3944 0.2460 0.1663
15540 0.4283 0.3809 0.2001 0.3909 0.2282 0.1808
15545 0.4073 0.3425 0.1969 0.4471 0.2104 0.1456
15550 0.3852 0.3386 0.1880 0.4642 0.1972 0.1506
15555 0.3645 0.3524 0.1897 0.4728 0.1748 0.1627
15560 0.3955 0.3784 0.2179 0.4439 0.1776 0.1606
15565 0.3948 0.3852 0.2275 0.4475 0.1673 0.1577
15570 0.4233 0.3777 0.2417 0.4407 0.1816 0.1360
15575 0.4436 0.3311 0.2229 0.4482 0.2207 0.1082
15580 0.4624 0.3279 0.1962 0.4058 0.2663 0.1317
15585 0.4806 0.3286 0.1826 0.3734 0.2980 0.1460
15590 0.4713 0.3354 0.1833 0.3766 0.2880 0.1520
15595 0.4503 0.3136 0.1801 0.4162 0.2702 0.1335
15600 0.4350 0.3193 0.1876 0.4333 0.2474 0.1317
15605 0.4585 0.3343 0.2186 0.4258 0.2399 0.1157
15610 0.4810 0.3898 0.2360 0.3653 0.2449 0.1538
15615 0.5052 0.4101 0.2592 0.3439 0.2460 0.1509
15620 0.4938 0.4194 0.2670 0.3539 0.2268 0.1524
15625 0.4692 0.4009 0.2399 0.3699 0.2293 0.1609
15630 0.4464 0.4037 0.2396 0.3895 0.2068 0.1641
15635 0.4397 0.3745 0.2335 0.4194 0.2061 0.1410
15640 0.4343 0.3492 0.2129 0.4293 0.2214 0.1363
15645 0.4258 0.3898 0.2253 0.4098 0.2004 0.1645
15650 0.4290 0.4058 0.2456 0.4108 0.1833 0.1602
15655 0.4553 0.4133 0.2510 0.3823 0.2043 0.1623
15660 0.4689 0.3955 0.2325 0.3681 0.2364 0.1630
15665 0.4699 0.4001 0.2293 0.3592 0.2407 0.1709
15670 0.4653 0.3916 0.2168 0.3599 0.2485 0.1748
15675 0.4877 0.4176 0.2510 0.3457 0.2367 0.1666
15680 0.4902 0.3660 0.2271 0.3710 0.2631 0.1388
15685 0.5230 0.3731 0.2609 0.3649 0.2620 0.1121
15690 0.5059 0.3759 0.2510 0.3692 0.2549 0.1250
15695 0.4699 0.3923 0.2168 0.3546 0.2531 0.1755
15700 0.4607 0.4219 0.2332 0.3507 0.2275 0.1887
15705 0.4532 0.4297 0.2357 0.3528 0.2175 0.1940
15710 0.4632 0.4361 0.2499 0.3507 0.2132 0.1862
15715 0.4717 0.4329 0.2556 0.3510 0.2161 0.1773
15720 0.4706 0.4019 0.2442 0.3717 0.2264 0.1577
15725 0.4756 0.3955 0.2250 0.3539 0.2506 0.1705
15730 0.4635 0.3859 0.1766 0.3272 0.2869 0.2093
15735 0.4628 0.3802 0.1937 0.3507 0.2691 0.1865
15740 0.4717 0.3905 0.2328 0.3706 0.2389 0.1577
15745 0.4735 0.3606 0.2232 0.3891 0.2503 0.1374
15750 0.5112 0.3574 0.2446 0.3759 0.2666 0.1129
15755 0.4998 0.3311 0.2268 0.3959 0.2731 0.1043
15760 0.5023 0.3439 0.2353 0.3891 0.2670 0.1086
15765 0.4849 0.3403 0.2147 0.3895 0.2702 0.1257
15770 0.4760 0.3571 0.2161 0.3831 0.2599 0.1410
15775 0.4767 0.3400 0.1769 0.3603 0.2998 0.1630
15780 0.4592 0.3649 0.1876 0.3635 0.2716 0.1773
15785 0.4596 0.3606 0.1833 0.3631 0.2763 0.1773
15790 0.4382 0.3724 0.1930 0.3823 0.2453 0.1794
15795 0.4535 0.4098 0.2175 0.3542 0.2360 0.1922
15800 0.4582 0.4336 0.2357 0.3439 0.2225 0.1979
15805 0.4600 0.4087 0.2286 0.3599 0.2314 0.1801
15810 0.4763 0.3873 0.2250 0.3613 0.2513 0.1623
15815 0.4703 0.3289 0.2019 0.4026 0.2684 0.1271
15820 0.4639 0.3126 0.1833 0.4069 0.2805 0.1292
15825 0.4596 0.3129 0.1922 0.4197 0.2674 0.1207
15830 0.4560 0.3072 0.1855 0.4222 0.2706 0.1218
15835 0.4130 0.3204 0.1826 0.4493 0.2303 0.1378
15840 0.4130 0.3261 0.1673 0.4283 0.2456 0.1588
15845 0.3813 0.3026 0.1392 0.4553 0.2421 0.1634
15850 0.3724 0.2973 0.1488 0.4792 0.2236 0.1485
15855 0.3660 0.2809 0.1175 0.4706 0.2485 0.1634
15860 0.3507 0.2763 0.1104 0.4834 0.2403 0.1659
15865 0.3884 0.2880 0.1136 0.4372 0.2748 0.1744
15870 0.4315 0.3101 0.1474 0.4058 0.2841 0.1627
15875 0.4478 0.2976 0.1485 0.4030 0.2994 0.1492
15880 0.4699 0.3094 0.1556 0.3763 0.3143 0.1538
15885 0.4393 0.3047 0.1381 0.3941 0.3012 0.1666
15890 0.4400 0.2980 0.1392 0.4012 0.3008 0.1588
15895 0.4454 0.3111 0.1570 0.4005 0.2884 0.1541
15900 0.4475 0.3222 0.1684 0.3987 0.2791 0.1538
15905 0.4108 0.3140 0.1445 0.4197 0.2663 0.1695
15910 0.3991 0.3151 0.1129 0.3987 0.2862 0.2022
15915 0.3642 0.3464 0.1125 0.4019 0.2517 0.2339
15920 0.3734 0.3457 0.1118 0.3927 0.2617 0.2339
15925 0.3724 0.3414 0.1346 0.4208 0.2378 0.2068
15930 0.3688 0.3289 0.1356 0.4379 0.2332 0.1933
15935 0.3944 0.3375 0.1517 0.4197 0.2428 0.1858
15940 0.4105 0.3567 0.1634 0.3962 0.2471 0.1933
15945 0.4817 0.3556 0.1648 0.3275 0.3168 0.1908
15950 0.4792 0.3546 0.1574 0.3236 0.3218 0.1972
15955 0.4699 0.3588 0.1474 0.3186 0.3225 0.2115
15960 0.4696 0.3588 0.1652 0.3368 0.3044 0.1937
15965 0.4600 0.3642 0.1830 0.3588 0.2770 0.1812
15970 0.4511 0.3660 0.1965 0.3795 0.2545 0.1695
15975 0.4770 0.3777 0.2093 0.3546 0.2677 0.1684
15980 0.4824 0.3831 0.1979 0.3325 0.2844 0.1851
15985 0.4742 0.3759 0.1663 0.3161 0.3079 0.2097
15990 0.4671 0.3859 0.1752 0.3222 0.2919 0.2108
15995 0.4731 0.3845 0.1837 0.3261 0.2894 0.2008
