0 0.0000 0.0000 0.0000 1.0000 0.0000 0.0000
5 0.0000 0.0000 0.0000 1.0000 0.0000 0.0000
10 0.0000 0.0000 0.0000 1.0000 0.0000 0.0000
15 0.0000 0.0012 0.0000 0.9988 0.0000 0.0012
20 0.0000 0.0013 0.0000 0.9987 0.0000 0.0013
25 0.0000 0.0021 0.0000 0.9979 0.0000 0.0021
30 0.0000 0.0051 0.0000 0.9949 0.0000 0.0051
35 0.0000 0.0052 0.0000 0.9948 0.0000 0.0052
40 0.0023 0.0052 0.0000 0.9925 0.0023 0.0052
45 0.0062 0.0051 0.0000 0.9887 0.0062 0.0051
50 0.0060 0.0035 0.0000 0.9905 0.0060 0.0035
55 0.0074 0.0000 0.0000 0.9926 0.0074 0.0000
60 0.0049 0.0000 0.0000 0.9951 0.0049 0.0000
65 0.0112 0.0000 0.0000 0.9888 0.0112 0.0000
70 0.0131 0.0000 0.0000 0.9869 0.0131 0.0000
75 0.0128 0.0000 0.0000 0.9872 0.0128 0.0000
80 0.0220 0.0000 0.0000 0.9780 0.0220 0.0000
85 0.0281 0.0000 0.0000 0.9719 0.0281 0.0000
90 0.0242 0.0000 0.0000 0.9758 0.0242 0.0000
95 0.0238 0.0000 0.0000 0.9762 0.0238 0.0000
100 0.0223 0.0000 0.0000 0.9777 0.0223 0.0000
105 0.0201 0.0000 0.0000 0.9799 0.0201 0.0000
110 0.0169 0.0000 0.0000 0.9831 0.0169 0.0000
115 0.0198 0.0000 0.0000 0.9802 0.0198 0.0000
120 0.0179 0.0000 0.0000 0.9821 0.0179 0.0000
125 0.0232 0.0000 0.0000 0.9768 0.0232 0.0000
130 0.0228 0.0000 0.0000 0.9772 0.0228 0.0000
135 0.0225 0.0000 0.0000 0.9775 0.0225 0.0000
140 0.0228 0.0000 0.0000 0.9772 0.0228 0.0000
145 0.0269 0.0000 0.0000 0.9731 0.0269 0.0000
150 0.0200 0.0000 0.0000 0.9800 0.0200 0.0000
155 0.0197 0.0000 0.0000 0.9803 0.0197 0.0000
160 0.0259 0.0000 0.0000 0.9741 0.0259 0.0000
165 0.0319 0.0000 0.0000 0.9681 0.0319 0.0000
170 0.0484 0.0000 0.0000 0.9516 0.0484 0.0000
175 0.0484 0.0010 0.0000 0.9505 0.0484 0.0010
180 0.0491 0.0069 0.0000 0.9439 0.0491 0.0069
185 0.0567 0.0119 0.0000 0.9314 0.0567 0.0119
190 0.0569 0.0135 0.0000 0.9296 0.0569 0.0135
195 0.0538 0.0187 0.0000 0.9275 0.0538 0.0187
200 0.0497 0.0178 0.0000 0.9325 0.0497 0.0178
205 0.0474 0.0185 0.0000 0.9341 0.0474 0.0185
210 0.0473 0.0096 0.0000 0.9431 0.0473 0.0096
215 0.0494 0.0087 0.0000 0.9420 0.0494 0.0087
220 0.0496 0.0087 0.0000 0.9417 0.0496 0.0087
225 0.0548 0.0055 0.0000 0.9396 0.0548 0.0055
230 0.0627 0.0077 0.0000 0.9296 0.0627 0.0077
235 0.0619 0.0057 0.0000 0.9325 0.0619 0.0057
240 0.0608 0.0062 0.0000 0.9329 0.0608 0.0062
245 0.0584 0.0102 0.0000 0.9314 0.0584 0.0102
250 0.0558 0.0111 0.0000 0.9331 0.0558 0.0111
255 0.0569 0.0145 0.0000 0.9287 0.0569 0.0145
260 0.0630 0.0157 0.0000 0.9213 0.0630 0.0157
265 0.0641 0.0161 0.0000 0.9199 0.0641 0.0161
270 0.0602 0.0131 0.0000 0.9267 0.0602 0.0131
275 0.0553 0.0073 0.0000 0.9374 0.0553 0.0073
280 0.0573 0.0086 0.0000 0.9341 0.0573 0.0086
285 0.0553 0.0089 0.0000 0.9358 0.0553 0.0089
290 0.0499 0.0061 0.0000 0.9439 0.0499 0.0061
295 0.0476 0.0069 0.0000 0.9454 0.0476 0.0069
300 0.0459 0.0067 0.0000 0.9474 0.0459 0.0067
305 0.0390 0.0071 0.0000 0.9540 0.0390 0.0071
310 0.0395 0.0105 0.0000 0.9499 0.0395 0.0105
315 0.0376 0.0113 0.0000 0.9511 0.0376 0.0113
320 0.0365 0.0123 0.0000 0.9512 0.0365 0.0123
325 0.0379 0.0114 0.0000 0.9506 0.0379 0.0114
330 0.0419 0.0120 0.0000 0.9461 0.0419 0.0120
335 0.0414 0.0136 0.0000 0.9450 0.0414 0.0136
340 0.0391 0.0106 0.0000 0.9503 0.0391 0.0106
345 0.0363 0.0118 0.0000 0.9519 0.0363 0.0118
350 0.0336 0.0161 0.0000 0.9503 0.0336 0.0161
355 0.0316 0.0180 0.0000 0.9504 0.0316 0.0180
360 0.0308 0.0200 0.0000 0.9492 0.0308 0.0200
365 0.0332 0.0140 0.0000 0.9528 0.0332 0.0140
370 0.0330 0.0134 0.0000 0.9536 0.0330 0.0134
375 0.0316 0.0124 0.0000 0.9561 0.0316 0.0124
380 0.0305 0.0106 0.0000 0.9588 0.0305 0.0106
385 0.0296 0.0060 0.0000 0.9644 0.0296 0.0060
390 0.0354 0.0047 0.0000 0.9599 0.0354 0.0047
395 0.0398 0.0052 0.0000 0.9550 0.0398 0.0052
400 0.0378 0.0028 0.0000 0.9594 0.0378 0.0028
405 0.0376 0.0000 0.0000 0.9624 0.0376 0.0000
410 0.0408 0.0000 0.0000 0.9592 0.0408 0.0000
415 0.0380 0.0014 0.0000 0.9606 0.0380 0.0014
420 0.0319 0.0013 0.0000 0.9668 0.0319 0.0013
425 0.0310 0.0013 0.0000 0.9677 0.0310 0.0013
430 0.0297 0.0014 0.0000 0.9689 0.0297 0.0014
435 0.0299 0.0000 0.0000 0.9701 0.0299 0.0000
440 0.0247 0.0000 0.0000 0.9753 0.0247 0.0000
445 0.0266 0.0012 0.0000 0.9723 0.0266 0.0012
450 0.0232 0.0013 0.0000 0.9755 0.0232 0.0013
455 0.0201 0.0027 0.0000 0.9772 0.0201 0.0027
460 0.0256 0.0028 0.0000 0.9717 0.0256 0.0028
465 0.0345 0.0010 0.0000 0.9645 0.0345 0.0010
470 0.0361 0.0000 0.0000 0.9639 0.0361 0.0000
475 0.0375 0.0000 0.0000 0.9625 0.0375 0.0000
480 0.0430 0.0000 0.0000 0.9570 0.0430 0.0000
485 0.0416 0.0000 0.0000 0.9584 0.0416 0.0000
490 0.0475 0.0028 0.0000 0.9497 0.0475 0.0028
495 0.0459 0.0028 0.0000 0.9513 0.0459 0.0028
500 0.0465 0.0039 0.0000 0.9496 0.0465 0.0039
505 0.0464 0.0013 0.0000 0.9524 0.0464 0.0013
510 0.0435 0.0014 0.0000 0.9551 0.0435 0.0014
515 0.0427 0.0000 0.0000 0.9573 0.0427 0.0000
520 0.0422 0.0013 0.0000 0.9565 0.0422 0.0013
525 0.0456 0.0025 0.0000 0.9519 0.0456 0.0025
530 0.0452 0.0076 0.0000 0.9472 0.0452 0.0076
535 0.0476 0.0075 0.0000 0.9448 0.0476 0.0075
540 0.0479 0.0092 0.0000 0.9429 0.0479 0.0092
545 0.0504 0.0091 0.0000 0.9405 0.0504 0.0091
550 0.0501 0.0110 0.0000 0.9390 0.0501 0.0110
555 0.0527 0.0118 0.0000 0.9355 0.0527 0.0118
560 0.0556 0.0133 0.0000 0.9311 0.0556 0.0133
565 0.0613 0.0154 0.0000 0.9233 0.0613 0.0154
570 0.0609 0.0149 0.0000 0.9242 0.0609 0.0149
575 0.0573 0.0207 0.0000 0.9220 0.0573 0.0207
580 0.0546 0.0142 0.0000 0.9312 0.0546 0.0142
585 0.0573 0.0150 0.0010 0.9287 0.0563 0.0140
590 0.0583 0.0155 0.0008 0.9270 0.0575 0.0147
595 0.0570 0.0203 0.0010 0.9237 0.0560 0.0193
600 0.0610 0.0234 0.0010 0.9166 0.0600 0.0223
605 0.0636 0.0221 0.0021 0.9164 0.0615 0.0200
610 0.0637 0.0201 0.0028 0.9190 0.0609 0.0173
615 0.0608 0.0198 0.0028 0.9222 0.0580 0.0170
620 0.0577 0.0177 0.0006 0.9252 0.0571 0.0171
625 0.0598 0.0169 0.0007 0.9240 0.0591 0.0162
630 0.0612 0.0180 0.0007 0.9215 0.0605 0.0173
635 0.0650 0.0200 0.0015 0.9165 0.0635 0.0185
640 0.0658 0.0212 0.0006 0.9136 0.0652 0.0206
645 0.0663 0.0224 0.0012 0.9125 0.0651 0.0213
650 0.0628 0.0242 0.0000 0.9131 0.0628 0.0242
655 0.0608 0.0267 0.0000 0.9125 0.0608 0.0267
660 0.0548 0.0286 0.0000 0.9166 0.0548 0.0286
665 0.0590 0.0290 0.0000 0.9120 0.0590 0.0290
670 0.0572 0.0265 0.0000 0.9163 0.0572 0.0265
675 0.0589 0.0221 0.0000 0.9191 0.0589 0.0221
680 0.0584 0.0221 0.0000 0.9195 0.0584 0.0221
685 0.0578 0.0192 0.0000 0.9230 0.0578 0.0192
690 0.0564 0.0149 0.0000 0.9287 0.0564 0.0149
695 0.0610 0.0140 0.0000 0.9250 0.0610 0.0140
700 0.0681 0.0132 0.0000 0.9187 0.0681 0.0132
705 0.0673 0.0138 0.0000 0.9190 0.0673 0.0138
710 0.0717 0.0136 0.0000 0.9147 0.0717 0.0136
715 0.0748 0.0173 0.0037 0.9116 0.0711 0.0136
720 0.0719 0.0194 0.0050 0.9136 0.0669 0.0145
725 0.0671 0.0205 0.0057 0.9181 0.0614 0.0148
730 0.0702 0.0209 0.0047 0.9136 0.0654 0.0162
735 0.0702 0.0176 0.0012 0.9134 0.0690 0.0164
740 0.0728 0.0191 0.0012 0.9092 0.0717 0.0179
745 0.0709 0.0254 0.0010 0.9047 0.0698 0.0244
750 0.0680 0.0265 0.0012 0.9067 0.0668 0.0253
755 0.0557 0.0246 0.0015 0.9211 0.0542 0.0231
760 0.0590 0.0247 0.0000 0.9163 0.0590 0.0247
765 0.0634 0.0264 0.0013 0.9116 0.0621 0.0251
770 0.0649 0.0219 0.0008 0.9141 0.0641 0.0210
775 0.0630 0.0223 0.0010 0.9157 0.0620 0.0213
780 0.0585 0.0199 0.0000 0.9216 0.0585 0.0199
785 0.0612 0.0194 0.0000 0.9194 0.0612 0.0194
790 0.0687 0.0237 0.0000 0.9076 0.0687 0.0237
795 0.0696 0.0280 0.0001 0.9025 0.0695 0.0279
800 0.0679 0.0253 0.0001 0.9069 0.0678 0.0252
805 0.0698 0.0232 0.0008 0.9077 0.0690 0.0224
810 0.0709 0.0155 0.0008 0.9144 0.0701 0.0147
815 0.0621 0.0140 0.0008 0.9247 0.0613 0.0132
820 0.0642 0.0138 0.0024 0.9245 0.0617 0.0113
825 0.0619 0.0096 0.0022 0.9307 0.0597 0.0074
830 0.0639 0.0111 0.0037 0.9287 0.0602 0.0074
835 0.0642 0.0091 0.0039 0.9306 0.0602 0.0052
840 0.0608 0.0074 0.0036 0.9354 0.0572 0.0038
845 0.0558 0.0054 0.0039 0.9427 0.0519 0.0015
850 0.0525 0.0036 0.0036 0.9475 0.0489 0.0000
855 0.0472 0.0025 0.0025 0.9528 0.0446 0.0000
860 0.0454 0.0023 0.0023 0.9546 0.0431 0.0000
865 0.0444 0.0036 0.0036 0.9556 0.0408 0.0000
870 0.0481 0.0047 0.0046 0.9518 0.0435 0.0001
875 0.0410 0.0047 0.0044 0.9586 0.0367 0.0003
880 0.0430 0.0149 0.0042 0.9462 0.0388 0.0108
885 0.0430 0.0118 0.0022 0.9474 0.0408 0.0096
890 0.0401 0.0111 0.0000 0.9488 0.0401 0.0111
895 0.0415 0.0133 0.0000 0.9452 0.0415 0.0133
900 0.0355 0.0219 0.0000 0.9427 0.0355 0.0219
905 0.0334 0.0295 0.0000 0.9371 0.0334 0.0295
910 0.0353 0.0291 0.0000 0.9356 0.0353 0.0291
915 0.0392 0.0252 0.0000 0.9356 0.0392 0.0252
920 0.0415 0.0158 0.0000 0.9427 0.0415 0.0158
925 0.0481 0.0095 0.0007 0.9431 0.0474 0.0088
930 0.0469 0.0091 0.0002 0.9442 0.0467 0.0089
935 0.0400 0.0075 0.0000 0.9525 0.0400 0.0075
940 0.0387 0.0069 0.0000 0.9543 0.0387 0.0069
945 0.0392 0.0080 0.0000 0.9528 0.0392 0.0080
950 0.0404 0.0068 0.0000 0.9528 0.0404 0.0068
955 0.0422 0.0071 0.0000 0.9507 0.0422 0.0071
960 0.0404 0.0121 0.0000 0.9475 0.0404 0.0121
965 0.0460 0.0116 0.0000 0.9424 0.0460 0.0116
970 0.0506 0.0154 0.0000 0.9340 0.0506 0.0154
975 0.0486 0.0219 0.0009 0.9305 0.0476 0.0209
980 0.0462 0.0172 0.0002 0.9368 0.0460 0.0170
985 0.0432 0.0110 0.0007 0.9465 0.0425 0.0103
990 0.0434 0.0110 0.0009 0.9466 0.0424 0.0101
995 0.0437 0.0111 0.0013 0.9465 0.0424 0.0098
