5000 0.4286 0.3821 0.2242 0.4135 0.2044 0.1579
5005 0.4286 0.3739 0.2198 0.4173 0.2088 0.1541
5010 0.4275 0.3783 0.2244 0.4185 0.2032 0.1539
5015 0.4198 0.3791 0.2163 0.4175 0.2035 0.1628
5020 0.3958 0.3823 0.2144 0.4364 0.1814 0.1678
5025 0.3847 0.3856 0.2090 0.4387 0.1757 0.1766
5030 0.3701 0.3830 0.2050 0.4519 0.1651 0.1780
5035 0.3874 0.4208 0.2530 0.4447 0.1344 0.1678
5040 0.4030 0.4316 0.2768 0.4422 0.1262 0.1549
5045 0.4013 0.4329 0.2718 0.4376 0.1296 0.1611
5050 0.4024 0.4175 0.2628 0.4429 0.1396 0.1547
5055 0.4015 0.3999 0.2468 0.4454 0.1547 0.1532
5060 0.4031 0.3990 0.2416 0.4394 0.1616 0.1574
5065 0.3937 0.3948 0.2388 0.4504 0.1549 0.1559
5070 0.3923 0.3576 0.2347 0.4848 0.1576 0.1228
5075 0.3899 0.3551 0.2087 0.4636 0.1812 0.1465
5080 0.3884 0.3499 0.2016 0.4633 0.1867 0.1483
5085 0.3906 0.3576 0.2026 0.4544 0.1881 0.1550
5090 0.3891 0.3804 0.2198 0.4502 0.1693 0.1606
5095 0.3929 0.3780 0.2365 0.4656 0.1564 0.1414
5100 0.3815 0.3752 0.2318 0.4751 0.1497 0.1434
5105 0.3961 0.3615 0.2332 0.4755 0.1629 0.1283
5110 0.3970 0.3615 0.2248 0.4662 0.1722 0.1367
5115 0.4188 0.3466 0.2280 0.4626 0.1908 0.1186
5120 0.4208 0.3463 0.2254 0.4583 0.1954 0.1209
5125 0.4365 0.3592 0.2419 0.4461 0.1946 0.1174
5130 0.4289 0.3861 0.2495 0.4345 0.1794 0.1366
5135 0.4164 0.3900 0.2295 0.4231 0.1869 0.1605
5140 0.4269 0.4243 0.2620 0.4108 0.1649 0.1623
5145 0.4129 0.4298 0.2640 0.4213 0.1489 0.1658
5150 0.4073 0.4412 0.2721 0.4236 0.1352 0.1692
5155 0.4179 0.4457 0.2806 0.4170 0.1373 0.1651
5160 0.4260 0.4280 0.2640 0.4100 0.1620 0.1640
5165 0.4159 0.4194 0.2561 0.4207 0.1599 0.1634
5170 0.4361 0.4162 0.2603 0.4080 0.1757 0.1559
5175 0.4312 0.4178 0.2582 0.4092 0.1730 0.1596
5180 0.4301 0.4012 0.2484 0.4172 0.1817 0.1527
5185 0.4222 0.4088 0.2431 0.4121 0.1791 0.1657
5190 0.4318 0.3845 0.2367 0.4204 0.1951 0.1478
5195 0.4458 0.3781 0.2492 0.4252 0.1966 0.1289
5200 0.4417 0.3795 0.2513 0.4301 0.1904 0.1282
5205 0.4335 0.3832 0.2593 0.4426 0.1742 0.1239
5210 0.4348 0.3893 0.2551 0.4310 0.1797 0.1341
5215 0.4309 0.3852 0.2446 0.4286 0.1863 0.1405
5220 0.4425 0.4019 0.2443 0.3999 0.1981 0.1576
5225 0.4383 0.4021 0.2565 0.4161 0.1818 0.1456
5230 0.4193 0.4172 0.2602 0.4237 0.1591 0.1570
5235 0.4005 0.4037 0.2359 0.4316 0.1646 0.1678
5240 0.3887 0.4149 0.2413 0.4377 0.1474 0.1736
5245 0.3908 0.4196 0.2554 0.4451 0.1353 0.1642
5250 0.3836 0.4089 0.2471 0.4545 0.1366 0.1619
5255 0.3708 0.3975 0.2350 0.4667 0.1358 0.1625
5260 0.3864 0.3864 0.2338 0.4611 0.1526 0.1526
5265 0.4088 0.3675 0.2410 0.4647 0.1678 0.1265
5270 0.4068 0.3714 0.2420 0.4638 0.1648 0.1294
5275 0.4158 0.3877 0.2548 0.4513 0.1610 0.1329
5280 0.4194 0.3675 0.2507 0.4638 0.1687 0.1168
5285 0.4388 0.3746 0.2550 0.4415 0.1838 0.1196
5290 0.4405 0.3797 0.2599 0.4397 0.1806 0.1198
5295 0.4449 0.3958 0.2702 0.4295 0.1747 0.1256
5300 0.4066 0.3945 0.2472 0.4461 0.1594 0.1472
5305 0.3998 0.3945 0.2347 0.4405 0.1651 0.1597
5310 0.3853 0.3826 0.2292 0.4614 0.1561 0.1533
5315 0.4088 0.3932 0.2431 0.4411 0.1657 0.1501
5320 0.4112 0.4100 0.2358 0.4146 0.1754 0.1742
5325 0.4140 0.4181 0.2457 0.4137 0.1683 0.1724
5330 0.4083 0.4313 0.2390 0.3993 0.1693 0.1923
5335 0.4121 0.4265 0.2512 0.4126 0.1610 0.1753
5340 0.4216 0.4350 0.2807 0.4242 0.1408 0.1542
5345 0.4143 0.4303 0.2740 0.4295 0.1402 0.1562
5350 0.4196 0.4240 0.2794 0.4358 0.1402 0.1446
5355 0.4327 0.4153 0.2742 0.4262 0.1585 0.1411
5360 0.4559 0.4239 0.2949 0.4152 0.1610 0.1289
5365 0.4562 0.4376 0.2843 0.3905 0.1719 0.1533
5370 0.4617 0.4487 0.2868 0.3765 0.1748 0.1619
5375 0.4644 0.4237 0.2756 0.3874 0.1888 0.1481
5380 0.4562 0.4112 0.2673 0.3999 0.1888 0.1439
5385 0.4371 0.4007 0.2608 0.4230 0.1763 0.1399
5390 0.4219 0.4207 0.2631 0.4205 0.1588 0.1576
5395 0.4277 0.4024 0.2663 0.4362 0.1614 0.1361
5400 0.4294 0.4030 0.2702 0.4379 0.1591 0.1328
5405 0.4179 0.4085 0.2683 0.4419 0.1497 0.1402
5410 0.4166 0.3948 0.2396 0.4283 0.1770 0.1552
5415 0.4166 0.4095 0.2413 0.4152 0.1753 0.1683
5420 0.4440 0.4111 0.2550 0.3999 0.1890 0.1561
5425 0.4356 0.4137 0.2594 0.4102 0.1762 0.1542
5430 0.4382 0.4088 0.2672 0.4202 0.1710 0.1416
5435 0.4383 0.4033 0.2687 0.4271 0.1696 0.1346
5440 0.4318 0.3853 0.2590 0.4419 0.1728 0.1264
5445 0.4301 0.3848 0.2556 0.4406 0.1745 0.1292
5450 0.4242 0.3943 0.2553 0.4368 0.1689 0.1390
5455 0.4123 0.3914 0.2489 0.4452 0.1634 0.1425
5460 0.4036 0.4153 0.2492 0.4303 0.1544 0.1661
5465 0.4198 0.4297 0.2661 0.4167 0.1536 0.1635
5470 0.4146 0.4313 0.2608 0.4149 0.1538 0.1706
5475 0.4066 0.4162 0.2573 0.4344 0.1494 0.1590
5480 0.4283 0.3999 0.2513 0.4231 0.1770 0.1486
5485 0.4108 0.3778 0.2309 0.4423 0.1799 0.1469
5490 0.4098 0.3644 0.2303 0.4560 0.1795 0.1341
5495 0.3943 0.3615 0.2169 0.4611 0.1774 0.1446
5500 0.4077 0.3600 0.2311 0.4633 0.1766 0.1289
5505 0.3867 0.3664 0.2289 0.4758 0.1578 0.1375
5510 0.3940 0.3848 0.2373 0.4585 0.1567 0.1475
5515 0.3899 0.3951 0.2283 0.4434 0.1616 0.1667
5520 0.4092 0.4141 0.2445 0.4211 0.1648 0.1696
5525 0.4248 0.4127 0.2375 0.3999 0.1873 0.1753
5530 0.4265 0.3935 0.2352 0.4152 0.1913 0.1584
5535 0.4246 0.3836 0.2330 0.4248 0.1916 0.1506
5540 0.4056 0.3717 0.2245 0.4472 0.1811 0.1472
5545 0.3736 0.3602 0.2047 0.4710 0.1689 0.1555
5550 0.3861 0.3600 0.2234 0.4774 0.1626 0.1366
5555 0.3859 0.3707 0.2215 0.4649 0.1645 0.1492
5560 0.3934 0.3809 0.2288 0.4545 0.1646 0.1521
5565 0.4152 0.3873 0.2474 0.4449 0.1678 0.1399
5570 0.4193 0.4033 0.2550 0.4324 0.1643 0.1483
5575 0.4053 0.4073 0.2385 0.4260 0.1667 0.1687
5580 0.4161 0.3948 0.2329 0.4220 0.1832 0.1619
5585 0.4001 0.3839 0.2158 0.4318 0.1843 0.1681
5590 0.4073 0.3926 0.2297 0.4298 0.1776 0.1629
5595 0.4170 0.3778 0.2231 0.4283 0.1939 0.1547
5600 0.4251 0.3574 0.2244 0.4419 0.2007 0.1331
5605 0.4339 0.3524 0.2333 0.4470 0.2006 0.1190
5610 0.4443 0.3595 0.2442 0.4403 0.2001 0.1154
5615 0.4191 0.3634 0.2402 0.4577 0.1789 0.1232
5620 0.4330 0.3792 0.2494 0.4371 0.1837 0.1299
5625 0.4362 0.3781 0.2509 0.4365 0.1853 0.1273
5630 0.4408 0.3891 0.2652 0.4353 0.1756 0.1239
5635 0.4170 0.3888 0.2504 0.4446 0.1666 0.1384
5640 0.4088 0.3847 0.2477 0.4542 0.1611 0.1370
5645 0.3903 0.3791 0.2292 0.4598 0.1611 0.1498
5650 0.4010 0.3899 0.2356 0.4447 0.1654 0.1542
5655 0.4291 0.4022 0.2492 0.4179 0.1799 0.1530
5660 0.4412 0.4123 0.2612 0.4077 0.1800 0.1510
5665 0.4350 0.4137 0.2658 0.4172 0.1692 0.1478
5670 0.4236 0.4002 0.2501 0.4263 0.1734 0.1501
5675 0.4260 0.4039 0.2600 0.4301 0.1660 0.1439
5680 0.4185 0.3992 0.2513 0.4336 0.1672 0.1478
5685 0.4159 0.3853 0.2327 0.4315 0.1832 0.1526
5690 0.4216 0.3983 0.2462 0.4263 0.1754 0.1521
5695 0.4405 0.3858 0.2457 0.4194 0.1948 0.1401
5700 0.4586 0.3868 0.2532 0.4077 0.2055 0.1337
5705 0.4659 0.3934 0.2457 0.3864 0.2202 0.1477
5710 0.4746 0.4257 0.2686 0.3682 0.2061 0.1571
5715 0.4787 0.4388 0.2782 0.3606 0.2006 0.1606
5720 0.4809 0.4388 0.2853 0.3656 0.1955 0.1535
5725 0.4845 0.4284 0.2789 0.3660 0.2056 0.1495
5730 0.4886 0.4141 0.2728 0.3701 0.2158 0.1413
5735 0.4964 0.4063 0.2686 0.3658 0.2279 0.1378
5740 0.4944 0.4086 0.2724 0.3693 0.2221 0.1363
5745 0.5027 0.3967 0.2660 0.3666 0.2367 0.1308
5750 0.4900 0.3736 0.2483 0.3847 0.2417 0.1253
5755 0.4699 0.3762 0.2431 0.3970 0.2268 0.1331
5760 0.4594 0.3725 0.2372 0.4053 0.2222 0.1353
5765 0.4443 0.3737 0.2324 0.4144 0.2119 0.1413
5770 0.4554 0.3783 0.2358 0.4021 0.2196 0.1425
5775 0.4716 0.3864 0.2323 0.3743 0.2393 0.1541
5780 0.4800 0.3928 0.2247 0.3519 0.2553 0.1681
5785 0.4716 0.3998 0.2347 0.3634 0.2369 0.1651
5790 0.4719 0.3945 0.2321 0.3658 0.2398 0.1623
5795 0.4653 0.4088 0.2379 0.3638 0.2274 0.1709
5800 0.4905 0.4204 0.2472 0.3364 0.2433 0.1731
5805 0.5022 0.4350 0.2759 0.3387 0.2263 0.1591
5810 0.4825 0.4350 0.2606 0.3431 0.2219 0.1744
5815 0.4600 0.4348 0.2617 0.3669 0.1983 0.1731
5820 0.4406 0.4260 0.2515 0.3848 0.1891 0.1745
5825 0.4315 0.4164 0.2452 0.3973 0.1863 0.1712
5830 0.4359 0.4108 0.2465 0.3998 0.1895 0.1643
5835 0.4429 0.4146 0.2474 0.3899 0.1955 0.1672
5840 0.4521 0.4199 0.2571 0.3852 0.1949 0.1628
5845 0.4612 0.4083 0.2637 0.3941 0.1975 0.1446
5850 0.4470 0.4146 0.2651 0.4034 0.1820 0.1495
5855 0.4350 0.3964 0.2355 0.4041 0.1995 0.1610
5860 0.4595 0.3914 0.2468 0.3958 0.2128 0.1446
5865 0.4591 0.3940 0.2361 0.3830 0.2230 0.1579
5870 0.4490 0.3931 0.2271 0.3850 0.2219 0.1660
5875 0.4451 0.4132 0.2411 0.3829 0.2039 0.1721
5880 0.4319 0.4062 0.2385 0.4004 0.1934 0.1677
5885 0.4458 0.4121 0.2483 0.3903 0.1975 0.1638
5890 0.4470 0.3958 0.2402 0.3973 0.2068 0.1556
5895 0.4321 0.4028 0.2286 0.3937 0.2035 0.1742
5900 0.4458 0.3847 0.2396 0.4091 0.2062 0.1451
5905 0.4451 0.4030 0.2401 0.3920 0.2050 0.1629
5910 0.4536 0.4164 0.2631 0.3931 0.1905 0.1533
5915 0.4446 0.4214 0.2606 0.3946 0.1840 0.1608
5920 0.4248 0.4127 0.2501 0.4126 0.1747 0.1626
5925 0.4249 0.3935 0.2385 0.4201 0.1864 0.1550
5930 0.4205 0.3724 0.2155 0.4226 0.2050 0.1568
5935 0.4222 0.3800 0.2187 0.4166 0.2035 0.1613
5940 0.4385 0.3774 0.2253 0.4094 0.2132 0.1521
5945 0.4155 0.3809 0.2097 0.4134 0.2058 0.1712
5950 0.4158 0.3760 0.2108 0.4190 0.2050 0.1652
5955 0.4173 0.3685 0.2116 0.4257 0.2058 0.1570
5960 0.3961 0.3580 0.1962 0.4420 0.2000 0.1619
5965 0.3952 0.3513 0.2000 0.4534 0.1952 0.1513
5970 0.3978 0.3519 0.1983 0.4486 0.1995 0.1536
5975 0.4143 0.3623 0.2096 0.4330 0.2047 0.1527
5980 0.4269 0.3658 0.2209 0.4281 0.2061 0.1449
5985 0.4379 0.3602 0.2329 0.4348 0.2050 0.1273
5990 0.4385 0.3656 0.2332 0.4291 0.2053 0.1324
5995 0.4393 0.3641 0.2306 0.4272 0.2087 0.1335
