0 0.2396 0.2524 0.0470 0.5550 0.1926 0.2054
5 0.2328 0.2688 0.0545 0.5529 0.1784 0.2143
10 0.2399 0.2609 0.0456 0.5447 0.1944 0.2154
15 0.2328 0.3019 0.0612 0.5265 0.1716 0.2407
20 0.2659 0.2834 0.0591 0.5098 0.2068 0.2243
25 0.3186 0.3069 0.0990 0.4735 0.2197 0.2079
30 0.3414 0.3158 0.1143 0.4571 0.2271 0.2015
35 0.3357 0.3208 0.1310 0.4745 0.2047 0.1897
40 0.3503 0.3581 0.1531 0.4446 0.1972 0.2051
45 0.3905 0.3642 0.1677 0.4130 0.2229 0.1965
50 0.4033 0.3813 0.1641 0.3795 0.2392 0.2172
55 0.4016 0.3478 0.1509 0.4016 0.2506 0.1969
60 0.4005 0.3670 0.1630 0.3955 0.2375 0.2040
65 0.4215 0.3621 0.1776 0.3941 0.2439 0.1844
70 0.4201 0.3606 0.1794 0.3987 0.2407 0.1812
75 0.3859 0.3556 0.1488 0.4073 0.2371 0.2068
80 0.3873 0.3450 0.1339 0.4016 0.2535 0.2111
85 0.4069 0.3539 0.1460 0.3852 0.2609 0.2079
90 0.4183 0.3482 0.1598 0.3934 0.2585 0.1883
95 0.4176 0.3564 0.1759 0.4019 0.2417 0.1805
100 0.3848 0.3870 0.1716 0.3998 0.2132 0.2154
105 0.3777 0.3560 0.1367 0.4030 0.2410 0.2193
110 0.3677 0.3375 0.1228 0.4176 0.2449 0.2147
115 0.3521 0.3286 0.1200 0.4393 0.2321 0.2086
120 0.3567 0.3289 0.1253 0.4397 0.2314 0.2036
125 0.3403 0.3343 0.1221 0.4475 0.2182 0.2122
130 0.3418 0.3350 0.1218 0.4450 0.2200 0.2132
135 0.3467 0.3414 0.1506 0.4624 0.1962 0.1908
140 0.3717 0.3596 0.1574 0.4261 0.2143 0.2022
145 0.4023 0.3571 0.1680 0.4087 0.2342 0.1890
150 0.4030 0.4033 0.1709 0.3645 0.2321 0.2325
155 0.4525 0.3784 0.1570 0.3261 0.2955 0.2214
160 0.4247 0.3920 0.1157 0.2990 0.3090 0.2763
165 0.4254 0.3838 0.1072 0.2980 0.3183 0.2766
170 0.3845 0.3617 0.0783 0.3321 0.3062 0.2834
175 0.3492 0.3702 0.0886 0.3692 0.2606 0.2816
180 0.3250 0.3393 0.0748 0.4105 0.2503 0.2645
185 0.3094 0.3880 0.0794 0.3820 0.2300 0.3087
190 0.3507 0.3731 0.0911 0.3674 0.2595 0.2820
195 0.3229 0.4208 0.0965 0.3528 0.2264 0.3243
200 0.3030 0.4169 0.1164 0.3966 0.1865 0.3005
205 0.3225 0.4233 0.1235 0.3777 0.1990 0.2998
210 0.3339 0.3898 0.1107 0.3870 0.2232 0.2791
215 0.3877 0.3635 0.1189 0.3677 0.2688 0.2446
220 0.4037 0.3304 0.0993 0.3653 0.3044 0.2310
225 0.3980 0.3528 0.1018 0.3510 0.2962 0.2510
230 0.3863 0.3912 0.1264 0.3489 0.2599 0.2649
235 0.3841 0.4400 0.1438 0.3197 0.2403 0.2962
240 0.3799 0.4567 0.1438 0.3072 0.2360 0.3129
245 0.3617 0.4838 0.1527 0.3072 0.2090 0.3311
250 0.3638 0.4642 0.1399 0.3119 0.2239 0.3243
255 0.3581 0.4258 0.1492 0.3653 0.2090 0.2766
260 0.3364 0.4069 0.1481 0.4048 0.1883 0.2588
265 0.3425 0.3645 0.1413 0.4343 0.2011 0.2232
270 0.3087 0.3499 0.1250 0.4664 0.1837 0.2250
275 0.3005 0.3375 0.1082 0.4703 0.1922 0.2293
280 0.2973 0.3592 0.1032 0.4468 0.1940 0.2560
285 0.2862 0.3343 0.0897 0.4692 0.1965 0.2446
290 0.2887 0.3695 0.1022 0.4439 0.1865 0.2674
295 0.2965 0.3503 0.0990 0.4521 0.1976 0.2513
300 0.3275 0.3670 0.1143 0.4197 0.2132 0.2528
305 0.3471 0.3813 0.1378 0.4094 0.2093 0.2435
310 0.3927 0.3653 0.1282 0.3702 0.2645 0.2371
315 0.4179 0.3802 0.1374 0.3393 0.2805 0.2428
320 0.4211 0.3877 0.1417 0.3329 0.2795 0.2460
325 0.3670 0.3788 0.1175 0.3717 0.2496 0.2613
330 0.3467 0.4169 0.1139 0.3503 0.2328 0.3030
335 0.3457 0.4176 0.1079 0.3446 0.2378 0.3097
340 0.3606 0.4240 0.1064 0.3218 0.2542 0.3176
345 0.3596 0.3944 0.0975 0.3435 0.2620 0.2969
350 0.3229 0.4012 0.0773 0.3532 0.2456 0.3240
355 0.3140 0.4058 0.0790 0.3592 0.2350 0.3268
360 0.2916 0.3731 0.0705 0.4058 0.2211 0.3026
365 0.3197 0.3660 0.0598 0.3742 0.2599 0.3062
370 0.3435 0.3934 0.0805 0.3435 0.2631 0.3129
375 0.3396 0.4236 0.0862 0.3229 0.2535 0.3375
380 0.3699 0.4439 0.0951 0.2812 0.2748 0.3489
385 0.3471 0.4283 0.0922 0.3168 0.2549 0.3361
390 0.3062 0.4422 0.0840 0.3357 0.2221 0.3581
395 0.3065 0.4699 0.0847 0.3083 0.2218 0.3852
400 0.3083 0.5037 0.0954 0.2834 0.2129 0.4083
405 0.3225 0.4731 0.0993 0.3037 0.2232 0.3738
410 0.3720 0.4382 0.1203 0.3101 0.2517 0.3179
415 0.3742 0.4087 0.1153 0.3325 0.2588 0.2933
420 0.3809 0.4101 0.1235 0.3325 0.2574 0.2866
425 0.3702 0.4033 0.1246 0.3510 0.2456 0.2787
430 0.3510 0.4055 0.1100 0.3535 0.2410 0.2955
435 0.3243 0.3841 0.0901 0.3816 0.2342 0.2941
440 0.3026 0.3745 0.0886 0.4115 0.2140 0.2859
445 0.3001 0.3606 0.0815 0.4208 0.2186 0.2791
450 0.3176 0.3432 0.0705 0.4098 0.2471 0.2727
455 0.3186 0.3350 0.0655 0.4119 0.2531 0.2695
460 0.3069 0.3674 0.0865 0.4122 0.2204 0.2809
465 0.2937 0.3528 0.0829 0.4365 0.2108 0.2698
470 0.2862 0.3460 0.0926 0.4603 0.1937 0.2535
475 0.2770 0.3610 0.0790 0.4411 0.1979 0.2820
480 0.2894 0.3653 0.0936 0.4389 0.1958 0.2716
485 0.3211 0.3848 0.0840 0.3781 0.2371 0.3008
490 0.3371 0.4023 0.0815 0.3421 0.2556 0.3208
495 0.3539 0.3756 0.0758 0.3464 0.2780 0.2998
500 0.3193 0.4176 0.1000 0.3631 0.2193 0.3176
505 0.3443 0.4211 0.1299 0.3645 0.2143 0.2912
510 0.3446 0.4664 0.1538 0.3428 0.1908 0.3126
515 0.3517 0.4685 0.1666 0.3464 0.1851 0.3019
520 0.3311 0.4749 0.1492 0.3432 0.1819 0.3257
525 0.3574 0.4628 0.1488 0.3286 0.2086 0.3140
530 0.3596 0.4300 0.1406 0.3510 0.2189 0.2894
535 0.3439 0.4151 0.1310 0.3720 0.2129 0.2841
540 0.3621 0.4283 0.1410 0.3507 0.2211 0.2873
545 0.3891 0.4407 0.1684 0.3386 0.2207 0.2723
550 0.4005 0.4543 0.1922 0.3375 0.2083 0.2620
555 0.3909 0.4457 0.1716 0.3350 0.2193 0.2741
560 0.4347 0.4411 0.1687 0.2930 0.2659 0.2723
565 0.4169 0.4454 0.1445 0.2823 0.2723 0.3008
570 0.4140 0.4528 0.1410 0.2741 0.2731 0.3119
575 0.4023 0.4058 0.1363 0.3282 0.2659 0.2695
580 0.3791 0.4215 0.1267 0.3261 0.2524 0.2948
585 0.3898 0.4322 0.1339 0.3119 0.2560 0.2983
590 0.3799 0.4532 0.1161 0.2830 0.2638 0.3371
595 0.4290 0.4518 0.1267 0.2460 0.3022 0.3250
600 0.4272 0.4678 0.1228 0.2278 0.3044 0.3450
605 0.4325 0.4525 0.1356 0.2506 0.2969 0.3168
610 0.4582 0.4557 0.1563 0.2424 0.3019 0.2994
615 0.4475 0.4389 0.1442 0.2577 0.3033 0.2948
620 0.4126 0.4450 0.1363 0.2787 0.2763 0.3087
625 0.3777 0.4393 0.0997 0.2827 0.2780 0.3396
630 0.3724 0.4101 0.1022 0.3197 0.2702 0.3079
635 0.3823 0.4105 0.1157 0.3229 0.2666 0.2948
640 0.4048 0.3845 0.1392 0.3499 0.2656 0.2453
645 0.4041 0.3289 0.1406 0.4076 0.2634 0.1883
650 0.4012 0.3638 0.1499 0.3848 0.2513 0.2140
655 0.3649 0.3713 0.1563 0.4201 0.2086 0.2150
660 0.3510 0.3912 0.1609 0.4187 0.1901 0.2303
665 0.3539 0.4375 0.1762 0.3848 0.1776 0.2613
670 0.3467 0.4471 0.1670 0.3731 0.1798 0.2802
675 0.3617 0.4439 0.1574 0.3517 0.2043 0.2866
680 0.3613 0.4500 0.1509 0.3396 0.2104 0.2990
685 0.3663 0.4308 0.1513 0.3542 0.2150 0.2795
690 0.3920 0.4279 0.1670 0.3471 0.2250 0.2609
695 0.4165 0.4229 0.1919 0.3524 0.2246 0.2310
700 0.4268 0.4151 0.2019 0.3599 0.2250 0.2132
705 0.4407 0.3813 0.1848 0.3628 0.2560 0.1965
710 0.4617 0.3937 0.1965 0.3410 0.2652 0.1972
715 0.4664 0.4069 0.1922 0.3190 0.2741 0.2147
720 0.4785 0.4005 0.1808 0.3019 0.2976 0.2197
725 0.4774 0.3880 0.1773 0.3119 0.3001 0.2108
730 0.4411 0.3912 0.1527 0.3204 0.2884 0.2385
735 0.4240 0.3877 0.1353 0.3236 0.2887 0.2524
740 0.4094 0.4187 0.1385 0.3104 0.2709 0.2802
745 0.3834 0.4525 0.1346 0.2987 0.2488 0.3179
750 0.3870 0.4411 0.1392 0.3111 0.2478 0.3019
755 0.3944 0.4090 0.1449 0.3414 0.2496 0.2642
760 0.3670 0.3752 0.1214 0.3791 0.2456 0.2538
765 0.3421 0.3482 0.0894 0.3991 0.2528 0.2588
770 0.3343 0.3304 0.0751 0.4105 0.2592 0.2553
775 0.3240 0.3624 0.0708 0.3845 0.2531 0.2916
780 0.3289 0.3752 0.0837 0.3795 0.2453 0.2916
785 0.3802 0.3749 0.1004 0.3453 0.2798 0.2745
790 0.3937 0.3777 0.1082 0.3368 0.2855 0.2695
795 0.4422 0.3549 0.1360 0.3389 0.3062 0.2189
800 0.4375 0.3596 0.1292 0.3321 0.3083 0.2303
805 0.4090 0.3759 0.1257 0.3407 0.2834 0.2503
810 0.3959 0.4016 0.1292 0.3318 0.2666 0.2723
815 0.3496 0.4140 0.1161 0.3524 0.2335 0.2980
820 0.3973 0.4001 0.1150 0.3176 0.2823 0.2852
825 0.4083 0.3909 0.1360 0.3368 0.2723 0.2549
830 0.4382 0.3912 0.1363 0.3069 0.3019 0.2549
835 0.4539 0.3799 0.1492 0.3154 0.3047 0.2307
840 0.4293 0.3756 0.1492 0.3443 0.2802 0.2264
845 0.4407 0.3834 0.1570 0.3329 0.2837 0.2264
850 0.4211 0.3574 0.1435 0.3649 0.2777 0.2140
855 0.4233 0.3410 0.1495 0.3852 0.2738 0.1915
860 0.3855 0.3681 0.1559 0.4023 0.2296 0.2122
865 0.3742 0.3795 0.1531 0.3994 0.2211 0.2264
870 0.3852 0.4215 0.1744 0.3677 0.2108 0.2471
875 0.3816 0.4204 0.1598 0.3578 0.2218 0.2606
880 0.3777 0.4329 0.1538 0.3432 0.2239 0.2791
885 0.3774 0.4365 0.1563 0.3425 0.2211 0.2802
890 0.3795 0.4713 0.1666 0.3158 0.2129 0.3047
895 0.3777 0.4564 0.1627 0.3286 0.2150 0.2937
900 0.3752 0.4176 0.1299 0.3371 0.2453 0.2876
905 0.3923 0.4069 0.1385 0.3393 0.2538 0.2684
910 0.3877 0.4194 0.1399 0.3329 0.2478 0.2795
915 0.4126 0.3845 0.1445 0.3475 0.2681 0.2399
920 0.4265 0.4211 0.1908 0.3432 0.2357 0.2303
925 0.4475 0.4258 0.2047 0.3314 0.2428 0.2211
930 0.4411 0.4090 0.1919 0.3418 0.2492 0.2172
935 0.4486 0.4009 0.1894 0.3400 0.2592 0.2115
940 0.4308 0.3745 0.1744 0.3692 0.2563 0.2001
945 0.4033 0.4048 0.1787 0.3706 0.2246 0.2261
950 0.4044 0.3870 0.1691 0.3777 0.2353 0.2179
955 0.3667 0.3920 0.1470 0.3884 0.2197 0.2449
960 0.3827 0.3816 0.1470 0.3827 0.2357 0.2346
965 0.4194 0.3485 0.1424 0.3745 0.2770 0.2061
970 0.4543 0.3446 0.1474 0.3485 0.3069 0.1972
975 0.4386 0.3475 0.1527 0.3667 0.2859 0.1947
980 0.4276 0.3699 0.1428 0.3453 0.2848 0.2271
985 0.4194 0.3475 0.1495 0.3827 0.2698 0.1979
990 0.4204 0.3528 0.1549 0.3816 0.2656 0.1979
995 0.4229 0.3578 0.1687 0.3880 0.2542 0.1890
