0 0.2396 0.2524 0.0470 0.5550 0.1926 0.2054
5 0.2328 0.2688 0.0545 0.5529 0.1784 0.2143
10 0.2399 0.2609 0.0456 0.5447 0.1944 0.2154
15 0.2328 0.3019 0.0612 0.5265 0.1716 0.2407
20 0.2659 0.2834 0.0591 0.5098 0.2068 0.2243
25 0.3186 0.3069 0.0990 0.4735 0.2197 0.2079
30 0.3414 0.3158 0.1143 0.4571 0.2271 0.2015
35 0.3357 0.3208 0.1310 0.4745 0.2047 0.1897
40 0.3503 0.3581 0.1531 0.4446 0.1972 0.2051
45 0.3905 0.3642 0.1677 0.4130 0.2229 0.1965
50 0.4033 0.3813 0.1641 0.3795 0.2392 0.2172
55 0.4016 0.3478 0.1509 0.4016 0.2506 0.1969
60 0.4005 0.3670 0.1630 0.3955 0.2375 0.2040
65 0.4215 0.3621 0.1776 0.3941 0.2439 0.1844
70 0.4201 0.3606 0.1794 0.3987 0.2407 0.1812
75 0.3859 0.3556 0.1488 0.4073 0.2371 0.2068
80 0.3873 0.3450 0.1339 0.4016 0.2535 0.2111
85 0.4069 0.3539 0.1460 0.3852 0.2609 0.2079
90 0.4183 0.3482 0.1598 0.3934 0.2585 0.1883
95 0.4176 0.3564 0.1759 0.4019 0.2417 0.1805
100 0.3848 0.3870 0.1716 0.3998 0.2132 0.2154
105 0.3777 0.3560 0.1367 0.4030 0.2410 0.2193
110 0.3677 0.3375 0.1228 0.4176 0.2449 0.2147
115 0.3521 0.3286 0.1200 0.4393 0.2321 0.2086
120 0.3567 0.3289 0.1253 0.4397 0.2314 0.2036
125 0.3403 0.3343 0.1221 0.4475 0.2182 0.2122
130 0.3418 0.3350 0.1218 0.4450 0.2200 0.2132
135 0.3467 0.3414 0.1506 0.4624 0.1962 0.1908
140 0.3717 0.3596 0.1574 0.4261 0.2143 0.2022
145 0.4023 0.3571 0.1680 0.4087 0.2342 0.1890
150 0.4030 0.4033 0.1709 0.3645 0.2321 0.2325
155 0.4525 0.3784 0.1570 0.3261 0.2955 0.2214
160 0.4247 0.3920 0.1157 0.2990 0.3090 0.2763
165 0.4254 0.3838 0.1072 0.2980 0.3183 0.2766
170 0.3845 0.3617 0.0783 0.3321 0.3062 0.2834
175 0.3492 0.3702 0.0886 0.3692 0.2606 0.2816
180 0.3250 0.3393 0.0748 0.4105 0.2503 0.2645
185 0.3094 0.3880 0.0794 0.3820 0.2300 0.3087
190 0.3507 0.3731 0.0911 0.3674 0.2595 0.2820
195 0.3229 0.4208 0.0965 0.3528 0.2264 0.3243
200 0.3030 0.4169 0.1164 0.3966 0.1865 0.3005
205 0.3225 0.4233 0.1235 0.3777 0.1990 0.2998
210 0.3339 0.3898 0.1107 0.3870 0.2232 0.2791
215 0.3877 0.3635 0.1189 0.3677 0.2688 0.2446
220 0.4037 0.3304 0.0993 0.3653 0.3044 0.2310
225 0.3980 0.3528 0.1018 0.3510 0.2962 0.2510
230 0.3863 0.3912 0.1264 0.3489 0.2599 0.2649
235 0.3841 0.4400 0.1438 0.3197 0.2403 0.2962
240 0.3799 0.4567 0.1438 0.3072 0.2360 0.3129
245 0.3617 0.4838 0.1527 0.3072 0.2090 0.3311
250 0.3638 0.4642 0.1399 0.3119 0.2239 0.3243
255 0.3581 0.4258 0.1492 0.3653 0.2090 0.2766
260 0.3364 0.4069 0.1481 0.4048 0.1883 0.2588
265 0.3425 0.3645 0.1413 0.4343 0.2011 0.2232
270 0.3087 0.3499 0.1250 0.4664 0.1837 0.2250
275 0.3005 0.3375 0.1082 0.4703 0.1922 0.2293
280 0.2973 0.3592 0.1032 0.4468 0.1940 0.2560
285 0.2862 0.3343 0.0897 0.4692 0.1965 0.2446
290 0.2887 0.3695 0.1022 0.4439 0.1865 0.2674
295 0.2965 0.3503 0.0990 0.4521 0.1976 0.2513
300 0.3275 0.3670 0.1143 0.4197 0.2132 0.2528
305 0.3471 0.3813 0.1378 0.4094 0.2093 0.2435
310 0.3927 0.3653 0.1282 0.3702 0.2645 0.2371
315 0.4179 0.3802 0.1374 0.3393 0.2805 0.2428
320 0.4211 0.3877 0.1417 0.3329 0.2795 0.2460
325 0.3670 0.3788 0.1175 0.3717 0.2496 0.2613
330 0.3467 0.4169 0.1139 0.3503 0.2328 0.3030
335 0.3457 0.4176 0.1079 0.3446 0.2378 0.3097
340 0.3606 0.4240 0.1064 0.3218 0.2542 0.3176
345 0.3596 0.3944 0.0975 0.3435 0.2620 0.2969
350 0.3229 0.4012 0.0773 0.3532 0.2456 0.3240
355 0.3140 0.4058 0.0790 0.3592 0.2350 0.3268
360 0.2916 0.3731 0.0705 0.4058 0.2211 0.3026
365 0.3197 0.3660 0.0598 0.3742 0.2599 0.3062
370 0.3435 0.3934 0.0805 0.3435 0.2631 0.3129
375 0.3396 0.4236 0.0862 0.3229 0.2535 0.3375
380 0.3699 0.4439 0.0951 0.2812 0.2748 0.3489
385 0.3471 0.4283 0.0922 0.3168 0.2549 0.3361
390 0.3062 0.4422 0.0840 0.3357 0.2221 0.3581
395 0.3065 0.4699 0.0847 0.3083 0.2218 0.3852
400 0.3083 0.5037 0.0954 0.2834 0.2129 0.4083
405 0.3225 0.4731 0.0993 0.3037 0.2232 0.3738
410 0.3720 0.4382 0.1203 0.3101 0.2517 0.3179
415 0.3742 0.4087 0.1153 0.3325 0.2588 0.2933
420 0.3809 0.4101 0.1235 0.3325 0.2574 0.2866
425 0.3702 0.4033 0.1246 0.3510 0.2456 0.2787
430 0.3510 0.4055 0.1100 0.3535 0.2410 0.2955
435 0.3243 0.3841 0.0901 0.3816 0.2342 0.2941
440 0.3026 0.3745 0.0886 0.4115 0.2140 0.2859
445 0.3001 0.3606 0.0815 0.4208 0.2186 0.2791
450 0.3176 0.3432 0.0705 0.4098 0.2471 0.2727
455 0.3186 0.3350 0.0655 0.4119 0.2531 0.2695
460 0.3069 0.3674 0.0865 0.4122 0.2204 0.2809
465 0.2937 0.3528 0.0829 0.4365 0.2108 0.2698
470 0.2862 0.3460 0.0926 0.4603 0.1937 0.2535
475 0.2770 0.3610 0.0790 0.4411 0.1979 0.2820
480 0.2894 0.3653 0.0936 0.4389 0.1958 0.2716
485 0.3211 0.3848 0.0840 0.3781 0.2371 0.3008
490 0.3371 0.4023 0.0815 0.3421 0.2556 0.3208
495 0.3539 0.3756 0.0758 0.3464 0.2780 0.2998
500 0.3193 0.4176 0.1000 0.3631 0.2193 0.3176
505 0.3443 0.4211 0.1299 0.3645 0.2143 0.2912
510 0.3446 0.4664 0.1538 0.3428 0.1908 0.3126
515 0.3517 0.4685 0.1666 0.3464 0.1851 0.3019
520 0.3311 0.4749 0.1492 0.3432 0.1819 0.3257
525 0.3574 0.4628 0.1488 0.3286 0.2086 0.3140
530 0.3596 0.4300 0.1406 0.3510 0.2189 0.2894
535 0.3439 0.4151 0.1310 0.3720 0.2129 0.2841
540 0.3621 0.4283 0.1410 0.3507 0.2211 0.2873
545 0.3891 0.4407 0.1684 0.3386 0.2207 0.2723
550 0.4005 0.4543 0.1922 0.3375 0.2083 0.2620
555 0.3909 0.4457 0.1716 0.3350 0.2193 0.2741
560 0.4347 0.4411 0.1687 0.2930 0.2659 0.2723
565 0.4169 0.4454 0.1445 0.2823 0.2723 0.3008
570 0.4140 0.4528 0.1410 0.2741 0.2731 0.3119
575 0.4023 0.4058 0.1363 0.3282 0.2659 0.2695
580 0.3791 0.4215 0.1267 0.3261 0.2524 0.2948
585 0.3898 0.4322 0.1339 0.3119 0.2560 0.2983
590 0.3799 0.4532 0.1161 0.2830 0.2638 0.3371
595 0.4290 0.4518 0.1267 0.2460 0.3022 0.3250
600 0.4272 0.4678 0.1228 0.2278 0.3044 0.3450
605 0.4325 0.4525 0.1356 0.2506 0.2969 0.3168
610 0.4582 0.4557 0.1563 0.2424 0.3019 0.2994
615 0.4475 0.4389 0.1442 0.2577 0.3033 0.2948
620 0.4126 0.4450 0.1363 0.2787 0.2763 0.3087
625 0.3777 0.4393 0.0997 0.2827 0.2780 0.3396
630 0.3724 0.4101 0.1022 0.3197 0.2702 0.3079
635 0.3823 0.4105 0.1157 0.3229 0.2666 0.2948
640 0.4048 0.3845 0.1392 0.3499 0.2656 0.2453
645 0.4041 0.3289 0.1406 0.4076 0.2634 0.1883
650 0.4012 0.3638 0.1499 0.3848 0.2513 0.2140
655 0.3649 0.3713 0.1563 0.4201 0.2086 0.2150
660 0.3510 0.3912 0.1609 0.4187 0.1901 0.2303
665 0.3539 0.4375 0.1762 0.3848 0.1776 0.2613
670 0.3467 0.4471 0.1670 0.3731 0.1798 0.2802
675 0.3617 0.4439 0.1574 0.3517 0.2043 0.2866
680 0.3613 0.4500 0.1509 0.3396 0.2104 0.2990
685 0.3663 0.4308 0.1513 0.3542 0.2150 0.2795
690 0.3920 0.4279 0.1670 0.3471 0.2250 0.2609
695 0.4165 0.4229 0.1919 0.3524 0.2246 0.2310
700 0.4268 0.4151 0.2019 0.3599 0.2250 0.2132
705 0.4407 0.3813 0.1848 0.3628 0.2560 0.1965
710 0.4617 0.3937 0.1965 0.3410 0.2652 0.1972
715 0.4664 0.4069 0.1922 0.3190 0.2741 0.2147
720 0.4785 0.4005 0.1808 0.3019 0.2976 0.2197
725 0.4774 0.3880 0.1773 0.3119 0.3001 0.2108
730 0.4411 0.3912 0.1527 0.3204 0.2884 0.2385
735 0.4240 0.3877 0.1353 0.3236 0.2887 0.2524
740 0.4094 0.4187 0.1385 0.3104 0.2709 0.2802
745 0.3834 0.4525 0.1346 0.2987 0.2488 0.3179
750 0.3870 0.4411 0.1392 0.3111 0.2478 0.3019
755 0.3944 0.4090 0.1449 0.3414 0.2496 0.2642
760 0.3670 0.3752 0.1214 0.3791 0.2456 0.2538
765 0.3421 0.3482 0.0894 0.3991 0.2528 0.2588
770 0.3343 0.3304 0.0751 0.4105 0.2592 0.2553
775 0.3240 0.3624 0.0708 0.3845 0.2531 0.2916
780 0.3289 0.3752 0.0837 0.3795 0.2453 0.2916
785 0.3802 0.3749 0.1004 0.3453 0.2798 0.2745
790 0.3937 0.3777 0.1082 0.3368 0.2855 0.2695
795 0.4422 0.3549 0.1360 0.3389 0.3062 0.2189
800 0.4375 0.3596 0.1292 0.3321 0.3083 0.2303
805 0.4090 0.3759 0.1257 0.3407 0.2834 0.2503
810 0.3959 0.4016 0.1292 0.3318 0.2666 0.2723
815 0.3496 0.4140 0.1161 0.3524 0.2335 0.2980
820 0.3973 0.4001 0.1150 0.3176 0.2823 0.2852
825 0.4083 0.3909 0.1360 0.3368 0.2723 0.2549
830 0.4382 0.3912 0.1363 0.3069 0.3019 0.2549
835 0.4539 0.3799 0.1492 0.3154 0.3047 0.2307
840 0.4293 0.3756 0.1492 0.3443 0.2802 0.2264
845 0.4407 0.3834 0.1570 0.3329 0.2837 0.2264
850 0.4211 0.3574 0.1435 0.3649 0.2777 0.2140
855 0.4233 0.3410 0.1495 0.3852 0.2738 0.1915
860 0.3855 0.3681 0.1559 0.4023 0.2296 0.2122
865 0.3742 0.3795 0.1531 0.3994 0.2211 0.2264
870 0.3852 0.4215 0.1744 0.3677 0.2108 0.2471
875 0.3816 0.4204 0.1598 0.3578 0.2218 0.2606
880 0.3777 0.4329 0.1538 0.3432 0.2239 0.2791
885 0.3774 0.4365 0.1563 0.3425 0.2211 0.2802
890 0.3795 0.4713 0.1666 0.3158 0.2129 0.3047
895 0.3777 0.4564 0.1627 0.3286 0.2150 0.2937
900 0.3752 0.4176 0.1299 0.3371 0.2453 0.2876
905 0.3923 0.4069 0.1385 0.3393 0.2538 0.2684
910 0.3877 0.4194 0.1399 0.3329 0.2478 0.2795
915 0.4126 0.3845 0.1445 0.3475 0.2681 0.2399
920 0.4265 0.4211 0.1908 0.3432 0.2357 0.2303
925 0.4475 0.4258 0.2047 0.3314 0.2428 0.2211
930 0.4411 0.4090 0.1919 0.3418 0.2492 0.2172
935 0.4486 0.4009 0.1894 0.3400 0.2592 0.2115
940 0.4308 0.3745 0.1744 0.3692 0.2563 0.2001
945 0.4033 0.4048 0.1787 0.3706 0.2246 0.2261
950 0.4044 0.3870 0.1691 0.3777 0.2353 0.2179
955 0.3667 0.3920 0.1470 0.3884 0.2197 0.2449
960 0.3827 0.3816 0.1470 0.3827 0.2357 0.2346
965 0.4194 0.3485 0.1424 0.3745 0.2770 0.2061
970 0.4543 0.3446 0.1474 0.3485 0.3069 0.1972
975 0.4386 0.3475 0.1527 0.3667 0.2859 0.1947
980 0.4276 0.3699 0.1428 0.3453 0.2848 0.2271
985 0.4194 0.3475 0.1495 0.3827 0.2698 0.1979
990 0.4204 0.3528 0.1549 0.3816 0.2656 0.1979
995 0.4229 0.3578 0.1687 0.3880 0.2542 0.1890
1000 0.3784 0.3382 0.1292 0.4126 0.2492 0.2090
1005 0.3813 0.3247 0.1225 0.4165 0.2588 0.2022
1010 0.3880 0.3257 0.1360 0.4222 0.2520 0.1897
1015 0.3898 0.3261 0.1435 0.4276 0.2464 0.1826
1020 0.3806 0.3435 0.1410 0.4169 0.2396 0.2026
1025 0.3852 0.3624 0.1552 0.4076 0.2300 0.2072
1030 0.3902 0.3596 0.1577 0.4080 0.2325 0.2019
1035 0.3880 0.3435 0.1449 0.4133 0.2431 0.1986
1040 0.3866 0.3410 0.1467 0.4190 0.2399 0.1944
1045 0.4041 0.3293 0.1534 0.4201 0.2506 0.1759
1050 0.4165 0.3286 0.1541 0.4090 0.2624 0.1744
1055 0.4201 0.3375 0.1506 0.3930 0.2695 0.1869
1060 0.3977 0.3663 0.1545 0.3905 0.2431 0.2118
1065 0.3784 0.4023 0.1541 0.3734 0.2243 0.2481
1070 0.3834 0.4211 0.1513 0.3467 0.2321 0.2698
1075 0.3628 0.4276 0.1303 0.3400 0.2325 0.2973
1080 0.3588 0.3763 0.1107 0.3756 0.2481 0.2656
1085 0.3706 0.3403 0.1040 0.3930 0.2666 0.2364
1090 0.3653 0.3126 0.0904 0.4126 0.2748 0.2221
1095 0.3934 0.3243 0.0975 0.3799 0.2958 0.2268
1100 0.4144 0.3218 0.1089 0.3727 0.3054 0.2129
1105 0.4137 0.3535 0.1104 0.3432 0.3033 0.2431
1110 0.4119 0.3496 0.1168 0.3553 0.2951 0.2328
1115 0.3980 0.3727 0.1193 0.3485 0.2787 0.2535
1120 0.3692 0.3443 0.1104 0.3969 0.2588 0.2339
1125 0.3592 0.3414 0.1040 0.4033 0.2553 0.2375
1130 0.3802 0.3521 0.1146 0.3823 0.2656 0.2375
1135 0.4204 0.3766 0.1310 0.3339 0.2894 0.2456
1140 0.4276 0.3717 0.1481 0.3489 0.2795 0.2236
1145 0.4461 0.3941 0.1470 0.3069 0.2990 0.2471
1150 0.4244 0.3987 0.1378 0.3147 0.2866 0.2609
1155 0.4137 0.4389 0.1463 0.2937 0.2674 0.2926
1160 0.3702 0.4012 0.1267 0.3553 0.2435 0.2745
1165 0.3325 0.3852 0.1114 0.3937 0.2211 0.2738
1170 0.3471 0.3581 0.1150 0.4098 0.2321 0.2431
1175 0.3332 0.3268 0.0947 0.4347 0.2385 0.2321
1180 0.3578 0.3443 0.1175 0.4155 0.2403 0.2268
1185 0.3357 0.3336 0.1235 0.4543 0.2122 0.2100
1190 0.3393 0.3653 0.1339 0.4293 0.2054 0.2314
1195 0.3329 0.3524 0.1353 0.4500 0.1976 0.2172
1200 0.3375 0.3564 0.1388 0.4450 0.1986 0.2175
1205 0.3713 0.3674 0.1449 0.4062 0.2264 0.2225
1210 0.3809 0.3699 0.1360 0.3852 0.2449 0.2339
1215 0.3955 0.3795 0.1467 0.3717 0.2488 0.2328
1220 0.3937 0.3667 0.1424 0.3820 0.2513 0.2243
1225 0.3788 0.3937 0.1413 0.3688 0.2375 0.2524
1230 0.3745 0.3948 0.1424 0.3731 0.2321 0.2524
1235 0.3702 0.3756 0.1356 0.3898 0.2346 0.2399
1240 0.3806 0.3674 0.1435 0.3955 0.2371 0.2239
1245 0.3831 0.3855 0.1445 0.3759 0.2385 0.2410
1250 0.3642 0.3774 0.1488 0.4073 0.2154 0.2286
1255 0.3692 0.3624 0.1271 0.3955 0.2421 0.2353
1260 0.3745 0.3727 0.1200 0.3727 0.2545 0.2528
1265 0.3991 0.3791 0.1299 0.3517 0.2691 0.2492
1270 0.3998 0.3809 0.1278 0.3471 0.2720 0.2531
1275 0.4176 0.3895 0.1477 0.3407 0.2698 0.2417
1280 0.4151 0.3685 0.1114 0.3279 0.3037 0.2570
1285 0.4244 0.3496 0.0911 0.3172 0.3332 0.2585
1290 0.4343 0.3521 0.0972 0.3108 0.3371 0.2549
1295 0.4407 0.3485 0.1121 0.3229 0.3286 0.2364
1300 0.4535 0.3311 0.0968 0.3122 0.3567 0.2342
1305 0.4621 0.3197 0.0968 0.3151 0.3653 0.2229
1310 0.4361 0.3143 0.1007 0.3503 0.3354 0.2136
1315 0.4062 0.3083 0.0915 0.3770 0.3147 0.2168
1320 0.4066 0.2958 0.0865 0.3841 0.3200 0.2093
1325 0.4119 0.3044 0.0943 0.3781 0.3176 0.2100
1330 0.4251 0.2876 0.0936 0.3809 0.3314 0.1940
1335 0.4005 0.3026 0.0933 0.3902 0.3072 0.2093
1340 0.4033 0.3820 0.1114 0.3261 0.2919 0.2706
1345 0.3920 0.3870 0.1125 0.3336 0.2795 0.2745
1350 0.4019 0.3912 0.1235 0.3304 0.2784 0.2677
1355 0.3731 0.3788 0.1018 0.3499 0.2713 0.2770
1360 0.3784 0.3336 0.0947 0.3827 0.2837 0.2389
1365 0.3588 0.3204 0.0915 0.4122 0.2674 0.2289
1370 0.3510 0.3147 0.0886 0.4229 0.2624 0.2261
1375 0.3638 0.3410 0.1096 0.4048 0.2542 0.2314
1380 0.3806 0.3596 0.1232 0.3831 0.2574 0.2364
1385 0.4179 0.3788 0.1381 0.3414 0.2798 0.2407
1390 0.4197 0.4169 0.1598 0.3232 0.2599 0.2570
1395 0.4240 0.4343 0.1719 0.3136 0.2520 0.2624
1400 0.3905 0.4557 0.1527 0.3065 0.2378 0.3030
1405 0.3962 0.4176 0.1292 0.3154 0.2670 0.2884
1410 0.4009 0.4112 0.1274 0.3154 0.2734 0.2837
1415 0.4251 0.4051 0.1363 0.3062 0.2887 0.2688
1420 0.4276 0.4051 0.1452 0.3126 0.2823 0.2599
1425 0.4503 0.3880 0.1485 0.3101 0.3019 0.2396
1430 0.4382 0.3710 0.1438 0.3346 0.2944 0.2271
1435 0.4422 0.3962 0.1655 0.3272 0.2766 0.2307
1440 0.4169 0.4108 0.1274 0.2998 0.2894 0.2834
1445 0.4158 0.4283 0.1285 0.2844 0.2873 0.2998
1450 0.4251 0.4165 0.1271 0.2855 0.2980 0.2894
1455 0.4172 0.4272 0.1349 0.2905 0.2823 0.2923
1460 0.4076 0.4058 0.1278 0.3143 0.2798 0.2780
1465 0.4354 0.4179 0.1396 0.2862 0.2958 0.2784
1470 0.4461 0.4037 0.1431 0.2933 0.3030 0.2606
1475 0.4596 0.4211 0.1545 0.2738 0.3051 0.2666
1480 0.4767 0.4258 0.1534 0.2510 0.3232 0.2723
1485 0.4667 0.4407 0.1755 0.2681 0.2912 0.2652
1490 0.4617 0.4094 0.1808 0.3097 0.2809 0.2286
1495 0.4535 0.3920 0.1969 0.3514 0.2567 0.1951
1500 0.4557 0.3934 0.2008 0.3517 0.2549 0.1926
1505 0.4770 0.4158 0.1755 0.2827 0.3015 0.2403
1510 0.4596 0.4222 0.1808 0.2990 0.2787 0.2414
1515 0.4343 0.4183 0.1591 0.3065 0.2752 0.2592
1520 0.4372 0.4204 0.1812 0.3236 0.2560 0.2392
1525 0.4333 0.4315 0.1606 0.2958 0.2727 0.2709
1530 0.4414 0.4567 0.1858 0.2876 0.2556 0.2709
1535 0.4251 0.4507 0.1648 0.2891 0.2602 0.2859
1540 0.3873 0.4614 0.1627 0.3140 0.2246 0.2987
1545 0.3923 0.4261 0.1598 0.3414 0.2325 0.2663
1550 0.3781 0.4101 0.1392 0.3510 0.2389 0.2709
1555 0.3873 0.3702 0.1264 0.3688 0.2609 0.2439
1560 0.3948 0.3378 0.1335 0.4009 0.2613 0.2043
1565 0.4101 0.3364 0.1303 0.3838 0.2798 0.2061
1570 0.3959 0.3478 0.1403 0.3966 0.2556 0.2075
1575 0.4090 0.3596 0.1413 0.3727 0.2677 0.2182
1580 0.3774 0.3944 0.1349 0.3631 0.2424 0.2595
1585 0.3920 0.4090 0.1335 0.3325 0.2585 0.2755
1590 0.3930 0.4098 0.1289 0.3261 0.2642 0.2809
1595 0.4201 0.3944 0.1143 0.2998 0.3058 0.2802
1600 0.4350 0.3984 0.1168 0.2834 0.3183 0.2816
1605 0.4560 0.3902 0.1072 0.2609 0.3489 0.2830
1610 0.4610 0.4194 0.1356 0.2553 0.3254 0.2837
1615 0.4628 0.4300 0.1438 0.2510 0.3190 0.2862
1620 0.4838 0.4058 0.1460 0.2563 0.3378 0.2599
1625 0.4550 0.3727 0.1189 0.2912 0.3361 0.2538
1630 0.4674 0.3745 0.1271 0.2852 0.3403 0.2474
1635 0.4674 0.3752 0.1388 0.2962 0.3286 0.2364
1640 0.5091 0.3791 0.1595 0.2713 0.3496 0.2197
1645 0.5219 0.3788 0.1477 0.2471 0.3742 0.2310
1650 0.5130 0.3866 0.1499 0.2503 0.3631 0.2367
1655 0.5251 0.4172 0.1499 0.2075 0.3752 0.2674
1660 0.4977 0.4578 0.1559 0.2004 0.3418 0.3019
1665 0.4710 0.4646 0.1438 0.2083 0.3272 0.3208
1670 0.4756 0.4471 0.1356 0.2129 0.3400 0.3115
1675 0.4649 0.4407 0.1267 0.2211 0.3382 0.3140
1680 0.4624 0.4642 0.1371 0.2104 0.3254 0.3272
1685 0.4422 0.4713 0.1349 0.2214 0.3072 0.3364
1690 0.4293 0.4756 0.1339 0.2289 0.2955 0.3418
1695 0.4532 0.4824 0.1684 0.2328 0.2848 0.3140
1700 0.4486 0.4550 0.1638 0.2602 0.2848 0.2912
1705 0.4685 0.4397 0.1712 0.2631 0.2973 0.2684
1710 0.4600 0.4486 0.1616 0.2531 0.2983 0.2869
1715 0.4585 0.4507 0.1716 0.2624 0.2869 0.2791
1720 0.4674 0.4553 0.1844 0.2617 0.2830 0.2709
1725 0.4795 0.4664 0.1851 0.2392 0.2944 0.2812
1730 0.4778 0.4703 0.1837 0.2357 0.2941 0.2866
1735 0.4852 0.4639 0.1609 0.2118 0.3243 0.3030
1740 0.4745 0.4589 0.1805 0.2471 0.2941 0.2784
1745 0.4511 0.4496 0.1691 0.2684 0.2820 0.2805
1750 0.4276 0.4678 0.1823 0.2869 0.2453 0.2855
1755 0.4276 0.4628 0.1727 0.2823 0.2549 0.2901
1760 0.4347 0.4614 0.1591 0.2631 0.2755 0.3022
1765 0.4147 0.4635 0.1477 0.2695 0.2670 0.3158
1770 0.4033 0.4436 0.1428 0.2958 0.2606 0.3008
1775 0.4062 0.4600 0.1424 0.2763 0.2638 0.3176
1780 0.3973 0.4457 0.1310 0.2880 0.2663 0.3147
1785 0.3870 0.4382 0.1221 0.2969 0.2649 0.3161
1790 0.3720 0.4101 0.1082 0.3261 0.2638 0.3019
1795 0.3799 0.3994 0.1114 0.3321 0.2684 0.2880
1800 0.4211 0.3642 0.1235 0.3382 0.2976 0.2407
1805 0.4418 0.3717 0.1403 0.3268 0.3015 0.2314
1810 0.4475 0.3774 0.1460 0.3211 0.3015 0.2314
1815 0.4770 0.4311 0.1819 0.2738 0.2951 0.2492
1820 0.4685 0.4439 0.1812 0.2688 0.2873 0.2627
1825 0.4564 0.4656 0.1823 0.2602 0.2741 0.2834
1830 0.4507 0.4436 0.1595 0.2652 0.2912 0.2841
1835 0.4414 0.4368 0.1545 0.2763 0.2869 0.2823
1840 0.4258 0.4012 0.1388 0.3119 0.2869 0.2624
1845 0.4179 0.3681 0.1121 0.3261 0.3058 0.2560
1850 0.3866 0.2898 0.1007 0.4244 0.2859 0.1890
1855 0.3820 0.2848 0.0926 0.4258 0.2894 0.1922
1860 0.4098 0.2955 0.1250 0.4197 0.2848 0.1705
1865 0.4322 0.3183 0.1388 0.3884 0.2933 0.1794
1870 0.4414 0.4001 0.1623 0.3208 0.2791 0.2378
1875 0.4589 0.4194 0.1823 0.3040 0.2766 0.2371
1880 0.4571 0.4318 0.1801 0.2912 0.2770 0.2517
1885 0.4315 0.4108 0.1684 0.3261 0.2631 0.2424
1890 0.4197 0.4005 0.1524 0.3321 0.2674 0.2481
1895 0.4496 0.3877 0.1574 0.3200 0.2923 0.2303
1900 0.4703 0.3834 0.1638 0.3101 0.3065 0.2197
1905 0.4749 0.4101 0.1684 0.2834 0.3065 0.2417
1910 0.4560 0.4311 0.1791 0.2919 0.2770 0.2520
1915 0.4400 0.4219 0.1748 0.3129 0.2652 0.2471
1920 0.4468 0.3980 0.1659 0.3211 0.2809 0.2321
1925 0.4226 0.3848 0.1431 0.3357 0.2795 0.2417
1930 0.4044 0.3898 0.1296 0.3354 0.2748 0.2602
1935 0.4357 0.3713 0.1385 0.3314 0.2973 0.2328
1940 0.4486 0.3660 0.1399 0.3254 0.3087 0.2261
1945 0.4486 0.3702 0.1360 0.3172 0.3126 0.2342
1950 0.4461 0.3734 0.1356 0.3161 0.3104 0.2378
1955 0.4247 0.3777 0.1253 0.3229 0.2994 0.2524
1960 0.3766 0.3866 0.1175 0.3542 0.2592 0.2691
1965 0.3297 0.4066 0.1018 0.3656 0.2278 0.3047
1970 0.3272 0.4048 0.1079 0.3759 0.2193 0.2969
1975 0.3446 0.4211 0.1221 0.3564 0.2225 0.2990
1980 0.3560 0.4009 0.1545 0.3977 0.2015 0.2464
1985 0.3428 0.3991 0.1485 0.4066 0.1944 0.2506
1990 0.3386 0.4062 0.1470 0.4023 0.1915 0.2592
1995 0.3378 0.4076 0.1506 0.4051 0.1873 0.2570
2000 0.3962 0.4058 0.1517 0.3496 0.2446 0.2542
2005 0.4001 0.4076 0.1470 0.3393 0.2531 0.2606
2010 0.4048 0.4069 0.1438 0.3321 0.2609 0.2631
2015 0.4090 0.3916 0.1467 0.3460 0.2624 0.2449
2020 0.4240 0.3549 0.1470 0.3681 0.2770 0.2079
2025 0.4368 0.3685 0.1527 0.3475 0.2841 0.2157
2030 0.4393 0.3852 0.1727 0.3482 0.2666 0.2125
2035 0.4112 0.4179 0.1723 0.3432 0.2389 0.2456
2040 0.4297 0.4386 0.1545 0.2862 0.2752 0.2841
2045 0.3845 0.4521 0.1534 0.3168 0.2310 0.2987
2050 0.3823 0.4660 0.1506 0.3022 0.2318 0.3154
2055 0.3823 0.4685 0.1705 0.3197 0.2118 0.2980
2060 0.3660 0.4742 0.1645 0.3243 0.2015 0.3097
2065 0.3663 0.4745 0.1687 0.3279 0.1976 0.3058
2070 0.3475 0.4824 0.1488 0.3190 0.1986 0.3336
2075 0.3606 0.4859 0.1581 0.3115 0.2026 0.3279
2080 0.3311 0.4849 0.1520 0.3361 0.1791 0.3329
2085 0.3218 0.4767 0.1367 0.3382 0.1851 0.3400
2090 0.3250 0.4632 0.1324 0.3443 0.1926 0.3307
2095 0.3870 0.4767 0.1502 0.2866 0.2367 0.3265
2100 0.4101 0.4906 0.1719 0.2713 0.2382 0.3186
2105 0.4165 0.4863 0.1780 0.2752 0.2385 0.3083
2110 0.4407 0.4838 0.1883 0.2638 0.2524 0.2955
2115 0.4375 0.4685 0.2075 0.3015 0.2300 0.2609
2120 0.4642 0.4745 0.2335 0.2948 0.2307 0.2410
2125 0.4532 0.4414 0.2193 0.3247 0.2339 0.2221
2130 0.4372 0.4101 0.1954 0.3482 0.2417 0.2147
2135 0.4354 0.3905 0.1744 0.3485 0.2609 0.2161
2140 0.4276 0.4009 0.1773 0.3489 0.2503 0.2236
2145 0.4226 0.3923 0.1687 0.3539 0.2538 0.2236
2150 0.4311 0.4048 0.1784 0.3425 0.2528 0.2264
2155 0.4261 0.4048 0.1759 0.3450 0.2503 0.2289
2160 0.4144 0.4048 0.1737 0.3546 0.2407 0.2310
2165 0.4340 0.4005 0.1798 0.3453 0.2542 0.2207
2170 0.4389 0.4037 0.1848 0.3421 0.2542 0.2189
2175 0.4311 0.4030 0.1926 0.3585 0.2385 0.2104
2180 0.4354 0.4258 0.1990 0.3378 0.2364 0.2268
2185 0.4496 0.4276 0.2147 0.3375 0.2350 0.2129
2190 0.4347 0.4361 0.1990 0.3282 0.2357 0.2371
2195 0.4162 0.4350 0.1858 0.3346 0.2303 0.2492
2200 0.4037 0.4489 0.1698 0.3172 0.2339 0.2791
2205 0.4137 0.4592 0.1823 0.3094 0.2314 0.2770
2210 0.4187 0.4656 0.1830 0.2987 0.2357 0.2827
2215 0.4293 0.4564 0.1901 0.3044 0.2392 0.2663
2220 0.4169 0.4368 0.1844 0.3307 0.2325 0.2524
2225 0.4187 0.3845 0.1356 0.3325 0.2830 0.2488
2230 0.3863 0.3766 0.1168 0.3539 0.2695 0.2599
2235 0.3567 0.3859 0.1214 0.3788 0.2353 0.2645
2240 0.3777 0.4087 0.1474 0.3610 0.2303 0.2613
2245 0.3628 0.4219 0.1499 0.3653 0.2129 0.2720
2250 0.4179 0.4425 0.1687 0.3083 0.2492 0.2738
2255 0.4354 0.4318 0.1905 0.3232 0.2449 0.2414
2260 0.4532 0.4283 0.1976 0.3161 0.2556 0.2307
2265 0.4454 0.4033 0.1791 0.3304 0.2663 0.2243
2270 0.4365 0.4343 0.2108 0.3400 0.2257 0.2236
2275 0.4169 0.4365 0.2065 0.3532 0.2104 0.2300
2280 0.3948 0.4539 0.1851 0.3364 0.2097 0.2688
2285 0.3852 0.4368 0.1819 0.3599 0.2033 0.2549
2290 0.4066 0.4204 0.1869 0.3599 0.2197 0.2335
2295 0.4179 0.4283 0.1858 0.3396 0.2321 0.2424
2300 0.3816 0.4012 0.1673 0.3845 0.2143 0.2339
2305 0.4272 0.3806 0.1460 0.3382 0.2812 0.2346
2310 0.4300 0.3923 0.1670 0.3446 0.2631 0.2253
2315 0.4254 0.4090 0.1798 0.3453 0.2456 0.2293
2320 0.4201 0.4019 0.1723 0.3503 0.2478 0.2296
2325 0.4272 0.4090 0.1730 0.3368 0.2542 0.2360
2330 0.4194 0.3852 0.1659 0.3613 0.2535 0.2193
2335 0.4357 0.4069 0.1734 0.3307 0.2624 0.2335
2340 0.3927 0.3937 0.1517 0.3653 0.2410 0.2421
2345 0.3838 0.4009 0.1381 0.3535 0.2456 0.2627
2350 0.3813 0.4247 0.1385 0.3325 0.2428 0.2862
2355 0.3870 0.4197 0.1602 0.3535 0.2268 0.2595
2360 0.3738 0.4187 0.1655 0.3731 0.2083 0.2531
2365 0.3848 0.4211 0.1741 0.3681 0.2108 0.2471
2370 0.3969 0.3852 0.1719 0.3898 0.2250 0.2132
2375 0.4585 0.4126 0.1969 0.3257 0.2617 0.2157
2380 0.4621 0.4411 0.2068 0.3037 0.2553 0.2342
2385 0.4578 0.4389 0.2075 0.3108 0.2503 0.2314
2390 0.4375 0.4386 0.1901 0.3140 0.2474 0.2485
2395 0.4236 0.4525 0.2086 0.3325 0.2150 0.2439
2400 0.4211 0.4375 0.2054 0.3467 0.2157 0.2321
2405 0.4300 0.4187 0.1940 0.3453 0.2360 0.2246
2410 0.4300 0.4258 0.1901 0.3343 0.2399 0.2357
2415 0.4528 0.4325 0.1944 0.3090 0.2585 0.2382
2420 0.4215 0.4279 0.1848 0.3354 0.2367 0.2431
2425 0.4087 0.4340 0.1954 0.3528 0.2132 0.2385
2430 0.4144 0.4087 0.1794 0.3564 0.2350 0.2293
2435 0.4222 0.3952 0.1766 0.3592 0.2456 0.2186
2440 0.4133 0.4026 0.1769 0.3610 0.2364 0.2257
2445 0.3820 0.4126 0.1673 0.3727 0.2147 0.2453
2450 0.3788 0.4418 0.1791 0.3585 0.1997 0.2627
2455 0.3667 0.4400 0.1741 0.3674 0.1926 0.2659
2460 0.4119 0.4144 0.1737 0.3475 0.2382 0.2407
2465 0.4439 0.4051 0.1922 0.3432 0.2517 0.2129
2470 0.4635 0.4083 0.2097 0.3378 0.2538 0.1986
2475 0.4735 0.4130 0.2161 0.3297 0.2574 0.1969
2480 0.4325 0.3823 0.1659 0.3510 0.2666 0.2164
2485 0.4151 0.3952 0.1499 0.3396 0.2652 0.2453
2490 0.3927 0.3937 0.1534 0.3670 0.2392 0.2403
2495 0.3831 0.3888 0.1456 0.3738 0.2375 0.2431
2500 0.3980 0.3731 0.1577 0.3866 0.2403 0.2154
2505 0.3877 0.3574 0.1470 0.4019 0.2407 0.2104
2510 0.3966 0.3535 0.1460 0.3959 0.2506 0.2075
2515 0.4005 0.3428 0.1541 0.4108 0.2464 0.1887
2520 0.4080 0.3272 0.1613 0.4261 0.2467 0.1659
2525 0.4122 0.3286 0.1549 0.4140 0.2574 0.1737
2530 0.4062 0.3297 0.1520 0.4162 0.2542 0.1776
2535 0.4279 0.3713 0.1534 0.3542 0.2745 0.2179
2540 0.4329 0.3984 0.1595 0.3282 0.2734 0.2389
2545 0.4503 0.3987 0.1712 0.3222 0.2791 0.2275
2550 0.4546 0.4165 0.1915 0.3204 0.2631 0.2250
2555 0.4607 0.4461 0.2164 0.3097 0.2442 0.2296
2560 0.4585 0.4286 0.1908 0.3037 0.2677 0.2378
2565 0.4489 0.4183 0.1962 0.3289 0.2528 0.2221
2570 0.4703 0.4001 0.1969 0.3265 0.2734 0.2033
2575 0.4660 0.3912 0.1986 0.3414 0.2674 0.1926
2580 0.4357 0.3841 0.1894 0.3695 0.2464 0.1947
2585 0.4293 0.3909 0.2033 0.3831 0.2261 0.1876
2590 0.4318 0.3813 0.1876 0.3745 0.2442 0.1937
2595 0.4411 0.3848 0.1833 0.3574 0.2577 0.2015
2600 0.4304 0.3624 0.1719 0.3791 0.2585 0.1905
2605 0.3891 0.3617 0.1616 0.4108 0.2275 0.2001
2610 0.3738 0.3781 0.1673 0.4155 0.2065 0.2108
2615 0.3706 0.4044 0.1734 0.3984 0.1972 0.2310
2620 0.3642 0.4244 0.1652 0.3766 0.1990 0.2592
2625 0.3670 0.4365 0.1687 0.3653 0.1983 0.2677
2630 0.3923 0.4183 0.1858 0.3752 0.2065 0.2325
2635 0.4066 0.4044 0.1826 0.3717 0.2239 0.2218
2640 0.3880 0.3621 0.1641 0.4140 0.2239 0.1979
2645 0.3507 0.3521 0.1449 0.4422 0.2058 0.2072
2650 0.3649 0.3930 0.1613 0.4033 0.2036 0.2318
2655 0.3877 0.3923 0.1737 0.3937 0.2140 0.2186
2660 0.4272 0.4204 0.1766 0.3289 0.2506 0.2439
2665 0.4037 0.4062 0.1684 0.3585 0.2353 0.2378
2670 0.4151 0.4051 0.1808 0.3606 0.2342 0.2243
2675 0.4090 0.4105 0.1862 0.3667 0.2229 0.2243
2680 0.4162 0.4105 0.1780 0.3514 0.2382 0.2325
2685 0.4101 0.4076 0.1705 0.3528 0.2396 0.2371
2690 0.4418 0.4080 0.1833 0.3336 0.2585 0.2246
2695 0.4528 0.3880 0.1930 0.3521 0.2599 0.1951
2700 0.4624 0.4098 0.2157 0.3435 0.2467 0.1940
2705 0.4528 0.4468 0.2350 0.3354 0.2179 0.2118
2710 0.4048 0.4496 0.2111 0.3567 0.1937 0.2385
2715 0.4151 0.4600 0.2129 0.3378 0.2022 0.2471
2720 0.3848 0.4382 0.1979 0.3749 0.1869 0.2403
2725 0.3898 0.4019 0.1876 0.3959 0.2022 0.2143
2730 0.3866 0.3923 0.1666 0.3877 0.2200 0.2257
2735 0.3905 0.4137 0.1776 0.3734 0.2129 0.2360
2740 0.4069 0.4318 0.1773 0.3386 0.2296 0.2545
2745 0.3969 0.4489 0.1816 0.3357 0.2154 0.2674
2750 0.4108 0.4881 0.2140 0.3151 0.1969 0.2741
2755 0.4308 0.4980 0.2250 0.2962 0.2058 0.2731
2760 0.4329 0.5020 0.2293 0.2944 0.2036 0.2727
2765 0.4429 0.5052 0.2624 0.3143 0.1805 0.2428
2770 0.4379 0.4500 0.2353 0.3475 0.2026 0.2147
2775 0.4632 0.4671 0.2627 0.3325 0.2004 0.2043
2780 0.4781 0.4354 0.2556 0.3421 0.2225 0.1798
2785 0.4767 0.4190 0.2257 0.3300 0.2510 0.1933
2790 0.4660 0.4158 0.2161 0.3343 0.2499 0.1997
2795 0.4268 0.4432 0.2104 0.3403 0.2164 0.2328
2800 0.4119 0.4503 0.2236 0.3613 0.1883 0.2268
2805 0.3962 0.4585 0.2328 0.3781 0.1634 0.2257
2810 0.4037 0.4478 0.2193 0.3677 0.1844 0.2286
2815 0.4122 0.4130 0.1759 0.3507 0.2364 0.2371
2820 0.4176 0.4055 0.1798 0.3567 0.2378 0.2257
2825 0.4254 0.3930 0.1698 0.3514 0.2556 0.2232
2830 0.4436 0.3677 0.1787 0.3674 0.2649 0.1890
2835 0.4279 0.4062 0.1794 0.3453 0.2485 0.2268
2840 0.4187 0.3987 0.1680 0.3507 0.2506 0.2307
2845 0.3823 0.4001 0.1513 0.3688 0.2310 0.2488
2850 0.3980 0.3781 0.1598 0.3838 0.2382 0.2182
2855 0.3806 0.3254 0.1346 0.4286 0.2460 0.1908
2860 0.3848 0.3428 0.1324 0.4048 0.2524 0.2104
2865 0.3742 0.3261 0.1274 0.4272 0.2467 0.1986
2870 0.3863 0.3499 0.1477 0.4115 0.2385 0.2022
2875 0.3912 0.3606 0.1645 0.4126 0.2268 0.1962
2880 0.4133 0.3749 0.1741 0.3859 0.2392 0.2008
2885 0.4130 0.3752 0.1805 0.3923 0.2325 0.1947
2890 0.4254 0.3677 0.1990 0.4058 0.2264 0.1687
2895 0.4258 0.3859 0.2211 0.4094 0.2047 0.1648
2900 0.3944 0.4058 0.2111 0.4108 0.1833 0.1947
2905 0.3813 0.4155 0.2054 0.4087 0.1759 0.2100
2910 0.3934 0.4322 0.2243 0.3987 0.1691 0.2079
2915 0.4019 0.4112 0.1997 0.3866 0.2022 0.2115
2920 0.4090 0.4204 0.2026 0.3731 0.2065 0.2179
2925 0.4083 0.3941 0.1869 0.3845 0.2214 0.2072
2930 0.4194 0.3855 0.1897 0.3848 0.2296 0.1958
2935 0.4133 0.3852 0.1986 0.4001 0.2147 0.1865
2940 0.4169 0.4229 0.2054 0.3656 0.2115 0.2175
2945 0.4233 0.4425 0.2186 0.3528 0.2047 0.2239
2950 0.4347 0.4493 0.2193 0.3354 0.2154 0.2300
2955 0.4450 0.4503 0.2140 0.3186 0.2310 0.2364
2960 0.4357 0.4475 0.2172 0.3339 0.2186 0.2303
2965 0.3816 0.4062 0.1591 0.3713 0.2225 0.2471
2970 0.3443 0.3969 0.1613 0.4201 0.1830 0.2357
2975 0.3339 0.3499 0.1346 0.4507 0.1994 0.2154
2980 0.3222 0.3596 0.1299 0.4482 0.1922 0.2296
2985 0.3635 0.3727 0.1552 0.4190 0.2083 0.2175
2990 0.3610 0.3717 0.1449 0.4122 0.2161 0.2268
2995 0.3631 0.3816 0.1659 0.4211 0.1972 0.2157
3000 0.4048 0.3507 0.1492 0.3937 0.2556 0.2015
3005 0.4030 0.3489 0.1488 0.3969 0.2542 0.2001
3010 0.3984 0.3532 0.1524 0.4009 0.2460 0.2008
3015 0.4105 0.3467 0.1485 0.3912 0.2620 0.1983
3020 0.4137 0.3464 0.1470 0.3870 0.2666 0.1994
3025 0.4112 0.3268 0.1399 0.4019 0.2713 0.1869
3030 0.4461 0.3571 0.1563 0.3532 0.2898 0.2008
3035 0.4375 0.3713 0.1541 0.3453 0.2834 0.2172
3040 0.4511 0.3987 0.1677 0.3179 0.2834 0.2310
3045 0.4026 0.3710 0.1474 0.3738 0.2553 0.2236
3050 0.4033 0.3784 0.1695 0.3877 0.2339 0.2090
3055 0.4165 0.3823 0.1776 0.3788 0.2389 0.2047
3060 0.4290 0.3991 0.2065 0.3784 0.2225 0.1926
3065 0.4329 0.3870 0.1922 0.3724 0.2407 0.1947
3070 0.4201 0.3838 0.1862 0.3823 0.2339 0.1976
3075 0.4005 0.3581 0.1655 0.4069 0.2350 0.1926
3080 0.4030 0.3485 0.1581 0.4066 0.2449 0.1905
3085 0.4155 0.3638 0.1620 0.3827 0.2535 0.2019
3090 0.4290 0.3663 0.1826 0.3873 0.2464 0.1837
3095 0.4350 0.3966 0.1958 0.3642 0.2392 0.2008
3100 0.4372 0.4233 0.2207 0.3603 0.2164 0.2026
3105 0.4222 0.4219 0.2132 0.3692 0.2090 0.2086
3110 0.4286 0.4325 0.2100 0.3489 0.2186 0.2225
3115 0.4311 0.4436 0.2182 0.3435 0.2129 0.2253
3120 0.4297 0.4454 0.1997 0.3247 0.2300 0.2456
3125 0.4062 0.4382 0.1912 0.3467 0.2150 0.2471
3130 0.3870 0.4411 0.1762 0.3482 0.2108 0.2649
3135 0.3742 0.4272 0.1855 0.3841 0.1887 0.2417
3140 0.3774 0.4098 0.1862 0.3991 0.1912 0.2236
3145 0.3756 0.3955 0.1940 0.4229 0.1816 0.2015
3150 0.3546 0.4051 0.1876 0.4279 0.1670 0.2175
3155 0.3599 0.4033 0.1734 0.4101 0.1865 0.2300
3160 0.3354 0.3492 0.1566 0.4721 0.1787 0.1926
3165 0.3265 0.3496 0.1538 0.4778 0.1727 0.1958
3170 0.3304 0.3592 0.1477 0.4582 0.1826 0.2115
3175 0.3795 0.3713 0.1705 0.4197 0.2090 0.2008
3180 0.4108 0.4066 0.1986 0.3813 0.2122 0.2079
3185 0.4229 0.4204 0.2100 0.3667 0.2129 0.2104
3190 0.3973 0.4208 0.1901 0.3720 0.2072 0.2307
3195 0.3948 0.4322 0.1905 0.3635 0.2043 0.2417
3200 0.4033 0.4745 0.2108 0.3329 0.1926 0.2638
3205 0.3980 0.4589 0.1837 0.3268 0.2143 0.2752
3210 0.4076 0.4742 0.1994 0.3176 0.2083 0.2748
3215 0.4019 0.4375 0.1951 0.3556 0.2068 0.2424
3220 0.4258 0.4340 0.2339 0.3742 0.1919 0.2001
3225 0.4671 0.3948 0.2164 0.3546 0.2506 0.1784
3230 0.4998 0.4094 0.2485 0.3393 0.2513 0.1609
3235 0.4706 0.4265 0.2414 0.3443 0.2293 0.1851
3240 0.4820 0.4446 0.2460 0.3193 0.2360 0.1986
3245 0.4678 0.4461 0.2524 0.3386 0.2154 0.1937
3250 0.4774 0.4464 0.2609 0.3371 0.2164 0.1855
3255 0.4891 0.4311 0.2809 0.3606 0.2083 0.1502
3260 0.4699 0.4247 0.2702 0.3756 0.1997 0.1545
3265 0.4528 0.4197 0.2645 0.3920 0.1883 0.1552
3270 0.4208 0.4058 0.2246 0.3980 0.1962 0.1812
3275 0.4279 0.3766 0.2189 0.4144 0.2090 0.1577
3280 0.4304 0.3546 0.2118 0.4268 0.2186 0.1428
3285 0.4535 0.3656 0.2157 0.3966 0.2378 0.1499
3290 0.4674 0.3802 0.2239 0.3763 0.2435 0.1563
3295 0.4923 0.3909 0.2449 0.3617 0.2474 0.1460
3300 0.5101 0.3766 0.2421 0.3553 0.2681 0.1346
3305 0.5052 0.3738 0.2360 0.3571 0.2691 0.1378
3310 0.4845 0.3774 0.2243 0.3624 0.2602 0.1531
3315 0.4774 0.4062 0.2278 0.3443 0.2496 0.1784
3320 0.4649 0.3734 0.2357 0.3973 0.2293 0.1378
3325 0.4813 0.3852 0.2520 0.3855 0.2293 0.1331
3330 0.4931 0.3877 0.2535 0.3727 0.2396 0.1342
3335 0.4998 0.4062 0.2706 0.3645 0.2293 0.1356
3340 0.4646 0.4147 0.2392 0.3599 0.2253 0.1755
3345 0.4653 0.4354 0.2375 0.3368 0.2278 0.1979
3350 0.4507 0.4041 0.2019 0.3471 0.2488 0.2022
3355 0.4528 0.3930 0.2150 0.3692 0.2378 0.1780
3360 0.4535 0.3966 0.2225 0.3724 0.2310 0.1741
3365 0.4539 0.4276 0.2613 0.3799 0.1926 0.1663
3370 0.4763 0.4333 0.2720 0.3624 0.2043 0.1613
3375 0.4781 0.4265 0.2542 0.3496 0.2239 0.1723
3380 0.4870 0.3923 0.2318 0.3524 0.2553 0.1606
3385 0.4685 0.3813 0.2253 0.3756 0.2431 0.1559
3390 0.4899 0.3681 0.2232 0.3653 0.2666 0.1449
3395 0.4592 0.3763 0.2186 0.3831 0.2407 0.1577
3400 0.4414 0.3969 0.2314 0.3930 0.2100 0.1655
3405 0.4404 0.3859 0.2307 0.4044 0.2097 0.1552
3410 0.4564 0.4265 0.2496 0.3667 0.2068 0.1769
3415 0.4710 0.4265 0.2713 0.3738 0.1997 0.1552
3420 0.4970 0.4190 0.2713 0.3553 0.2257 0.1477
3425 0.5244 0.4087 0.2688 0.3357 0.2556 0.1399
3430 0.4788 0.3934 0.2367 0.3645 0.2421 0.1566
3435 0.4585 0.3888 0.2250 0.3777 0.2335 0.1638
3440 0.4589 0.3742 0.2054 0.3724 0.2535 0.1687
3445 0.4664 0.3838 0.2204 0.3702 0.2460 0.1634
3450 0.4692 0.3923 0.2221 0.3606 0.2471 0.1702
3455 0.4849 0.3891 0.2225 0.3485 0.2624 0.1666
3460 0.4681 0.3987 0.2464 0.3795 0.2218 0.1524
3465 0.4827 0.3592 0.2392 0.3973 0.2435 0.1200
3470 0.4653 0.3446 0.2129 0.4030 0.2524 0.1317
3475 0.4482 0.3186 0.1905 0.4236 0.2577 0.1282
3480 0.4254 0.3104 0.1769 0.4411 0.2485 0.1335
3485 0.4393 0.3261 0.1819 0.4165 0.2574 0.1442
3490 0.4236 0.3489 0.1727 0.4001 0.2510 0.1762
3495 0.3984 0.3307 0.1524 0.4233 0.2460 0.1784
3500 0.3524 0.3621 0.1552 0.4407 0.1972 0.2068
3505 0.3677 0.3699 0.1702 0.4325 0.1976 0.1997
3510 0.3898 0.4133 0.1958 0.3927 0.1940 0.2175
3515 0.3706 0.4208 0.1937 0.4023 0.1769 0.2271
3520 0.3653 0.4080 0.1759 0.4026 0.1894 0.2321
3525 0.3546 0.4073 0.1752 0.4133 0.1794 0.2321
3530 0.3617 0.4055 0.1976 0.4304 0.1641 0.2079
3535 0.3339 0.4023 0.1954 0.4592 0.1385 0.2068
3540 0.3496 0.4375 0.2001 0.4130 0.1495 0.2375
3545 0.3578 0.4564 0.1926 0.3784 0.1652 0.2638
3550 0.4268 0.4834 0.2289 0.3186 0.1979 0.2545
3555 0.4151 0.4471 0.2122 0.3499 0.2029 0.2350
3560 0.4098 0.4368 0.2257 0.3791 0.1841 0.2111
3565 0.4162 0.3937 0.2229 0.4130 0.1933 0.1709
3570 0.4169 0.3727 0.2125 0.4229 0.2043 0.1602
3575 0.4183 0.3848 0.2154 0.4122 0.2029 0.1695
3580 0.4443 0.4194 0.2431 0.3795 0.2011 0.1762
3585 0.4450 0.4155 0.2510 0.3905 0.1940 0.1645
3590 0.4151 0.3973 0.2253 0.4130 0.1897 0.1719
3595 0.4041 0.4016 0.1905 0.3848 0.2136 0.2111
3600 0.3813 0.3823 0.1833 0.4197 0.1979 0.1990
3605 0.3845 0.3635 0.1801 0.4322 0.2043 0.1833
3610 0.4044 0.3734 0.1962 0.4183 0.2083 0.1773
3615 0.4254 0.3492 0.1837 0.4090 0.2417 0.1655
3620 0.4247 0.3503 0.1969 0.4219 0.2278 0.1534
3625 0.3966 0.3407 0.1819 0.4446 0.2147 0.1588
3630 0.3653 0.3574 0.1819 0.4592 0.1833 0.1755
3635 0.3222 0.3727 0.1627 0.4678 0.1595 0.2100
3640 0.3375 0.4197 0.1716 0.4144 0.1659 0.2481
3645 0.3781 0.4429 0.1951 0.3742 0.1830 0.2478
3650 0.3944 0.4557 0.1937 0.3435 0.2008 0.2620
3655 0.4112 0.4564 0.2182 0.3507 0.1930 0.2382
3660 0.4165 0.4468 0.2129 0.3496 0.2036 0.2339
3665 0.3902 0.4251 0.2033 0.3880 0.1869 0.2218
3670 0.3884 0.4172 0.2047 0.3991 0.1837 0.2125
3675 0.3809 0.3930 0.1823 0.4083 0.1986 0.2108
3680 0.4030 0.3631 0.1755 0.4094 0.2275 0.1876
3685 0.4211 0.3521 0.1887 0.4155 0.2325 0.1634
3690 0.4094 0.3375 0.1741 0.4272 0.2353 0.1634
3695 0.4461 0.2990 0.2001 0.4550 0.2460 0.0990
3700 0.4511 0.3265 0.2310 0.4535 0.2200 0.0954
3705 0.4468 0.3289 0.2325 0.4567 0.2143 0.0965
3710 0.4258 0.3325 0.2072 0.4489 0.2186 0.1253
3715 0.3987 0.3354 0.1869 0.4528 0.2118 0.1485
3720 0.4051 0.3354 0.1531 0.4126 0.2520 0.1823
3725 0.4133 0.3514 0.1513 0.3866 0.2620 0.2001
3730 0.3966 0.3371 0.1242 0.3905 0.2723 0.2129
3735 0.4144 0.3446 0.1339 0.3749 0.2805 0.2108
3740 0.3902 0.3403 0.1335 0.4030 0.2567 0.2068
3745 0.3952 0.3382 0.1278 0.3944 0.2674 0.2104
3750 0.4051 0.3396 0.1367 0.3920 0.2684 0.2029
3755 0.4073 0.3482 0.1374 0.3820 0.2698 0.2108
3760 0.4201 0.3588 0.1527 0.3738 0.2674 0.2061
3765 0.4493 0.3642 0.1791 0.3656 0.2702 0.1851
3770 0.4899 0.3621 0.1823 0.3304 0.3076 0.1798
3775 0.5030 0.3895 0.2197 0.3272 0.2834 0.1698
3780 0.4863 0.3855 0.2350 0.3631 0.2513 0.1506
3785 0.4468 0.3734 0.2157 0.3955 0.2310 0.1577
3790 0.4172 0.3635 0.1873 0.4066 0.2300 0.1762
3795 0.3969 0.3749 0.1826 0.4108 0.2143 0.1922
3800 0.4023 0.3770 0.1862 0.4069 0.2161 0.1908
3805 0.4183 0.3880 0.2118 0.4055 0.2065 0.1762
3810 0.4272 0.3898 0.2275 0.4105 0.1997 0.1623
3815 0.4557 0.4155 0.2677 0.3966 0.1880 0.1477
3820 0.4667 0.4272 0.2709 0.3770 0.1958 0.1563
3825 0.4393 0.4112 0.2396 0.3891 0.1997 0.1716
3830 0.3998 0.4112 0.1890 0.3781 0.2108 0.2221
3835 0.3927 0.4080 0.1808 0.3802 0.2118 0.2271
3840 0.3984 0.3980 0.1698 0.3734 0.2286 0.2282
3845 0.4176 0.3941 0.1805 0.3688 0.2371 0.2136
3850 0.4297 0.3845 0.2204 0.4062 0.2093 0.1641
3855 0.4532 0.3955 0.2268 0.3781 0.2264 0.1687
3860 0.4386 0.4446 0.2659 0.3827 0.1727 0.1787
3865 0.4753 0.4560 0.2901 0.3588 0.1851 0.1659
3870 0.4824 0.4628 0.2909 0.3457 0.1915 0.1719
3875 0.5044 0.4621 0.3005 0.3339 0.2040 0.1616
3880 0.5215 0.5119 0.3428 0.3094 0.1787 0.1691
3885 0.5237 0.4916 0.3279 0.3126 0.1958 0.1638
3890 0.5084 0.5212 0.3005 0.2709 0.2079 0.2207
3895 0.4795 0.5126 0.2763 0.2841 0.2033 0.2364
3900 0.4674 0.5400 0.2773 0.2698 0.1901 0.2627
3905 0.4486 0.4834 0.2674 0.3354 0.1812 0.2161
3910 0.4365 0.4763 0.2364 0.3236 0.2001 0.2399
3915 0.4518 0.4318 0.2342 0.3507 0.2175 0.1976
3920 0.4543 0.4486 0.2531 0.3503 0.2011 0.1954
3925 0.4432 0.4425 0.2367 0.3510 0.2065 0.2058
3930 0.3973 0.4564 0.2065 0.3528 0.1908 0.2499
3935 0.3916 0.4475 0.2140 0.3749 0.1776 0.2335
3940 0.4009 0.4194 0.2207 0.4005 0.1801 0.1986
3945 0.3870 0.4443 0.2029 0.3717 0.1841 0.2414
3950 0.4169 0.4432 0.2382 0.3781 0.1787 0.2051
3955 0.4044 0.4486 0.2428 0.3898 0.1616 0.2058
3960 0.4112 0.4678 0.2503 0.3713 0.1609 0.2175
3965 0.4101 0.4283 0.2164 0.3781 0.1937 0.2118
3970 0.4265 0.4226 0.2104 0.3613 0.2161 0.2122
3975 0.4300 0.4176 0.1851 0.3375 0.2449 0.2325
3980 0.4251 0.4233 0.1965 0.3482 0.2286 0.2268
3985 0.4169 0.4372 0.1979 0.3439 0.2189 0.2392
3990 0.4140 0.4340 0.1915 0.3435 0.2225 0.2424
3995 0.4158 0.4372 0.1997 0.3467 0.2161 0.2375
4000 0.4169 0.3638 0.1890 0.4083 0.2278 0.1748
4005 0.4211 0.3606 0.1858 0.4041 0.2353 0.1748
4010 0.4219 0.3756 0.1979 0.4005 0.2239 0.1776
4015 0.3870 0.3617 0.1734 0.4247 0.2136 0.1883
4020 0.3774 0.3852 0.1687 0.4062 0.2086 0.2164
4025 0.4001 0.3863 0.1819 0.3955 0.2182 0.2043
4030 0.4044 0.3905 0.1819 0.3870 0.2225 0.2086
4035 0.4155 0.3973 0.2051 0.3923 0.2104 0.1922
4040 0.3987 0.3991 0.1976 0.3998 0.2011 0.2015
4045 0.4133 0.3827 0.1965 0.4005 0.2168 0.1862
4050 0.4155 0.4009 0.2186 0.4023 0.1969 0.1823
4055 0.3920 0.4066 0.2122 0.4137 0.1798 0.1944
4060 0.3724 0.3952 0.2118 0.4443 0.1606 0.1833
4065 0.3592 0.3756 0.2015 0.4667 0.1577 0.1741
4070 0.3556 0.4037 0.2164 0.4571 0.1392 0.1873
4075 0.3642 0.4304 0.2236 0.4290 0.1406 0.2068
4080 0.3699 0.4204 0.2090 0.4187 0.1609 0.2115
4085 0.3880 0.4293 0.2229 0.4055 0.1652 0.2065
4090 0.4073 0.4276 0.2271 0.3923 0.1801 0.2004
4095 0.3977 0.4137 0.2207 0.4094 0.1769 0.1930
4100 0.4030 0.4001 0.2122 0.4090 0.1908 0.1880
4105 0.3955 0.4066 0.2033 0.4012 0.1922 0.2033
4110 0.3987 0.4521 0.2300 0.3791 0.1687 0.2221
4115 0.4468 0.4731 0.2563 0.3364 0.1905 0.2168
4120 0.4699 0.4913 0.2677 0.3065 0.2022 0.2236
4125 0.4745 0.4158 0.2111 0.3208 0.2634 0.2047
4130 0.4557 0.4105 0.2136 0.3475 0.2421 0.1969
4135 0.4201 0.3962 0.1841 0.3677 0.2360 0.2122
4140 0.3888 0.4201 0.2218 0.4130 0.1670 0.1983
4145 0.4094 0.4194 0.2250 0.3962 0.1844 0.1944
4150 0.4122 0.4122 0.2286 0.4041 0.1837 0.1837
4155 0.4710 0.4340 0.2496 0.3446 0.2214 0.1844
4160 0.4902 0.4233 0.2617 0.3482 0.2286 0.1616
4165 0.4852 0.4357 0.2524 0.3314 0.2328 0.1833
4170 0.4511 0.4176 0.2360 0.3674 0.2150 0.1816
4175 0.4044 0.3927 0.2214 0.4244 0.1830 0.1712
4180 0.4083 0.4066 0.2332 0.4183 0.1752 0.1734
4185 0.4372 0.3980 0.2350 0.3998 0.2022 0.1630
4190 0.4333 0.3969 0.2243 0.3941 0.2090 0.1727
4195 0.4564 0.3941 0.2417 0.3912 0.2147 0.1524
4200 0.4375 0.3994 0.2314 0.3944 0.2061 0.1680
4205 0.4137 0.3916 0.2068 0.4016 0.2068 0.1848
4210 0.3969 0.4204 0.2019 0.3845 0.1951 0.2186
4215 0.3966 0.4187 0.2036 0.3884 0.1930 0.2150
4220 0.4197 0.4468 0.2168 0.3503 0.2029 0.2300
4225 0.4265 0.4582 0.2286 0.3439 0.1979 0.2296
4230 0.4596 0.4735 0.2439 0.3108 0.2157 0.2296
4235 0.4521 0.4315 0.2168 0.3332 0.2353 0.2147
4240 0.4265 0.4247 0.1780 0.3268 0.2485 0.2467
4245 0.4041 0.4496 0.1655 0.3119 0.2385 0.2841
4250 0.4090 0.4304 0.1623 0.3229 0.2467 0.2681
4255 0.4578 0.4126 0.2004 0.3300 0.2574 0.2122
4260 0.4710 0.3560 0.1602 0.3332 0.3108 0.1958
4265 0.4710 0.3168 0.1741 0.3863 0.2969 0.1428
4270 0.4614 0.3265 0.1819 0.3941 0.2795 0.1445
