4000 0.4033 0.4273 0.2308 0.4002 0.1725 0.1966
4005 0.4019 0.4217 0.2278 0.4042 0.1741 0.1939
4010 0.3994 0.4273 0.2294 0.4027 0.1700 0.1980
4015 0.4133 0.4206 0.2286 0.3947 0.1847 0.1920
4020 0.4100 0.4130 0.2167 0.3937 0.1933 0.1963
4025 0.4005 0.4172 0.2083 0.3906 0.1922 0.2089
4030 0.3878 0.4202 0.1967 0.3887 0.1911 0.2234
4035 0.3853 0.4158 0.2136 0.4125 0.1717 0.2022
4040 0.3747 0.4037 0.2122 0.4338 0.1625 0.1916
4045 0.3591 0.3984 0.2169 0.4594 0.1422 0.1816
4050 0.3658 0.4097 0.2314 0.4559 0.1344 0.1783
4055 0.3600 0.4138 0.2319 0.4581 0.1281 0.1819
4060 0.3705 0.4259 0.2338 0.4373 0.1367 0.1922
4065 0.3711 0.4247 0.2320 0.4363 0.1391 0.1927
4070 0.3678 0.4061 0.2173 0.4434 0.1505 0.1888
4075 0.3731 0.3775 0.1959 0.4453 0.1772 0.1816
4080 0.3663 0.3880 0.1977 0.4434 0.1686 0.1903
4085 0.3759 0.3931 0.2056 0.4366 0.1703 0.1875
4090 0.3652 0.4020 0.2134 0.4462 0.1517 0.1886
4095 0.3455 0.3933 0.1914 0.4527 0.1541 0.2019
4100 0.3377 0.3845 0.1894 0.4672 0.1483 0.1952
4105 0.3498 0.3844 0.1947 0.4605 0.1552 0.1897
4110 0.3658 0.3722 0.2066 0.4686 0.1592 0.1656
4115 0.3859 0.3695 0.2284 0.4730 0.1575 0.1411
4120 0.3978 0.3650 0.2273 0.4645 0.1705 0.1377
4125 0.3995 0.3700 0.2241 0.4545 0.1755 0.1459
4130 0.3942 0.3914 0.2362 0.4506 0.1580 0.1552
4135 0.3986 0.3883 0.2278 0.4409 0.1708 0.1605
4140 0.3950 0.3977 0.2311 0.4384 0.1639 0.1666
4145 0.3978 0.3920 0.2241 0.4342 0.1737 0.1680
4150 0.3914 0.3937 0.2247 0.4395 0.1667 0.1691
4155 0.4106 0.3855 0.2261 0.4300 0.1845 0.1594
4160 0.4083 0.3787 0.2278 0.4408 0.1805 0.1509
4165 0.3961 0.3941 0.2323 0.4422 0.1638 0.1617
4170 0.3783 0.3917 0.2242 0.4542 0.1541 0.1675
4175 0.3728 0.3891 0.2230 0.4611 0.1498 0.1661
4180 0.3816 0.3959 0.2238 0.4462 0.1578 0.1722
4185 0.3709 0.3944 0.2169 0.4516 0.1541 0.1775
4190 0.3750 0.4023 0.2209 0.4436 0.1541 0.1814
4195 0.3733 0.3891 0.2245 0.4622 0.1487 0.1645
4200 0.3694 0.3745 0.2153 0.4714 0.1541 0.1592
4205 0.3603 0.3753 0.2070 0.4714 0.1533 0.1683
4210 0.3608 0.3688 0.2106 0.4811 0.1502 0.1581
4215 0.3572 0.3736 0.2108 0.4800 0.1464 0.1628
4220 0.3558 0.3658 0.2211 0.4995 0.1347 0.1447
4225 0.3627 0.3783 0.2327 0.4917 0.1300 0.1456
4230 0.3759 0.3906 0.2397 0.4731 0.1363 0.1509
4235 0.3894 0.3989 0.2414 0.4531 0.1480 0.1575
4240 0.3937 0.3937 0.2389 0.4514 0.1548 0.1548
4245 0.3880 0.3933 0.2367 0.4555 0.1512 0.1566
4250 0.4041 0.3717 0.2292 0.4534 0.1748 0.1425
4255 0.4130 0.3817 0.2342 0.4395 0.1787 0.1475
4260 0.4086 0.3889 0.2283 0.4308 0.1803 0.1606
4265 0.4120 0.3794 0.2311 0.4397 0.1809 0.1483
4270 0.4106 0.3770 0.2302 0.4425 0.1805 0.1469
4275 0.4119 0.3767 0.2238 0.4352 0.1881 0.1530
4280 0.4064 0.3878 0.2208 0.4266 0.1856 0.1670
4285 0.4072 0.3894 0.2233 0.4267 0.1839 0.1661
4290 0.3953 0.4095 0.2236 0.4188 0.1717 0.1859
4295 0.3881 0.4195 0.2161 0.4084 0.1720 0.2034
4300 0.3641 0.3962 0.1952 0.4348 0.1689 0.2011
4305 0.3698 0.3952 0.2019 0.4369 0.1680 0.1933
4310 0.3778 0.3673 0.1991 0.4539 0.1787 0.1683
4315 0.3822 0.3800 0.2263 0.4641 0.1559 0.1537
4320 0.3964 0.3706 0.2208 0.4537 0.1756 0.1498
4325 0.4059 0.3706 0.2270 0.4505 0.1789 0.1436
4330 0.4114 0.3808 0.2284 0.4363 0.1830 0.1523
4335 0.3961 0.3894 0.2370 0.4516 0.1591 0.1523
4340 0.3972 0.3830 0.2359 0.4558 0.1613 0.1470
4345 0.3930 0.3892 0.2369 0.4547 0.1561 0.1523
4350 0.3734 0.3923 0.2253 0.4595 0.1481 0.1670
4355 0.3759 0.3872 0.2348 0.4717 0.1411 0.1523
4360 0.3831 0.3919 0.2473 0.4723 0.1358 0.1445
4365 0.3887 0.3836 0.2464 0.4741 0.1423 0.1372
4370 0.3916 0.3739 0.2325 0.4670 0.1591 0.1414
4375 0.4122 0.3702 0.2433 0.4609 0.1689 0.1269
4380 0.4058 0.3706 0.2392 0.4628 0.1666 0.1314
4385 0.4152 0.3848 0.2400 0.4400 0.1752 0.1448
4390 0.4019 0.3980 0.2403 0.4405 0.1616 0.1577
4395 0.3952 0.4264 0.2406 0.4191 0.1545 0.1858
4400 0.4009 0.4256 0.2405 0.4139 0.1605 0.1852
4405 0.4189 0.4058 0.2330 0.4083 0.1859 0.1728
4410 0.4270 0.4050 0.2433 0.4113 0.1837 0.1617
4415 0.4228 0.3886 0.2489 0.4375 0.1739 0.1397
4420 0.4075 0.3953 0.2603 0.4575 0.1472 0.1350
4425 0.4059 0.3958 0.2533 0.4516 0.1527 0.1425
4430 0.4023 0.3802 0.2520 0.4695 0.1503 0.1281
4435 0.4019 0.3848 0.2569 0.4702 0.1450 0.1280
4440 0.4097 0.3812 0.2531 0.4622 0.1566 0.1281
4445 0.4134 0.3619 0.2353 0.4600 0.1781 0.1266
4450 0.4203 0.3759 0.2386 0.4423 0.1817 0.1373
4455 0.3937 0.3805 0.2256 0.4514 0.1681 0.1548
4460 0.3977 0.3911 0.2283 0.4395 0.1694 0.1628
4465 0.3827 0.3952 0.2194 0.4416 0.1633 0.1758
4470 0.3828 0.3880 0.2142 0.4434 0.1686 0.1737
4475 0.3837 0.3947 0.2231 0.4447 0.1606 0.1716
4480 0.3786 0.3819 0.2159 0.4555 0.1627 0.1659
4485 0.3883 0.3811 0.2216 0.4522 0.1667 0.1595
4490 0.3817 0.3827 0.2180 0.4536 0.1638 0.1647
4495 0.3694 0.3920 0.2267 0.4653 0.1427 0.1653
4500 0.3658 0.3927 0.2248 0.4664 0.1409 0.1678
4505 0.3773 0.3981 0.2233 0.4478 0.1541 0.1748
4510 0.3892 0.4222 0.2342 0.4228 0.1550 0.1880
4515 0.3928 0.4220 0.2492 0.4344 0.1436 0.1728
4520 0.3881 0.4195 0.2394 0.4317 0.1487 0.1802
4525 0.3927 0.4184 0.2367 0.4256 0.1559 0.1817
4530 0.3866 0.4144 0.2398 0.4389 0.1467 0.1745
4535 0.4066 0.4116 0.2522 0.4341 0.1544 0.1594
4540 0.3959 0.4017 0.2397 0.4420 0.1562 0.1620
4545 0.4127 0.4008 0.2387 0.4253 0.1739 0.1620
4550 0.4177 0.3856 0.2298 0.4266 0.1878 0.1558
4555 0.4239 0.3837 0.2400 0.4323 0.1839 0.1437
4560 0.4439 0.3936 0.2561 0.4186 0.1878 0.1375
4565 0.4381 0.4097 0.2633 0.4155 0.1748 0.1464
4570 0.4400 0.4070 0.2698 0.4228 0.1702 0.1372
4575 0.4439 0.4086 0.2733 0.4208 0.1706 0.1353
4580 0.4306 0.3958 0.2594 0.4330 0.1713 0.1364
4585 0.4291 0.3897 0.2548 0.4361 0.1742 0.1348
4590 0.4387 0.4041 0.2705 0.4277 0.1683 0.1336
4595 0.4452 0.4161 0.2783 0.4170 0.1669 0.1378
4600 0.4536 0.4347 0.2864 0.3981 0.1672 0.1483
4605 0.4489 0.4195 0.2775 0.4091 0.1714 0.1420
4610 0.4605 0.4200 0.2964 0.4159 0.1641 0.1236
4615 0.4453 0.3987 0.2828 0.4387 0.1625 0.1159
4620 0.4384 0.3819 0.2764 0.4561 0.1620 0.1055
4625 0.4134 0.3697 0.2511 0.4680 0.1623 0.1186
4630 0.3952 0.3766 0.2281 0.4564 0.1670 0.1484
4635 0.3791 0.3709 0.2166 0.4666 0.1625 0.1544
4640 0.3648 0.3800 0.2159 0.4711 0.1489 0.1641
4645 0.3900 0.3937 0.2344 0.4506 0.1556 0.1594
4650 0.4036 0.4045 0.2455 0.4373 0.1581 0.1591
4655 0.4155 0.4066 0.2519 0.4298 0.1636 0.1547
4660 0.4248 0.4159 0.2567 0.4159 0.1681 0.1592
4665 0.4275 0.4130 0.2575 0.4170 0.1700 0.1555
4670 0.4361 0.4272 0.2764 0.4131 0.1597 0.1508
4675 0.4255 0.4420 0.2759 0.4084 0.1495 0.1661
4680 0.4216 0.4517 0.2716 0.3983 0.1500 0.1802
4685 0.4209 0.4570 0.2706 0.3927 0.1503 0.1864
4690 0.4220 0.4658 0.2775 0.3897 0.1445 0.1883
4695 0.4280 0.4662 0.2959 0.4017 0.1320 0.1703
4700 0.4292 0.4505 0.2864 0.4067 0.1428 0.1641
4705 0.4452 0.4347 0.2850 0.4052 0.1602 0.1497
4710 0.4561 0.4098 0.2702 0.4042 0.1859 0.1397
4715 0.4656 0.3984 0.2669 0.4028 0.1988 0.1316
4720 0.4539 0.4058 0.2645 0.4048 0.1894 0.1412
4725 0.4506 0.4122 0.2767 0.4139 0.1739 0.1355
4730 0.4323 0.4205 0.2720 0.4192 0.1603 0.1484
4735 0.4266 0.4091 0.2687 0.4331 0.1578 0.1403
4740 0.4414 0.4023 0.2661 0.4223 0.1753 0.1363
4745 0.4442 0.4019 0.2652 0.4191 0.1791 0.1367
4750 0.4519 0.4003 0.2659 0.4138 0.1859 0.1344
4755 0.4561 0.3891 0.2648 0.4197 0.1913 0.1242
4760 0.4552 0.3767 0.2462 0.4144 0.2089 0.1305
4765 0.4416 0.3655 0.2298 0.4228 0.2117 0.1356
4770 0.4036 0.3730 0.2211 0.4445 0.1825 0.1519
4775 0.4034 0.3848 0.2286 0.4403 0.1748 0.1562
4780 0.3852 0.3959 0.2297 0.4486 0.1555 0.1663
4785 0.3919 0.3997 0.2391 0.4475 0.1528 0.1606
4790 0.3958 0.4138 0.2455 0.4359 0.1503 0.1683
4795 0.3897 0.4206 0.2508 0.4405 0.1389 0.1698
4800 0.3925 0.4433 0.2655 0.4297 0.1270 0.1778
4805 0.3895 0.4462 0.2717 0.4359 0.1178 0.1745
4810 0.4097 0.4261 0.2847 0.4489 0.1250 0.1414
4815 0.4209 0.4236 0.2983 0.4537 0.1227 0.1253
4820 0.4211 0.4122 0.2941 0.4608 0.1270 0.1181
4825 0.4252 0.4078 0.2866 0.4536 0.1386 0.1212
4830 0.4181 0.3905 0.2600 0.4514 0.1581 0.1305
4835 0.4052 0.3934 0.2570 0.4584 0.1481 0.1364
4840 0.3980 0.3870 0.2581 0.4731 0.1398 0.1289
4845 0.4045 0.3977 0.2705 0.4683 0.1341 0.1272
4850 0.4131 0.4019 0.2758 0.4608 0.1373 0.1261
4855 0.4220 0.4070 0.2784 0.4494 0.1436 0.1286
4860 0.4236 0.3986 0.2741 0.4519 0.1495 0.1245
4865 0.4181 0.3956 0.2705 0.4567 0.1477 0.1252
4870 0.4075 0.3872 0.2612 0.4666 0.1462 0.1259
4875 0.4059 0.3731 0.2552 0.4761 0.1508 0.1180
4880 0.3831 0.3689 0.2406 0.4886 0.1425 0.1283
4885 0.3855 0.3700 0.2431 0.4877 0.1423 0.1269
4890 0.4000 0.3759 0.2478 0.4719 0.1522 0.1281
4895 0.4159 0.3773 0.2486 0.4553 0.1673 0.1288
4900 0.4131 0.3983 0.2611 0.4497 0.1520 0.1372
4905 0.3977 0.3973 0.2547 0.4597 0.1430 0.1427
4910 0.3923 0.4088 0.2595 0.4584 0.1328 0.1492
4915 0.3820 0.4236 0.2608 0.4552 0.1212 0.1628
4920 0.3886 0.4173 0.2634 0.4575 0.1252 0.1539
4925 0.3733 0.4214 0.2672 0.4725 0.1061 0.1542
4930 0.3852 0.4188 0.2798 0.4759 0.1053 0.1389
4935 0.3856 0.4047 0.2747 0.4844 0.1109 0.1300
4940 0.4027 0.3955 0.2745 0.4764 0.1281 0.1209
4945 0.3992 0.4039 0.2702 0.4670 0.1291 0.1338
4950 0.3955 0.3958 0.2541 0.4628 0.1414 0.1417
4955 0.3887 0.3998 0.2525 0.4639 0.1363 0.1473
4960 0.3908 0.3798 0.2403 0.4697 0.1505 0.1395
4965 0.3889 0.3920 0.2470 0.4661 0.1419 0.1450
4970 0.3845 0.3834 0.2478 0.4798 0.1367 0.1356
4975 0.3887 0.3916 0.2625 0.4822 0.1263 0.1291
4980 0.4009 0.4017 0.2759 0.4733 0.1250 0.1258
4985 0.4008 0.3933 0.2672 0.4731 0.1336 0.1261
4990 0.4045 0.3998 0.2737 0.4694 0.1308 0.1261
4995 0.4058 0.4008 0.2736 0.4670 0.1322 0.1272
