5000 0.3956 0.3928 0.2505 0.4620 0.1452 0.1423
5005 0.3947 0.3916 0.2484 0.4622 0.1462 0.1431
5010 0.3994 0.3948 0.2503 0.4561 0.1491 0.1445
5015 0.4017 0.3830 0.2480 0.4633 0.1537 0.1350
5020 0.4069 0.3795 0.2503 0.4639 0.1566 0.1292
5025 0.4070 0.3820 0.2511 0.4620 0.1559 0.1309
5030 0.4078 0.3709 0.2338 0.4550 0.1741 0.1372
5035 0.4080 0.3802 0.2341 0.4459 0.1739 0.1461
5040 0.4111 0.3927 0.2422 0.4384 0.1689 0.1505
5045 0.4191 0.4075 0.2556 0.4291 0.1634 0.1519
5050 0.4255 0.3942 0.2577 0.4380 0.1678 0.1366
5055 0.4334 0.4048 0.2670 0.4288 0.1664 0.1378
5060 0.4236 0.4022 0.2605 0.4347 0.1631 0.1417
5065 0.4278 0.4234 0.2742 0.4230 0.1536 0.1492
5070 0.4308 0.4202 0.2700 0.4191 0.1608 0.1502
5075 0.4177 0.4228 0.2611 0.4206 0.1566 0.1617
5080 0.4225 0.4255 0.2722 0.4242 0.1503 0.1533
5085 0.4273 0.4372 0.2853 0.4208 0.1420 0.1519
5090 0.4389 0.4300 0.2936 0.4247 0.1453 0.1364
5095 0.4306 0.4255 0.2963 0.4402 0.1344 0.1292
5100 0.4264 0.4078 0.2839 0.4497 0.1425 0.1239
5105 0.4147 0.3895 0.2656 0.4614 0.1491 0.1239
5110 0.4147 0.3875 0.2652 0.4630 0.1495 0.1223
5115 0.3934 0.3745 0.2534 0.4855 0.1400 0.1211
5120 0.3709 0.3723 0.2350 0.4917 0.1359 0.1373
5125 0.3683 0.3594 0.2259 0.4983 0.1423 0.1334
5130 0.3708 0.3511 0.2189 0.4970 0.1519 0.1322
5135 0.3780 0.3486 0.2128 0.4863 0.1652 0.1358
5140 0.3927 0.3566 0.2242 0.4750 0.1684 0.1323
5145 0.4147 0.3770 0.2334 0.4417 0.1812 0.1436
5150 0.4308 0.3925 0.2567 0.4334 0.1741 0.1358
5155 0.4361 0.4113 0.2720 0.4247 0.1641 0.1392
5160 0.4252 0.4152 0.2712 0.4309 0.1539 0.1439
5165 0.4070 0.4067 0.2603 0.4466 0.1467 0.1464
5170 0.3891 0.3956 0.2430 0.4583 0.1461 0.1527
5175 0.3916 0.4020 0.2295 0.4359 0.1620 0.1725
5180 0.3964 0.4037 0.2411 0.4409 0.1553 0.1627
5185 0.3942 0.3978 0.2425 0.4505 0.1517 0.1553
5190 0.3812 0.3928 0.2392 0.4652 0.1420 0.1536
5195 0.3895 0.3656 0.2264 0.4713 0.1631 0.1392
5200 0.3880 0.3658 0.2394 0.4856 0.1486 0.1264
5205 0.3958 0.3739 0.2392 0.4695 0.1566 0.1347
5210 0.4066 0.3605 0.2422 0.4752 0.1644 0.1183
5215 0.3952 0.3586 0.2452 0.4914 0.1500 0.1134
5220 0.3661 0.3580 0.2370 0.5130 0.1291 0.1209
5225 0.3456 0.3691 0.2319 0.5172 0.1138 0.1372
5230 0.3439 0.3734 0.2294 0.5120 0.1145 0.1441
5235 0.3511 0.3664 0.2266 0.5091 0.1245 0.1398
5240 0.3713 0.3741 0.2405 0.4952 0.1308 0.1336
5245 0.3933 0.3711 0.2436 0.4792 0.1497 0.1275
5250 0.3958 0.3798 0.2484 0.4728 0.1473 0.1314
5255 0.3833 0.3791 0.2358 0.4734 0.1475 0.1433
5260 0.4048 0.3711 0.2369 0.4609 0.1680 0.1342
5265 0.4125 0.3733 0.2411 0.4553 0.1714 0.1322
5270 0.4319 0.3623 0.2495 0.4553 0.1823 0.1128
5275 0.4214 0.3580 0.2428 0.4634 0.1786 0.1152
5280 0.4195 0.3533 0.2425 0.4697 0.1770 0.1108
5285 0.4028 0.3573 0.2398 0.4797 0.1630 0.1175
5290 0.4031 0.3780 0.2623 0.4813 0.1408 0.1156
5295 0.3922 0.3856 0.2472 0.4694 0.1450 0.1384
5300 0.4003 0.3941 0.2580 0.4636 0.1423 0.1361
5305 0.4106 0.3809 0.2548 0.4633 0.1558 0.1261
5310 0.4073 0.3791 0.2556 0.4692 0.1517 0.1234
5315 0.4197 0.3675 0.2441 0.4569 0.1756 0.1234
5320 0.4097 0.3619 0.2433 0.4717 0.1664 0.1186
5325 0.4144 0.3681 0.2366 0.4541 0.1778 0.1316
5330 0.3934 0.3634 0.2283 0.4714 0.1652 0.1352
5335 0.3905 0.3689 0.2289 0.4695 0.1616 0.1400
5340 0.3858 0.3650 0.2333 0.4825 0.1525 0.1317
5345 0.3903 0.3584 0.2358 0.4870 0.1545 0.1227
5350 0.3978 0.3620 0.2431 0.4833 0.1547 0.1189
5355 0.3859 0.3489 0.2250 0.4902 0.1609 0.1239
5360 0.4008 0.3438 0.2239 0.4794 0.1769 0.1198
5365 0.4217 0.3347 0.2300 0.4736 0.1917 0.1047
5370 0.4203 0.3272 0.2202 0.4727 0.2002 0.1070
5375 0.4384 0.3387 0.2250 0.4478 0.2134 0.1138
5380 0.4364 0.3603 0.2409 0.4442 0.1955 0.1194
5385 0.4384 0.3700 0.2459 0.4375 0.1925 0.1241
5390 0.4353 0.3939 0.2639 0.4347 0.1714 0.1300
5395 0.4161 0.3983 0.2545 0.4402 0.1616 0.1437
5400 0.4139 0.4008 0.2573 0.4427 0.1566 0.1434
5405 0.4142 0.3997 0.2541 0.4402 0.1602 0.1456
5410 0.4295 0.3950 0.2547 0.4302 0.1748 0.1403
5415 0.4163 0.3864 0.2402 0.4375 0.1761 0.1462
5420 0.4102 0.3956 0.2353 0.4295 0.1748 0.1603
5425 0.4111 0.3947 0.2494 0.4436 0.1617 0.1453
5430 0.4036 0.3878 0.2480 0.4566 0.1556 0.1398
5435 0.4039 0.3891 0.2480 0.4550 0.1559 0.1411
5440 0.4155 0.3872 0.2428 0.4402 0.1727 0.1444
5445 0.4053 0.3939 0.2308 0.4316 0.1745 0.1631
5450 0.4055 0.3897 0.2344 0.4392 0.1711 0.1553
5455 0.4064 0.3977 0.2414 0.4373 0.1650 0.1562
5460 0.3966 0.4039 0.2425 0.4420 0.1541 0.1614
5465 0.3922 0.3950 0.2389 0.4517 0.1533 0.1561
5470 0.3947 0.4000 0.2412 0.4466 0.1534 0.1588
5475 0.4061 0.3973 0.2402 0.4367 0.1659 0.1572
5480 0.4078 0.4039 0.2616 0.4498 0.1462 0.1423
5485 0.4034 0.3959 0.2550 0.4556 0.1484 0.1409
5490 0.4077 0.3877 0.2480 0.4527 0.1597 0.1397
5495 0.4205 0.3808 0.2550 0.4537 0.1655 0.1258
5500 0.4209 0.3750 0.2509 0.4550 0.1700 0.1241
5505 0.4445 0.3708 0.2506 0.4353 0.1939 0.1202
5510 0.4467 0.3770 0.2477 0.4239 0.1991 0.1294
5515 0.4514 0.3981 0.2519 0.4023 0.1995 0.1462
5520 0.4566 0.4127 0.2591 0.3898 0.1975 0.1536
5525 0.4633 0.4217 0.2653 0.3803 0.1980 0.1564
5530 0.4484 0.4155 0.2573 0.3934 0.1911 0.1581
5535 0.4228 0.4147 0.2338 0.3962 0.1891 0.1809
5540 0.4106 0.4192 0.2263 0.3964 0.1844 0.1930
5545 0.3969 0.4228 0.2195 0.3998 0.1773 0.2033
5550 0.4077 0.4303 0.2233 0.3853 0.1844 0.2070
5555 0.4105 0.4373 0.2347 0.3869 0.1758 0.2027
5560 0.4095 0.4308 0.2362 0.3959 0.1733 0.1945
5565 0.4144 0.4247 0.2475 0.4084 0.1669 0.1772
5570 0.4084 0.3952 0.2261 0.4225 0.1823 0.1691
5575 0.3970 0.3880 0.2219 0.4369 0.1752 0.1661
5580 0.3936 0.3780 0.2238 0.4522 0.1698 0.1542
5585 0.4069 0.3889 0.2447 0.4489 0.1622 0.1442
5590 0.4275 0.4116 0.2731 0.4341 0.1544 0.1384
5595 0.4320 0.4306 0.2847 0.4220 0.1473 0.1459
5600 0.4145 0.4405 0.2888 0.4338 0.1258 0.1517
5605 0.4208 0.4353 0.2933 0.4372 0.1275 0.1420
5610 0.4091 0.4352 0.2895 0.4453 0.1195 0.1456
5615 0.4073 0.4258 0.2852 0.4520 0.1222 0.1406
5620 0.3955 0.3939 0.2542 0.4648 0.1412 0.1397
5625 0.3980 0.3889 0.2364 0.4495 0.1616 0.1525
5630 0.3958 0.3736 0.2256 0.4562 0.1702 0.1480
5635 0.4042 0.3764 0.2281 0.4475 0.1761 0.1483
5640 0.3989 0.3728 0.2247 0.4530 0.1742 0.1481
5645 0.4206 0.3875 0.2369 0.4288 0.1837 0.1506
5650 0.4198 0.3884 0.2338 0.4255 0.1861 0.1547
5655 0.4177 0.3836 0.2314 0.4302 0.1862 0.1522
5660 0.4131 0.3911 0.2320 0.4278 0.1811 0.1591
5665 0.4263 0.3820 0.2377 0.4294 0.1886 0.1444
5670 0.4147 0.3861 0.2511 0.4503 0.1636 0.1350
5675 0.4161 0.3745 0.2439 0.4533 0.1722 0.1306
5680 0.3936 0.3638 0.2238 0.4664 0.1698 0.1400
5685 0.3905 0.3769 0.2167 0.4494 0.1737 0.1602
5690 0.3914 0.3706 0.2184 0.4564 0.1730 0.1522
5695 0.3887 0.3655 0.2206 0.4664 0.1681 0.1448
5700 0.4027 0.3659 0.2280 0.4594 0.1747 0.1380
5705 0.4120 0.3688 0.2402 0.4594 0.1719 0.1286
5710 0.4373 0.3781 0.2587 0.4433 0.1786 0.1194
5715 0.4464 0.3764 0.2652 0.4423 0.1812 0.1113
5720 0.4395 0.3770 0.2561 0.4395 0.1834 0.1209
5725 0.4175 0.3709 0.2527 0.4642 0.1648 0.1183
5730 0.4058 0.3839 0.2555 0.4658 0.1503 0.1284
5735 0.4050 0.3941 0.2572 0.4581 0.1478 0.1369
5740 0.4208 0.4020 0.2677 0.4448 0.1531 0.1344
5745 0.4294 0.3906 0.2720 0.4520 0.1573 0.1186
5750 0.4298 0.3855 0.2606 0.4453 0.1692 0.1248
5755 0.4303 0.3758 0.2594 0.4533 0.1709 0.1164
5760 0.4255 0.3711 0.2484 0.4519 0.1770 0.1227
5765 0.4094 0.3872 0.2519 0.4553 0.1575 0.1353
5770 0.3983 0.4053 0.2439 0.4403 0.1544 0.1614
5775 0.3989 0.3942 0.2392 0.4461 0.1597 0.1550
5780 0.3992 0.3944 0.2405 0.4469 0.1588 0.1539
5785 0.4180 0.3877 0.2380 0.4323 0.1800 0.1497
5790 0.4041 0.3937 0.2470 0.4492 0.1570 0.1467
5795 0.4072 0.3783 0.2448 0.4594 0.1623 0.1334
5800 0.3895 0.3914 0.2489 0.4680 0.1406 0.1425
5805 0.3709 0.3834 0.2358 0.4814 0.1352 0.1477
5810 0.3762 0.4048 0.2539 0.4728 0.1223 0.1509
5815 0.3916 0.4058 0.2581 0.4608 0.1334 0.1477
5820 0.4008 0.4116 0.2617 0.4494 0.1391 0.1498
5825 0.4184 0.4036 0.2630 0.4409 0.1555 0.1406
5830 0.4286 0.4139 0.2736 0.4311 0.1550 0.1403
5835 0.4206 0.3917 0.2592 0.4469 0.1614 0.1325
5840 0.4000 0.3805 0.2358 0.4553 0.1642 0.1447
5845 0.3995 0.3780 0.2314 0.4539 0.1681 0.1466
5850 0.4016 0.3837 0.2369 0.4516 0.1647 0.1469
5855 0.4084 0.3955 0.2367 0.4328 0.1717 0.1588
5860 0.4175 0.3983 0.2562 0.4405 0.1613 0.1420
5865 0.4044 0.4017 0.2625 0.4564 0.1419 0.1392
5870 0.3945 0.4000 0.2698 0.4753 0.1247 0.1302
5875 0.3959 0.4111 0.2706 0.4636 0.1253 0.1405
5880 0.3925 0.4144 0.2644 0.4575 0.1281 0.1500
5885 0.3911 0.4134 0.2519 0.4473 0.1392 0.1616
5890 0.4047 0.4116 0.2517 0.4355 0.1530 0.1598
5895 0.4036 0.4011 0.2489 0.4442 0.1547 0.1522
5900 0.4142 0.4125 0.2637 0.4370 0.1505 0.1487
5905 0.3934 0.4161 0.2550 0.4455 0.1384 0.1611
5910 0.3967 0.4034 0.2442 0.4441 0.1525 0.1592
5915 0.4052 0.4011 0.2544 0.4481 0.1508 0.1467
5920 0.4105 0.4003 0.2509 0.4402 0.1595 0.1494
5925 0.4117 0.4006 0.2527 0.4403 0.1591 0.1480
5930 0.4056 0.4012 0.2514 0.4445 0.1542 0.1498
5935 0.3794 0.4158 0.2581 0.4630 0.1212 0.1577
5940 0.3862 0.4259 0.2622 0.4500 0.1241 0.1638
5945 0.3980 0.4345 0.2592 0.4267 0.1388 0.1753
5950 0.4150 0.4316 0.2728 0.4263 0.1422 0.1588
5955 0.4356 0.4334 0.2805 0.4114 0.1552 0.1530
5960 0.4508 0.4378 0.2941 0.4055 0.1567 0.1437
5965 0.4444 0.4498 0.2991 0.4048 0.1453 0.1508
5970 0.4323 0.4516 0.2984 0.4145 0.1339 0.1531
5975 0.4102 0.4328 0.2817 0.4387 0.1284 0.1511
5980 0.4108 0.4270 0.2787 0.4409 0.1320 0.1483
5985 0.4075 0.4267 0.2828 0.4486 0.1247 0.1439
5990 0.4053 0.4255 0.2770 0.4462 0.1283 0.1484
5995 0.4067 0.4236 0.2805 0.4502 0.1263 0.1431
