2000 0.2466 0.2905 0.1563 0.6192 0.0903 0.1342
2005 0.2474 0.2910 0.1582 0.6197 0.0893 0.1328
2010 0.2505 0.2904 0.1608 0.6200 0.0896 0.1295
2015 0.2538 0.2853 0.1603 0.6213 0.0934 0.1250
2020 0.2519 0.2808 0.1588 0.6262 0.0930 0.1220
2025 0.2586 0.2775 0.1526 0.6166 0.1059 0.1249
2030 0.2642 0.2857 0.1576 0.6076 0.1067 0.1281
2035 0.2631 0.2870 0.1632 0.6132 0.0999 0.1237
2040 0.2506 0.2901 0.1524 0.6117 0.0982 0.1377
2045 0.2546 0.2896 0.1559 0.6117 0.0987 0.1337
2050 0.2497 0.2815 0.1523 0.6210 0.0975 0.1293
2055 0.2416 0.2700 0.1394 0.6277 0.1023 0.1307
2060 0.2454 0.2695 0.1457 0.6307 0.0997 0.1238
2065 0.2397 0.2666 0.1437 0.6373 0.0961 0.1230
2070 0.2443 0.2733 0.1442 0.6266 0.1001 0.1292
2075 0.2438 0.2639 0.1358 0.6282 0.1079 0.1280
2080 0.2457 0.2586 0.1274 0.6232 0.1183 0.1312
2085 0.2437 0.2556 0.1289 0.6296 0.1148 0.1268
2090 0.2381 0.2578 0.1269 0.6310 0.1112 0.1309
2095 0.2325 0.2589 0.1292 0.6377 0.1034 0.1298
2100 0.2357 0.2534 0.1372 0.6482 0.0985 0.1161
2105 0.2430 0.2540 0.1434 0.6464 0.0996 0.1106
2110 0.2525 0.2488 0.1454 0.6441 0.1071 0.1034
2115 0.2564 0.2637 0.1581 0.6379 0.0983 0.1057
2120 0.2583 0.2786 0.1540 0.6171 0.1043 0.1246
2125 0.2621 0.2892 0.1621 0.6108 0.1000 0.1271
2130 0.2666 0.2827 0.1596 0.6103 0.1071 0.1231
2135 0.2669 0.2911 0.1608 0.6028 0.1060 0.1303
2140 0.2668 0.2803 0.1490 0.6019 0.1178 0.1313
2145 0.2716 0.2708 0.1499 0.6075 0.1217 0.1209
2150 0.2657 0.2575 0.1437 0.6204 0.1221 0.1139
2155 0.2635 0.2699 0.1462 0.6128 0.1173 0.1237
2160 0.2618 0.2724 0.1443 0.6100 0.1175 0.1281
2165 0.2565 0.2717 0.1390 0.6108 0.1175 0.1327
2170 0.2564 0.2516 0.1265 0.6185 0.1299 0.1251
2175 0.2498 0.2535 0.1222 0.6189 0.1276 0.1313
2180 0.2468 0.2560 0.1213 0.6185 0.1255 0.1347
2185 0.2390 0.2664 0.1188 0.6134 0.1202 0.1476
2190 0.2394 0.2692 0.1262 0.6177 0.1131 0.1429
2195 0.2376 0.2795 0.1238 0.6067 0.1137 0.1557
2200 0.2288 0.2731 0.1286 0.6268 0.1001 0.1444
2205 0.2381 0.2801 0.1338 0.6156 0.1043 0.1463
2210 0.2399 0.2745 0.1367 0.6224 0.1031 0.1377
2215 0.2498 0.2810 0.1429 0.6120 0.1069 0.1381
2220 0.2697 0.2878 0.1550 0.5975 0.1146 0.1328
2225 0.2752 0.2795 0.1574 0.6027 0.1178 0.1221
2230 0.2789 0.2746 0.1569 0.6035 0.1220 0.1177
2235 0.2796 0.2608 0.1520 0.6115 0.1276 0.1088
2240 0.2819 0.2692 0.1568 0.6057 0.1251 0.1124
2245 0.2859 0.2741 0.1605 0.6004 0.1255 0.1136
2250 0.2819 0.2782 0.1594 0.5993 0.1225 0.1188
2255 0.2825 0.2736 0.1553 0.5992 0.1273 0.1183
2260 0.2745 0.2810 0.1540 0.5985 0.1204 0.1270
2265 0.2712 0.2907 0.1499 0.5879 0.1213 0.1409
2270 0.2669 0.2969 0.1528 0.5889 0.1141 0.1442
2275 0.2636 0.3046 0.1516 0.5834 0.1120 0.1530
2280 0.2679 0.2886 0.1495 0.5930 0.1184 0.1391
2285 0.2674 0.2788 0.1357 0.5896 0.1317 0.1430
2290 0.2699 0.2735 0.1400 0.5966 0.1299 0.1334
2295 0.2712 0.2583 0.1328 0.6033 0.1384 0.1255
2300 0.2695 0.2636 0.1343 0.6012 0.1352 0.1293
2305 0.2680 0.2606 0.1351 0.6065 0.1329 0.1255
2310 0.2613 0.2694 0.1309 0.6002 0.1304 0.1385
2315 0.2587 0.2746 0.1348 0.6016 0.1238 0.1398
2320 0.2611 0.2782 0.1374 0.5980 0.1237 0.1409
2325 0.2704 0.2812 0.1442 0.5926 0.1262 0.1370
2330 0.2602 0.2745 0.1380 0.6033 0.1222 0.1365
2335 0.2610 0.2827 0.1433 0.5997 0.1177 0.1394
2340 0.2597 0.2810 0.1400 0.5993 0.1197 0.1410
2345 0.2531 0.2827 0.1453 0.6095 0.1078 0.1374
2350 0.2457 0.2818 0.1420 0.6146 0.1036 0.1398
2355 0.2572 0.2817 0.1492 0.6104 0.1079 0.1324
2360 0.2640 0.2760 0.1539 0.6139 0.1101 0.1221
2365 0.2732 0.2610 0.1461 0.6119 0.1271 0.1149
2370 0.2857 0.2661 0.1462 0.5944 0.1395 0.1199
2375 0.2765 0.2634 0.1398 0.5999 0.1367 0.1236
2380 0.2764 0.2692 0.1496 0.6041 0.1268 0.1196
2385 0.2825 0.2654 0.1543 0.6064 0.1283 0.1111
2390 0.2977 0.2702 0.1627 0.5949 0.1350 0.1074
2395 0.3020 0.2750 0.1605 0.5835 0.1415 0.1145
2400 0.3061 0.2794 0.1666 0.5811 0.1395 0.1127
2405 0.3051 0.2943 0.1791 0.5797 0.1260 0.1151
2410 0.3037 0.2971 0.1858 0.5850 0.1179 0.1112
2415 0.2993 0.2959 0.1769 0.5816 0.1225 0.1191
2420 0.3034 0.2949 0.1784 0.5801 0.1250 0.1165
2425 0.2969 0.2916 0.1682 0.5796 0.1288 0.1235
2430 0.2998 0.2780 0.1675 0.5897 0.1323 0.1105
2435 0.2968 0.2785 0.1650 0.5897 0.1318 0.1135
2440 0.3164 0.2685 0.1707 0.5858 0.1457 0.0978
2445 0.3204 0.2756 0.1743 0.5783 0.1461 0.1012
2450 0.3149 0.2788 0.1719 0.5783 0.1429 0.1068
2455 0.3125 0.2851 0.1703 0.5728 0.1422 0.1148
2460 0.3131 0.2900 0.1730 0.5699 0.1401 0.1170
2465 0.2981 0.2955 0.1703 0.5767 0.1278 0.1252
2470 0.2967 0.2867 0.1641 0.5807 0.1326 0.1226
2475 0.2894 0.2846 0.1632 0.5893 0.1261 0.1213
2480 0.2856 0.2842 0.1593 0.5896 0.1262 0.1249
2485 0.2907 0.2820 0.1598 0.5870 0.1309 0.1222
2490 0.2843 0.2820 0.1607 0.5944 0.1236 0.1213
2495 0.2785 0.2684 0.1559 0.6090 0.1226 0.1125
2500 0.2669 0.2645 0.1482 0.6168 0.1187 0.1163
2505 0.2617 0.2669 0.1387 0.6102 0.1230 0.1281
2510 0.2651 0.2699 0.1332 0.5982 0.1319 0.1367
2515 0.2751 0.2716 0.1304 0.5838 0.1447 0.1411
2520 0.2776 0.2758 0.1310 0.5776 0.1466 0.1448
2525 0.2780 0.2718 0.1375 0.5877 0.1405 0.1343
2530 0.2665 0.2632 0.1428 0.6131 0.1237 0.1204
2535 0.2688 0.2582 0.1404 0.6134 0.1284 0.1178
2540 0.2727 0.2535 0.1438 0.6176 0.1289 0.1097
2545 0.2593 0.2579 0.1459 0.6287 0.1134 0.1120
2550 0.2574 0.2594 0.1475 0.6306 0.1100 0.1120
2555 0.2563 0.2525 0.1453 0.6365 0.1110 0.1072
2560 0.2545 0.2551 0.1416 0.6320 0.1129 0.1135
2565 0.2594 0.2630 0.1427 0.6202 0.1168 0.1203
2570 0.2550 0.2669 0.1385 0.6166 0.1165 0.1284
2575 0.2583 0.2796 0.1457 0.6078 0.1126 0.1339
2580 0.2679 0.2804 0.1467 0.5984 0.1212 0.1337
2585 0.2690 0.2758 0.1552 0.6103 0.1139 0.1207
2590 0.2766 0.2717 0.1548 0.6065 0.1218 0.1169
2595 0.2670 0.2627 0.1497 0.6200 0.1173 0.1130
2600 0.2553 0.2675 0.1524 0.6296 0.1029 0.1151
2605 0.2438 0.2632 0.1464 0.6394 0.0973 0.1168
2610 0.2428 0.2692 0.1603 0.6484 0.0824 0.1088
2615 0.2413 0.2735 0.1591 0.6444 0.0822 0.1144
2620 0.2495 0.2769 0.1606 0.6343 0.0889 0.1163
2625 0.2548 0.2753 0.1629 0.6327 0.0919 0.1125
2630 0.2646 0.2724 0.1627 0.6257 0.1019 0.1097
2635 0.2742 0.2777 0.1688 0.6168 0.1054 0.1090
2640 0.2791 0.2753 0.1738 0.6194 0.1053 0.1015
2645 0.2685 0.2726 0.1656 0.6245 0.1029 0.1069
2650 0.2642 0.2707 0.1616 0.6267 0.1026 0.1091
2655 0.2597 0.2747 0.1625 0.6281 0.0972 0.1122
2660 0.2757 0.2718 0.1606 0.6131 0.1151 0.1112
2665 0.2788 0.2704 0.1664 0.6172 0.1124 0.1040
2670 0.2780 0.2695 0.1674 0.6199 0.1106 0.1021
2675 0.2722 0.2688 0.1587 0.6177 0.1135 0.1101
2680 0.2666 0.2656 0.1588 0.6266 0.1078 0.1068
2685 0.2586 0.2558 0.1519 0.6375 0.1067 0.1039
2690 0.2698 0.2578 0.1530 0.6254 0.1168 0.1048
2695 0.2748 0.2567 0.1555 0.6240 0.1193 0.1011
2700 0.2982 0.2631 0.1617 0.6004 0.1365 0.1014
2705 0.2969 0.2642 0.1582 0.5970 0.1387 0.1060
2710 0.2982 0.2719 0.1592 0.5891 0.1390 0.1127
2715 0.2923 0.2760 0.1591 0.5908 0.1332 0.1169
2720 0.2813 0.2825 0.1612 0.5974 0.1201 0.1213
2725 0.2854 0.2823 0.1625 0.5947 0.1230 0.1198
2730 0.2804 0.2847 0.1621 0.5970 0.1183 0.1226
2735 0.2731 0.2838 0.1610 0.6041 0.1121 0.1228
2740 0.2780 0.2793 0.1578 0.6006 0.1202 0.1214
2745 0.2724 0.2823 0.1523 0.5975 0.1202 0.1300
2750 0.2664 0.2761 0.1432 0.6007 0.1232 0.1329
2755 0.2695 0.2729 0.1410 0.5985 0.1285 0.1319
2760 0.2673 0.2687 0.1393 0.6033 0.1280 0.1294
2765 0.2669 0.2722 0.1424 0.6033 0.1245 0.1298
2770 0.2665 0.2702 0.1446 0.6079 0.1220 0.1256
2775 0.2766 0.2758 0.1517 0.5993 0.1249 0.1241
2780 0.2777 0.2808 0.1487 0.5902 0.1290 0.1321
2785 0.2813 0.2793 0.1576 0.5970 0.1237 0.1217
2790 0.2747 0.2674 0.1516 0.6095 0.1231 0.1158
2795 0.2655 0.2598 0.1504 0.6250 0.1151 0.1095
2800 0.2639 0.2615 0.1472 0.6219 0.1167 0.1143
2805 0.2555 0.2567 0.1413 0.6291 0.1143 0.1154
2810 0.2591 0.2664 0.1371 0.6117 0.1220 0.1293
2815 0.2636 0.2721 0.1424 0.6067 0.1212 0.1297
2820 0.2841 0.2862 0.1569 0.5867 0.1271 0.1293
2825 0.2885 0.2904 0.1509 0.5720 0.1376 0.1395
2830 0.3006 0.2899 0.1583 0.5679 0.1423 0.1315
2835 0.3008 0.2851 0.1573 0.5714 0.1435 0.1278
2840 0.3088 0.2812 0.1624 0.5724 0.1464 0.1188
2845 0.3064 0.2761 0.1586 0.5761 0.1478 0.1175
2850 0.3020 0.2771 0.1649 0.5858 0.1371 0.1122
2855 0.3001 0.2692 0.1553 0.5860 0.1448 0.1139
2860 0.3056 0.2674 0.1549 0.5819 0.1507 0.1125
2865 0.2972 0.2673 0.1576 0.5931 0.1396 0.1097
2870 0.2909 0.2757 0.1530 0.5864 0.1379 0.1227
2875 0.2930 0.2832 0.1548 0.5786 0.1382 0.1284
2880 0.2824 0.2760 0.1466 0.5882 0.1358 0.1294
2885 0.2851 0.2746 0.1565 0.5969 0.1285 0.1180
2890 0.2916 0.2695 0.1539 0.5927 0.1377 0.1156
2895 0.2931 0.2612 0.1530 0.5987 0.1401 0.1082
2900 0.2992 0.2623 0.1471 0.5855 0.1521 0.1153
2905 0.2959 0.2681 0.1504 0.5863 0.1456 0.1178
2910 0.2902 0.2829 0.1533 0.5801 0.1370 0.1297
2915 0.2905 0.2800 0.1610 0.5905 0.1295 0.1191
2920 0.2944 0.2839 0.1651 0.5868 0.1293 0.1188
2925 0.2963 0.2719 0.1646 0.5964 0.1317 0.1073
2930 0.3017 0.2603 0.1625 0.6004 0.1393 0.0978
2935 0.3065 0.2641 0.1613 0.5907 0.1452 0.1028
2940 0.3067 0.2693 0.1624 0.5864 0.1443 0.1069
2945 0.3094 0.2736 0.1665 0.5835 0.1429 0.1071
2950 0.3069 0.2699 0.1660 0.5892 0.1409 0.1039
2955 0.3070 0.2732 0.1690 0.5888 0.1380 0.1042
2960 0.2993 0.2685 0.1650 0.5971 0.1343 0.1035
2965 0.2862 0.2574 0.1578 0.6142 0.1284 0.0996
2970 0.2781 0.2622 0.1539 0.6136 0.1242 0.1083
2975 0.2784 0.2530 0.1517 0.6204 0.1266 0.1012
2980 0.2837 0.2569 0.1579 0.6173 0.1257 0.0990
2985 0.2969 0.2661 0.1637 0.6007 0.1332 0.1024
2990 0.2983 0.2621 0.1611 0.6007 0.1372 0.1010
2995 0.2978 0.2654 0.1644 0.6012 0.1334 0.1010
