3000 0.4002 0.3489 0.2373 0.4883 0.1628 0.1116
3005 0.4080 0.3494 0.2447 0.4873 0.1633 0.1047
3010 0.4088 0.3520 0.2477 0.4869 0.1611 0.1044
3015 0.4084 0.3434 0.2414 0.4895 0.1670 0.1020
3020 0.4025 0.3145 0.2272 0.5102 0.1753 0.0873
3025 0.3887 0.3237 0.2217 0.5092 0.1670 0.1020
3030 0.3805 0.3559 0.2267 0.4903 0.1537 0.1292
3035 0.3608 0.3688 0.2252 0.4956 0.1356 0.1436
3040 0.3553 0.3738 0.2206 0.4916 0.1347 0.1531
3045 0.3387 0.3617 0.2245 0.5241 0.1142 0.1372
3050 0.3638 0.3659 0.2356 0.5059 0.1281 0.1303
3055 0.3706 0.3620 0.2322 0.4995 0.1384 0.1298
3060 0.3608 0.3791 0.2223 0.4825 0.1384 0.1567
3065 0.3602 0.3686 0.2222 0.4934 0.1380 0.1464
3070 0.3578 0.3673 0.2206 0.4955 0.1372 0.1467
3075 0.3633 0.3791 0.2291 0.4867 0.1342 0.1500
3080 0.3672 0.3692 0.2239 0.4875 0.1433 0.1453
3085 0.3709 0.3989 0.2339 0.4641 0.1370 0.1650
3090 0.3762 0.3844 0.2366 0.4759 0.1397 0.1478
3095 0.3711 0.3658 0.2281 0.4913 0.1430 0.1377
3100 0.3800 0.3433 0.2197 0.4964 0.1603 0.1236
3105 0.3919 0.3408 0.2194 0.4867 0.1725 0.1214
3110 0.3953 0.3423 0.2200 0.4823 0.1753 0.1223
3115 0.3828 0.3294 0.2092 0.4970 0.1736 0.1202
3120 0.3786 0.3342 0.2169 0.5041 0.1617 0.1173
3125 0.3755 0.3544 0.2169 0.4870 0.1586 0.1375
3130 0.3875 0.3638 0.2188 0.4675 0.1688 0.1450
3135 0.3995 0.3942 0.2387 0.4450 0.1608 0.1555
3140 0.4078 0.3930 0.2484 0.4477 0.1594 0.1445
3145 0.4078 0.3891 0.2392 0.4423 0.1686 0.1498
3150 0.4128 0.3812 0.2378 0.4437 0.1750 0.1434
3155 0.3841 0.3761 0.2319 0.4717 0.1522 0.1442
3160 0.3817 0.3925 0.2311 0.4569 0.1506 0.1614
3165 0.3787 0.4000 0.2308 0.4520 0.1480 0.1692
3170 0.3603 0.4127 0.2191 0.4461 0.1412 0.1936
3175 0.3606 0.4027 0.2228 0.4595 0.1378 0.1798
3180 0.3584 0.3994 0.2272 0.4694 0.1313 0.1722
3185 0.3809 0.3914 0.2439 0.4716 0.1370 0.1475
3190 0.3867 0.3784 0.2445 0.4794 0.1422 0.1339
3195 0.3969 0.3489 0.2220 0.4763 0.1748 0.1269
3200 0.3911 0.3400 0.2117 0.4806 0.1794 0.1283
3205 0.3780 0.3427 0.2119 0.4913 0.1661 0.1308
3210 0.3644 0.3586 0.2250 0.5020 0.1394 0.1336
3215 0.3678 0.3655 0.2384 0.5052 0.1294 0.1270
3220 0.3713 0.3725 0.2473 0.5036 0.1239 0.1252
3225 0.3575 0.3619 0.2261 0.5067 0.1314 0.1358
3230 0.3520 0.3675 0.2238 0.5042 0.1283 0.1437
3235 0.3488 0.3780 0.2234 0.4967 0.1253 0.1545
3240 0.3555 0.3866 0.2331 0.4911 0.1223 0.1534
3245 0.3802 0.3928 0.2420 0.4691 0.1381 0.1508
3250 0.4047 0.3973 0.2552 0.4531 0.1495 0.1422
3255 0.4027 0.3875 0.2492 0.4591 0.1534 0.1383
3260 0.3908 0.3933 0.2406 0.4566 0.1502 0.1527
3265 0.4113 0.3887 0.2298 0.4298 0.1814 0.1589
3270 0.4177 0.3875 0.2336 0.4284 0.1841 0.1539
3275 0.4373 0.3837 0.2345 0.4134 0.2028 0.1492
3280 0.4470 0.3739 0.2425 0.4216 0.2045 0.1314
3285 0.4433 0.3848 0.2592 0.4311 0.1841 0.1256
3290 0.4400 0.3850 0.2589 0.4339 0.1811 0.1261
3295 0.4384 0.3934 0.2553 0.4234 0.1831 0.1381
3300 0.4292 0.3853 0.2469 0.4323 0.1823 0.1384
3305 0.4338 0.4000 0.2566 0.4228 0.1772 0.1434
3310 0.4344 0.4078 0.2617 0.4195 0.1727 0.1461
3315 0.4084 0.4105 0.2414 0.4225 0.1670 0.1691
3320 0.3945 0.4041 0.2266 0.4280 0.1680 0.1775
3325 0.3866 0.3922 0.2108 0.4320 0.1758 0.1814
3330 0.3880 0.3942 0.2141 0.4319 0.1739 0.1802
3335 0.3814 0.3903 0.2013 0.4295 0.1802 0.1891
3340 0.3689 0.3953 0.1977 0.4334 0.1713 0.1977
3345 0.3695 0.3981 0.2108 0.4431 0.1588 0.1873
3350 0.3672 0.3809 0.2062 0.4581 0.1609 0.1747
3355 0.3709 0.3691 0.2003 0.4603 0.1706 0.1688
3360 0.3855 0.3684 0.2103 0.4564 0.1752 0.1581
3365 0.3925 0.3738 0.2100 0.4437 0.1825 0.1638
3370 0.3991 0.3748 0.2053 0.4314 0.1938 0.1695
3375 0.3920 0.3867 0.2144 0.4356 0.1777 0.1723
3380 0.3927 0.3781 0.2236 0.4528 0.1691 0.1545
3385 0.3786 0.3941 0.2288 0.4561 0.1498 0.1653
3390 0.3772 0.3842 0.2328 0.4714 0.1444 0.1514
3395 0.3706 0.3927 0.2220 0.4587 0.1486 0.1706
3400 0.3748 0.3947 0.2155 0.4459 0.1594 0.1792
3405 0.3784 0.3742 0.2161 0.4634 0.1623 0.1581
3410 0.3881 0.3691 0.2136 0.4564 0.1745 0.1555
3415 0.3967 0.3647 0.2092 0.4478 0.1875 0.1555
3420 0.4064 0.3791 0.2244 0.4389 0.1820 0.1547
3425 0.3981 0.3922 0.2333 0.4430 0.1648 0.1589
3430 0.4031 0.4037 0.2338 0.4269 0.1694 0.1700
3435 0.3905 0.3956 0.2195 0.4334 0.1709 0.1761
3440 0.4084 0.4067 0.2127 0.3975 0.1958 0.1941
3445 0.4161 0.3958 0.2072 0.3953 0.2089 0.1886
3450 0.4097 0.4097 0.2173 0.3980 0.1923 0.1923
3455 0.3972 0.4114 0.2206 0.4120 0.1766 0.1908
3460 0.4019 0.4128 0.2303 0.4156 0.1716 0.1825
3465 0.4006 0.4164 0.2377 0.4206 0.1630 0.1787
3470 0.4028 0.3887 0.2269 0.4353 0.1759 0.1619
3475 0.3989 0.3875 0.2325 0.4461 0.1664 0.1550
3480 0.3925 0.3877 0.2236 0.4434 0.1689 0.1641
3485 0.3844 0.3989 0.2128 0.4295 0.1716 0.1861
3490 0.3853 0.4198 0.2183 0.4131 0.1670 0.2016
3495 0.3942 0.4102 0.2222 0.4178 0.1720 0.1880
3500 0.3827 0.4181 0.2078 0.4070 0.1748 0.2103
3505 0.3847 0.3953 0.2052 0.4252 0.1795 0.1902
3510 0.3797 0.3777 0.1959 0.4386 0.1837 0.1817
3515 0.4033 0.3555 0.2022 0.4434 0.2011 0.1533
3520 0.4041 0.3619 0.2092 0.4433 0.1948 0.1527
3525 0.3969 0.3631 0.1989 0.4389 0.1980 0.1642
3530 0.3862 0.3886 0.2055 0.4306 0.1808 0.1831
3535 0.3950 0.4075 0.2220 0.4195 0.1730 0.1855
3540 0.3862 0.4191 0.2220 0.4167 0.1642 0.1970
3545 0.3923 0.4091 0.2198 0.4184 0.1725 0.1892
3550 0.3906 0.4075 0.2098 0.4117 0.1808 0.1977
3555 0.3931 0.3964 0.2192 0.4297 0.1739 0.1772
3560 0.3916 0.3914 0.2159 0.4330 0.1756 0.1755
3565 0.3842 0.3934 0.2180 0.4403 0.1663 0.1755
3570 0.3833 0.4067 0.2198 0.4298 0.1634 0.1869
3575 0.4016 0.4113 0.2278 0.4150 0.1737 0.1834
3580 0.3975 0.4317 0.2298 0.4006 0.1677 0.2019
3585 0.4050 0.4448 0.2417 0.3919 0.1633 0.2031
3590 0.3931 0.4456 0.2267 0.3880 0.1664 0.2189
3595 0.4072 0.4544 0.2403 0.3787 0.1669 0.2141
3600 0.4056 0.4616 0.2355 0.3683 0.1702 0.2261
3605 0.4067 0.4481 0.2272 0.3723 0.1795 0.2209
3610 0.4014 0.4556 0.2186 0.3616 0.1828 0.2370
3615 0.3808 0.4487 0.2016 0.3720 0.1792 0.2472
3620 0.3772 0.4552 0.2092 0.3769 0.1680 0.2459
3625 0.3681 0.4764 0.2217 0.3772 0.1464 0.2547
3630 0.3744 0.4819 0.2236 0.3673 0.1508 0.2583
3635 0.3852 0.4875 0.2288 0.3561 0.1564 0.2587
3640 0.3928 0.4872 0.2309 0.3509 0.1619 0.2562
3645 0.3905 0.4688 0.2241 0.3648 0.1664 0.2447
3650 0.3769 0.4555 0.2061 0.3738 0.1708 0.2494
3655 0.3645 0.4437 0.2006 0.3923 0.1639 0.2431
3660 0.3677 0.4372 0.2006 0.3958 0.1670 0.2366
3665 0.3650 0.4430 0.2006 0.3927 0.1644 0.2423
3670 0.3603 0.4412 0.2030 0.4014 0.1573 0.2383
3675 0.3787 0.4409 0.2161 0.3964 0.1627 0.2248
3680 0.3853 0.4434 0.2200 0.3912 0.1653 0.2234
3685 0.3827 0.4483 0.2194 0.3884 0.1633 0.2289
3690 0.3817 0.4578 0.2205 0.3809 0.1613 0.2373
3695 0.3950 0.4656 0.2295 0.3689 0.1655 0.2361
3700 0.3936 0.4553 0.2255 0.3766 0.1681 0.2298
3705 0.3873 0.4587 0.2283 0.3822 0.1591 0.2305
3710 0.3816 0.4462 0.2269 0.3991 0.1547 0.2194
3715 0.3870 0.4467 0.2239 0.3902 0.1631 0.2228
3720 0.3684 0.4387 0.2112 0.4041 0.1572 0.2275
3725 0.3550 0.4342 0.1961 0.4069 0.1589 0.2381
3730 0.3350 0.4167 0.1706 0.4189 0.1644 0.2461
3735 0.3319 0.4008 0.1606 0.4280 0.1713 0.2402
3740 0.3319 0.4278 0.1780 0.4183 0.1539 0.2498
3745 0.3602 0.4461 0.1911 0.3848 0.1691 0.2550
3750 0.3559 0.4545 0.2048 0.3944 0.1511 0.2497
3755 0.3719 0.4480 0.2167 0.3969 0.1552 0.2313
3760 0.3736 0.4428 0.2170 0.4006 0.1566 0.2258
3765 0.3787 0.4170 0.2066 0.4108 0.1722 0.2105
3770 0.3828 0.4061 0.2158 0.4269 0.1670 0.1903
3775 0.3841 0.3875 0.2016 0.4300 0.1825 0.1859
3780 0.3884 0.3869 0.1964 0.4211 0.1920 0.1905
3785 0.3884 0.3844 0.1873 0.4145 0.2011 0.1970
3790 0.3844 0.4031 0.1911 0.4036 0.1933 0.2120
3795 0.3741 0.4203 0.2066 0.4122 0.1675 0.2137
3800 0.3458 0.4394 0.1972 0.4120 0.1486 0.2422
3805 0.3461 0.4355 0.1933 0.4117 0.1528 0.2422
3810 0.3614 0.4208 0.1839 0.4017 0.1775 0.2369
3815 0.3781 0.4164 0.1922 0.3977 0.1859 0.2242
3820 0.3875 0.4050 0.1841 0.3916 0.2034 0.2209
3825 0.3891 0.3770 0.1802 0.4141 0.2089 0.1969
3830 0.3705 0.3652 0.1803 0.4447 0.1902 0.1848
3835 0.3761 0.3759 0.1823 0.4303 0.1938 0.1936
3840 0.3798 0.3766 0.1894 0.4330 0.1905 0.1872
3845 0.3666 0.4094 0.1953 0.4194 0.1713 0.2141
3850 0.3614 0.4241 0.2017 0.4163 0.1597 0.2223
3855 0.3381 0.4333 0.1942 0.4228 0.1439 0.2391
3860 0.3502 0.4364 0.2078 0.4213 0.1423 0.2286
3865 0.3611 0.4316 0.2109 0.4183 0.1502 0.2206
3870 0.3839 0.4441 0.2350 0.4070 0.1489 0.2091
3875 0.4097 0.4211 0.2414 0.4106 0.1683 0.1797
3880 0.4142 0.4217 0.2491 0.4131 0.1652 0.1727
3885 0.4077 0.4005 0.2281 0.4200 0.1795 0.1723
3890 0.4111 0.4020 0.2273 0.4142 0.1837 0.1747
3895 0.4023 0.3914 0.2119 0.4181 0.1905 0.1795
3900 0.3941 0.3819 0.2080 0.4320 0.1861 0.1739
3905 0.3983 0.3819 0.2119 0.4317 0.1864 0.1700
3910 0.3872 0.3925 0.2023 0.4227 0.1848 0.1902
3915 0.3711 0.4042 0.1998 0.4245 0.1713 0.2044
3920 0.3611 0.4008 0.2148 0.4530 0.1462 0.1859
3925 0.3458 0.4117 0.2116 0.4541 0.1342 0.2002
3930 0.3498 0.3981 0.1961 0.4481 0.1537 0.2020
3935 0.3563 0.4036 0.2003 0.4405 0.1559 0.2033
3940 0.3592 0.3975 0.1991 0.4423 0.1602 0.1984
3945 0.3673 0.4081 0.2077 0.4322 0.1597 0.2005
3950 0.3837 0.4244 0.2236 0.4155 0.1602 0.2008
3955 0.3917 0.4250 0.2278 0.4111 0.1639 0.1972
3960 0.4067 0.4197 0.2411 0.4147 0.1656 0.1786
3965 0.4206 0.4142 0.2398 0.4050 0.1808 0.1744
3970 0.4211 0.4127 0.2402 0.4064 0.1809 0.1725
3975 0.4144 0.4141 0.2348 0.4064 0.1795 0.1792
3980 0.4088 0.4192 0.2259 0.3980 0.1828 0.1933
3985 0.4113 0.4208 0.2273 0.3953 0.1839 0.1934
3990 0.4091 0.4214 0.2278 0.3973 0.1812 0.1936
3995 0.4061 0.4234 0.2248 0.3953 0.1812 0.1986
