5000 0.4432 0.3581 0.1890 0.3877 0.2542 0.1691
5005 0.4411 0.3560 0.1833 0.3863 0.2577 0.1727
5010 0.4407 0.3560 0.1837 0.3870 0.2570 0.1723
5015 0.4418 0.3677 0.1855 0.3759 0.2563 0.1823
5020 0.4439 0.3827 0.2250 0.3984 0.2189 0.1577
5025 0.4560 0.4350 0.2716 0.3806 0.1844 0.1634
5030 0.4745 0.4699 0.2994 0.3549 0.1752 0.1705
5035 0.4945 0.4724 0.2855 0.3186 0.2090 0.1869
5040 0.5098 0.4546 0.2848 0.3204 0.2250 0.1698
5045 0.4820 0.4393 0.2513 0.3300 0.2307 0.1880
5050 0.4454 0.4347 0.2047 0.3247 0.2407 0.2300
5055 0.4226 0.4240 0.1905 0.3439 0.2321 0.2335
5060 0.4140 0.4240 0.1969 0.3588 0.2172 0.2271
5065 0.4162 0.4315 0.2093 0.3617 0.2068 0.2221
5070 0.3848 0.4386 0.1937 0.3702 0.1912 0.2449
5075 0.3966 0.4407 0.1819 0.3446 0.2147 0.2588
5080 0.4080 0.4422 0.2175 0.3674 0.1905 0.2246
5085 0.4140 0.4386 0.2204 0.3677 0.1937 0.2182
5090 0.3873 0.4461 0.2275 0.3941 0.1598 0.2186
5095 0.3934 0.4535 0.2435 0.3966 0.1499 0.2100
5100 0.3581 0.4354 0.1922 0.3987 0.1659 0.2431
5105 0.3816 0.4236 0.2019 0.3966 0.1798 0.2218
5110 0.3774 0.4333 0.2093 0.3987 0.1680 0.2239
5115 0.3927 0.4386 0.2200 0.3888 0.1727 0.2186
5120 0.4026 0.4147 0.2303 0.4130 0.1723 0.1844
5125 0.4236 0.4051 0.2528 0.4240 0.1709 0.1524
5130 0.4140 0.4219 0.2609 0.4251 0.1531 0.1609
5135 0.4500 0.4457 0.2876 0.3920 0.1623 0.1581
5140 0.4532 0.4980 0.2884 0.3371 0.1648 0.2097
5145 0.4112 0.5162 0.2563 0.3289 0.1549 0.2599
5150 0.4137 0.5176 0.2353 0.3040 0.1784 0.2823
5155 0.4215 0.5101 0.2481 0.3165 0.1734 0.2620
5160 0.4009 0.4891 0.2229 0.3329 0.1780 0.2663
5165 0.3838 0.4795 0.2278 0.3645 0.1559 0.2517
5170 0.3980 0.4745 0.2289 0.3564 0.1691 0.2456
5175 0.4048 0.4418 0.2189 0.3724 0.1858 0.2229
5180 0.3991 0.4436 0.2136 0.3710 0.1855 0.2300
5185 0.3528 0.4382 0.1972 0.4062 0.1556 0.2410
5190 0.3321 0.4340 0.1962 0.4300 0.1360 0.2378
5195 0.3425 0.4425 0.2118 0.4268 0.1307 0.2307
5200 0.3556 0.4297 0.2083 0.4229 0.1474 0.2214
5205 0.3695 0.4404 0.2303 0.4204 0.1392 0.2100
5210 0.3628 0.4365 0.2218 0.4226 0.1410 0.2147
5215 0.3905 0.4350 0.2236 0.3980 0.1670 0.2115
5220 0.3891 0.4379 0.2239 0.3969 0.1652 0.2140
5225 0.3937 0.4340 0.2207 0.3930 0.1730 0.2132
5230 0.3745 0.4375 0.2004 0.3884 0.1741 0.2371
5235 0.3802 0.4247 0.1865 0.3816 0.1937 0.2382
5240 0.3859 0.4300 0.1858 0.3699 0.2001 0.2442
5245 0.3656 0.3948 0.1883 0.4279 0.1773 0.2065
5250 0.3450 0.3816 0.1787 0.4521 0.1663 0.2029
5255 0.3346 0.3834 0.1841 0.4660 0.1506 0.1994
5260 0.3549 0.3759 0.1655 0.4347 0.1894 0.2104
5265 0.3603 0.3905 0.1709 0.4201 0.1894 0.2197
5270 0.3727 0.3863 0.1616 0.4026 0.2111 0.2246
5275 0.3920 0.3998 0.1919 0.4001 0.2001 0.2079
5280 0.4001 0.3923 0.2104 0.4179 0.1897 0.1819
5285 0.4137 0.4329 0.2624 0.4158 0.1513 0.1705
5290 0.4144 0.4350 0.2577 0.4083 0.1566 0.1773
5295 0.3912 0.4208 0.2453 0.4333 0.1460 0.1755
5300 0.3695 0.4471 0.2321 0.4155 0.1374 0.2150
5305 0.3574 0.4322 0.2243 0.4347 0.1331 0.2079
5310 0.3628 0.4147 0.2143 0.4368 0.1485 0.2004
5315 0.4062 0.4582 0.2282 0.3638 0.1780 0.2300
5320 0.4254 0.4621 0.2221 0.3346 0.2033 0.2399
5325 0.4133 0.4713 0.2197 0.3350 0.1937 0.2517
5330 0.3866 0.4795 0.2175 0.3514 0.1691 0.2620
5335 0.3831 0.4464 0.1858 0.3564 0.1972 0.2606
5340 0.3770 0.4226 0.1634 0.3638 0.2136 0.2592
5345 0.3603 0.4026 0.1438 0.3809 0.2164 0.2588
5350 0.3770 0.4083 0.1630 0.3777 0.2140 0.2453
5355 0.3571 0.4286 0.1655 0.3799 0.1915 0.2631
5360 0.3464 0.4236 0.1638 0.3937 0.1826 0.2599
5365 0.3460 0.4140 0.1734 0.4133 0.1727 0.2407
5370 0.3645 0.4286 0.2019 0.4087 0.1627 0.2268
5375 0.4005 0.4443 0.2275 0.3827 0.1730 0.2168
5380 0.4318 0.4354 0.2431 0.3759 0.1887 0.1922
5385 0.4382 0.4286 0.2204 0.3535 0.2179 0.2083
5390 0.4272 0.4315 0.2118 0.3532 0.2154 0.2197
5395 0.4251 0.4336 0.2108 0.3521 0.2143 0.2229
5400 0.4464 0.4468 0.2300 0.3368 0.2164 0.2168
5405 0.4379 0.4603 0.2403 0.3421 0.1976 0.2200
5410 0.4532 0.4532 0.2535 0.3471 0.1997 0.1997
5415 0.4471 0.4478 0.2414 0.3464 0.2058 0.2065
5420 0.4272 0.4582 0.2289 0.3435 0.1983 0.2293
5425 0.4293 0.4525 0.2339 0.3521 0.1954 0.2186
5430 0.4236 0.4372 0.2204 0.3596 0.2033 0.2168
5435 0.3909 0.4026 0.1773 0.3838 0.2136 0.2253
5440 0.3720 0.3891 0.1730 0.4119 0.1990 0.2161
5445 0.3656 0.3838 0.1727 0.4233 0.1930 0.2111
5450 0.3756 0.3977 0.1983 0.4251 0.1773 0.1994
5455 0.4030 0.4055 0.2179 0.4094 0.1851 0.1876
5460 0.4251 0.4087 0.2357 0.4019 0.1894 0.1730
5465 0.4101 0.3909 0.2239 0.4229 0.1862 0.1670
5470 0.4069 0.3873 0.2200 0.4258 0.1869 0.1673
5475 0.3977 0.3720 0.2026 0.4329 0.1951 0.1695
5480 0.3962 0.3677 0.1873 0.4233 0.2090 0.1805
5485 0.4155 0.3400 0.1552 0.3998 0.2602 0.1848
5490 0.4222 0.3546 0.1613 0.3845 0.2609 0.1933
5495 0.4051 0.3795 0.1598 0.3752 0.2453 0.2197
5500 0.3777 0.4119 0.1734 0.3838 0.2043 0.2385
5505 0.3485 0.4468 0.1787 0.3834 0.1698 0.2681
5510 0.3375 0.4140 0.1616 0.4101 0.1759 0.2524
5515 0.3368 0.4251 0.1826 0.4208 0.1541 0.2424
5520 0.3446 0.4219 0.1969 0.4304 0.1477 0.2250
5525 0.3713 0.4197 0.1969 0.4058 0.1744 0.2229
5530 0.3766 0.4290 0.1865 0.3809 0.1901 0.2424
5535 0.3930 0.4037 0.1730 0.3763 0.2200 0.2307
5540 0.4080 0.4048 0.1862 0.3734 0.2218 0.2186
5545 0.4001 0.4083 0.2047 0.3962 0.1954 0.2036
5550 0.3766 0.3902 0.1908 0.4240 0.1858 0.1994
5555 0.3688 0.3984 0.1798 0.4126 0.1890 0.2186
5560 0.3912 0.4240 0.2058 0.3905 0.1855 0.2182
5565 0.4055 0.4617 0.2335 0.3663 0.1719 0.2282
5570 0.4137 0.4795 0.2332 0.3400 0.1805 0.2464
5575 0.4030 0.5023 0.2396 0.3343 0.1634 0.2627
5580 0.3977 0.5215 0.2424 0.3232 0.1552 0.2791
5585 0.4037 0.4941 0.2229 0.3250 0.1808 0.2713
5590 0.4226 0.4977 0.2606 0.3403 0.1620 0.2371
5595 0.4261 0.4656 0.2656 0.3738 0.1606 0.2001
5600 0.4308 0.4931 0.2812 0.3574 0.1495 0.2118
5605 0.4087 0.4614 0.2503 0.3802 0.1584 0.2111
5610 0.3724 0.4493 0.2250 0.4033 0.1474 0.2243
5615 0.3880 0.4635 0.2342 0.3827 0.1538 0.2293
5620 0.4001 0.4496 0.2499 0.4001 0.1502 0.1997
5625 0.4347 0.4567 0.2798 0.3884 0.1549 0.1769
5630 0.4546 0.4564 0.2998 0.3888 0.1549 0.1566
5635 0.4589 0.4375 0.2855 0.3891 0.1734 0.1520
5640 0.4343 0.4343 0.2748 0.4062 0.1595 0.1595
5645 0.4254 0.4076 0.2439 0.4108 0.1816 0.1638
5650 0.4044 0.4261 0.2346 0.4041 0.1698 0.1915
5655 0.3720 0.4297 0.1979 0.3962 0.1741 0.2318
5660 0.3756 0.4439 0.1997 0.3802 0.1759 0.2442
5665 0.4019 0.4635 0.2154 0.3499 0.1865 0.2481
5670 0.4229 0.4778 0.2253 0.3247 0.1976 0.2524
5675 0.4343 0.4888 0.2563 0.3332 0.1780 0.2325
5680 0.4571 0.4781 0.2720 0.3368 0.1851 0.2061
5685 0.4493 0.4607 0.2659 0.3560 0.1833 0.1947
5690 0.4770 0.4244 0.2649 0.3635 0.2122 0.1595
5695 0.4788 0.4582 0.2805 0.3435 0.1983 0.1776
5700 0.4767 0.4589 0.2684 0.3329 0.2083 0.1905
5705 0.4639 0.4909 0.2677 0.3129 0.1962 0.2232
5710 0.4311 0.4678 0.2399 0.3410 0.1912 0.2278
5715 0.4073 0.4681 0.2218 0.3464 0.1855 0.2464
5720 0.3898 0.4713 0.2097 0.3485 0.1801 0.2617
5725 0.4240 0.4742 0.2186 0.3204 0.2054 0.2556
5730 0.4041 0.4685 0.2118 0.3393 0.1922 0.2567
5735 0.3756 0.4550 0.2008 0.3702 0.1748 0.2542
5740 0.3674 0.4525 0.1940 0.3742 0.1734 0.2585
5745 0.3428 0.4414 0.1798 0.3955 0.1630 0.2617
5750 0.3489 0.4489 0.1922 0.3944 0.1566 0.2567
5755 0.3720 0.4596 0.2033 0.3717 0.1687 0.2563
5760 0.3734 0.4792 0.2125 0.3599 0.1609 0.2666
5765 0.3934 0.4667 0.2115 0.3514 0.1819 0.2553
5770 0.3980 0.4543 0.1972 0.3450 0.2008 0.2570
5775 0.4397 0.4464 0.2125 0.3265 0.2271 0.2339
5780 0.4272 0.4204 0.1962 0.3485 0.2310 0.2243
5785 0.4400 0.4176 0.2211 0.3635 0.2189 0.1965
5790 0.4368 0.4215 0.2143 0.3560 0.2225 0.2072
5795 0.4187 0.4578 0.2125 0.3361 0.2061 0.2453
5800 0.4254 0.4365 0.2357 0.3738 0.1897 0.2008
5805 0.4211 0.4219 0.2382 0.3952 0.1830 0.1837
5810 0.4176 0.4098 0.2460 0.4187 0.1716 0.1638
5815 0.4158 0.4133 0.2389 0.4098 0.1769 0.1744
5820 0.4026 0.4019 0.2360 0.4315 0.1666 0.1659
5825 0.3937 0.4176 0.2182 0.4069 0.1755 0.1994
5830 0.3866 0.4258 0.2268 0.4144 0.1598 0.1990
5835 0.3766 0.4268 0.2182 0.4147 0.1584 0.2086
5840 0.3980 0.4112 0.2115 0.4023 0.1865 0.1997
5845 0.3927 0.4080 0.1819 0.3813 0.2108 0.2261
5850 0.3880 0.3980 0.1798 0.3937 0.2083 0.2182
5855 0.3841 0.4026 0.1784 0.3916 0.2058 0.2243
5860 0.3745 0.3895 0.1823 0.4183 0.1922 0.2072
5865 0.3734 0.4044 0.1969 0.4190 0.1766 0.2075
5870 0.3944 0.4343 0.2410 0.4122 0.1534 0.1933
5875 0.3909 0.4653 0.2510 0.3948 0.1399 0.2143
5880 0.4233 0.5041 0.2766 0.3492 0.1467 0.2275
5885 0.4411 0.5123 0.2830 0.3297 0.1581 0.2293
5890 0.4429 0.5283 0.2951 0.3240 0.1477 0.2332
5895 0.4233 0.5101 0.2734 0.3400 0.1499 0.2367
5900 0.4094 0.5101 0.2471 0.3275 0.1623 0.2631
5905 0.4151 0.5130 0.2556 0.3275 0.1595 0.2574
5910 0.4322 0.5034 0.2421 0.3065 0.1901 0.2613
5915 0.4219 0.4966 0.2339 0.3154 0.1880 0.2627
5920 0.4308 0.4628 0.2097 0.3161 0.2211 0.2531
5925 0.4304 0.4721 0.2189 0.3165 0.2115 0.2531
5930 0.4496 0.4425 0.2211 0.3289 0.2286 0.2214
5935 0.4603 0.4372 0.2275 0.3300 0.2328 0.2097
5940 0.4706 0.4333 0.2446 0.3407 0.2261 0.1887
5945 0.4646 0.4233 0.2496 0.3617 0.2150 0.1737
5950 0.4521 0.4315 0.2506 0.3670 0.2015 0.1808
5955 0.4464 0.4247 0.2143 0.3432 0.2321 0.2104
5960 0.4361 0.4368 0.1937 0.3208 0.2424 0.2431
5965 0.4350 0.4528 0.1919 0.3040 0.2431 0.2609
5970 0.4336 0.4575 0.2001 0.3090 0.2335 0.2574
5975 0.4272 0.4471 0.1951 0.3208 0.2321 0.2520
5980 0.3977 0.4582 0.1734 0.3176 0.2243 0.2848
5985 0.3816 0.4575 0.1645 0.3254 0.2172 0.2930
5990 0.3877 0.4600 0.1687 0.3211 0.2189 0.2912
5995 0.3895 0.4621 0.1744 0.3229 0.2150 0.2876
