14000 0.4849 0.4464 0.2916 0.3603 0.1933 0.1549
14005 0.4717 0.4443 0.2755 0.3596 0.1962 0.1687
14010 0.4696 0.4503 0.2755 0.3556 0.1940 0.1748
14015 0.4738 0.4461 0.2695 0.3496 0.2043 0.1766
14020 0.5034 0.4165 0.2674 0.3475 0.2360 0.1492
14025 0.5187 0.4026 0.2702 0.3489 0.2485 0.1324
14030 0.5105 0.4080 0.2599 0.3414 0.2506 0.1481
14035 0.4653 0.4179 0.2385 0.3553 0.2268 0.1794
14040 0.4721 0.4133 0.2310 0.3457 0.2410 0.1823
14045 0.4760 0.4197 0.2218 0.3261 0.2542 0.1979
14050 0.4899 0.4397 0.2410 0.3115 0.2488 0.1986
14055 0.5002 0.4461 0.2606 0.3143 0.2396 0.1855
14060 0.4785 0.4881 0.2666 0.3001 0.2118 0.2214
14065 0.4906 0.4842 0.2869 0.3122 0.2036 0.1972
14070 0.4521 0.4874 0.2766 0.3371 0.1755 0.2108
14075 0.4731 0.4831 0.2802 0.3240 0.1930 0.2029
14080 0.5009 0.4575 0.2727 0.3143 0.2282 0.1848
14085 0.5365 0.4518 0.2916 0.3033 0.2449 0.1602
14090 0.5358 0.4461 0.2773 0.2955 0.2585 0.1687
14095 0.5169 0.4511 0.2706 0.3026 0.2464 0.1805
14100 0.4995 0.4354 0.2602 0.3254 0.2392 0.1752
14105 0.4856 0.4122 0.2268 0.3289 0.2588 0.1855
14110 0.4713 0.4201 0.2243 0.3329 0.2471 0.1958
14115 0.4567 0.4055 0.1997 0.3375 0.2570 0.2058
14120 0.4931 0.4172 0.2075 0.2973 0.2855 0.2097
14125 0.4653 0.3994 0.1780 0.3133 0.2873 0.2214
14130 0.4389 0.3695 0.1716 0.3631 0.2674 0.1979
14135 0.4147 0.3603 0.1673 0.3923 0.2474 0.1930
14140 0.4215 0.3403 0.1524 0.3905 0.2691 0.1880
14145 0.4368 0.3389 0.1901 0.4144 0.2467 0.1488
14150 0.4425 0.3496 0.1994 0.4073 0.2431 0.1502
14155 0.4550 0.3556 0.2157 0.4051 0.2392 0.1399
14160 0.4446 0.3631 0.2022 0.3944 0.2424 0.1609
14165 0.4628 0.3706 0.2339 0.4005 0.2289 0.1367
14170 0.4649 0.3834 0.1976 0.3492 0.2674 0.1858
14175 0.5069 0.4076 0.2453 0.3307 0.2617 0.1623
14180 0.5048 0.4208 0.2456 0.3200 0.2592 0.1752
14185 0.5069 0.4286 0.2652 0.3297 0.2417 0.1634
14190 0.4856 0.4689 0.2738 0.3193 0.2118 0.1951
14195 0.5112 0.4539 0.2816 0.3165 0.2296 0.1723
14200 0.4867 0.4461 0.2577 0.3250 0.2289 0.1883
14205 0.4834 0.4511 0.2542 0.3197 0.2293 0.1969
14210 0.4685 0.4268 0.2410 0.3457 0.2275 0.1858
14215 0.4713 0.4172 0.2471 0.3585 0.2243 0.1702
14220 0.4211 0.4268 0.2118 0.3638 0.2093 0.2150
14225 0.4293 0.4108 0.1922 0.3521 0.2371 0.2186
14230 0.4233 0.4112 0.1773 0.3428 0.2460 0.2339
14235 0.4429 0.4233 0.2150 0.3489 0.2278 0.2083
14240 0.4881 0.4674 0.2841 0.3286 0.2040 0.1833
14245 0.5080 0.4642 0.3072 0.3350 0.2008 0.1570
14250 0.4966 0.4770 0.3083 0.3346 0.1883 0.1687
14255 0.4881 0.4763 0.2983 0.3339 0.1897 0.1780
14260 0.4870 0.4767 0.3062 0.3425 0.1808 0.1705
14265 0.4674 0.4713 0.2812 0.3425 0.1862 0.1901
14270 0.4802 0.4745 0.2901 0.3354 0.1901 0.1844
14275 0.4692 0.4596 0.2706 0.3418 0.1986 0.1890
14280 0.4931 0.4706 0.2980 0.3343 0.1951 0.1727
14285 0.4849 0.4681 0.2948 0.3418 0.1901 0.1734
14290 0.5116 0.4667 0.2941 0.3158 0.2175 0.1727
14295 0.4909 0.4254 0.2642 0.3478 0.2268 0.1613
14300 0.5126 0.4062 0.2642 0.3453 0.2485 0.1420
14305 0.5247 0.3991 0.2698 0.3460 0.2549 0.1292
14310 0.5027 0.3848 0.2481 0.3606 0.2545 0.1367
14315 0.4842 0.3994 0.2520 0.3685 0.2321 0.1474
14320 0.4685 0.4222 0.2474 0.3567 0.2211 0.1748
14325 0.4592 0.4300 0.2342 0.3450 0.2250 0.1958
14330 0.4685 0.4375 0.2360 0.3300 0.2325 0.2015
14335 0.4446 0.4461 0.2261 0.3354 0.2186 0.2200
14340 0.4511 0.4211 0.2047 0.3325 0.2464 0.2164
14345 0.4589 0.4354 0.2100 0.3158 0.2488 0.2253
14350 0.4557 0.4222 0.2004 0.3225 0.2553 0.2218
14355 0.4763 0.4258 0.2371 0.3350 0.2392 0.1887
14360 0.5041 0.4308 0.2631 0.3282 0.2410 0.1677
14365 0.5087 0.4208 0.2595 0.3300 0.2492 0.1613
14370 0.4945 0.4397 0.2784 0.3443 0.2161 0.1613
14375 0.4738 0.4261 0.2777 0.3777 0.1962 0.1485
14380 0.4610 0.4354 0.2820 0.3855 0.1791 0.1534
14385 0.4571 0.4311 0.2606 0.3724 0.1965 0.1705
14390 0.4429 0.4279 0.2449 0.3742 0.1979 0.1830
14395 0.3969 0.4197 0.1954 0.3788 0.2015 0.2243
14400 0.3948 0.4169 0.1897 0.3781 0.2051 0.2271
14405 0.3934 0.3969 0.1937 0.4033 0.1997 0.2033
14410 0.4375 0.4037 0.2446 0.4033 0.1930 0.1591
14415 0.4535 0.4208 0.2698 0.3955 0.1837 0.1509
14420 0.4664 0.4535 0.2891 0.3692 0.1773 0.1645
14425 0.4699 0.4407 0.2755 0.3649 0.1944 0.1652
14430 0.4560 0.4525 0.2588 0.3503 0.1972 0.1937
14435 0.4382 0.4450 0.2503 0.3670 0.1880 0.1947
14440 0.4322 0.4482 0.2424 0.3621 0.1897 0.2058
14445 0.4550 0.4607 0.2524 0.3368 0.2026 0.2083
14450 0.4778 0.4799 0.2727 0.3151 0.2051 0.2072
14455 0.4785 0.4891 0.2727 0.3051 0.2058 0.2164
14460 0.4436 0.4845 0.2449 0.3168 0.1986 0.2396
14465 0.4486 0.4671 0.2353 0.3197 0.2132 0.2318
14470 0.4414 0.4436 0.2147 0.3297 0.2268 0.2289
14475 0.4539 0.4119 0.2172 0.3514 0.2367 0.1947
14480 0.4852 0.3888 0.2325 0.3585 0.2528 0.1563
14485 0.4535 0.4190 0.2147 0.3421 0.2389 0.2043
14490 0.4315 0.4261 0.2029 0.3453 0.2286 0.2232
14495 0.4069 0.4101 0.1655 0.3485 0.2414 0.2446
14500 0.3891 0.4300 0.1470 0.3279 0.2421 0.2830
14505 0.3884 0.4183 0.1381 0.3314 0.2503 0.2802
14510 0.3717 0.4322 0.1413 0.3375 0.2303 0.2909
14515 0.3706 0.4340 0.1588 0.3542 0.2118 0.2752
14520 0.3855 0.4179 0.1826 0.3791 0.2029 0.2353
14525 0.3727 0.4051 0.1541 0.3763 0.2186 0.2510
14530 0.4005 0.4190 0.1830 0.3635 0.2175 0.2360
14535 0.4343 0.4019 0.1986 0.3624 0.2357 0.2033
14540 0.4436 0.4144 0.2300 0.3720 0.2136 0.1844
14545 0.4172 0.3834 0.2239 0.4233 0.1933 0.1595
14550 0.4041 0.4048 0.2136 0.4048 0.1905 0.1912
14555 0.4083 0.4194 0.2100 0.3823 0.1983 0.2093
14560 0.4165 0.4283 0.2093 0.3645 0.2072 0.2189
14565 0.3920 0.4247 0.1926 0.3759 0.1994 0.2321
14570 0.3606 0.4240 0.1648 0.3802 0.1958 0.2592
14575 0.3631 0.4258 0.1805 0.3916 0.1826 0.2453
14580 0.3524 0.4300 0.1652 0.3827 0.1873 0.2649
14585 0.3549 0.4308 0.1655 0.3799 0.1894 0.2652
14590 0.3706 0.4304 0.1805 0.3795 0.1901 0.2499
14595 0.3962 0.4283 0.2019 0.3774 0.1944 0.2264
14600 0.4119 0.4261 0.2040 0.3660 0.2079 0.2221
14605 0.4293 0.4425 0.2189 0.3471 0.2104 0.2236
14610 0.4290 0.4507 0.2261 0.3464 0.2029 0.2246
14615 0.4009 0.4592 0.2132 0.3532 0.1876 0.2460
14620 0.4240 0.4468 0.2118 0.3410 0.2122 0.2350
14625 0.4286 0.4521 0.2115 0.3307 0.2172 0.2407
14630 0.4147 0.4361 0.1890 0.3382 0.2257 0.2471
14635 0.3863 0.4507 0.1816 0.3446 0.2047 0.2691
14640 0.4009 0.4724 0.1890 0.3158 0.2118 0.2834
14645 0.4204 0.4827 0.2182 0.3151 0.2022 0.2645
14650 0.3969 0.4899 0.2011 0.3143 0.1958 0.2887
14655 0.4201 0.4842 0.2225 0.3183 0.1976 0.2617
14660 0.3920 0.4927 0.2015 0.3168 0.1905 0.2912
14665 0.4005 0.4802 0.1851 0.3044 0.2154 0.2951
14670 0.3905 0.4507 0.1723 0.3311 0.2182 0.2784
14675 0.3717 0.4400 0.1424 0.3307 0.2293 0.2976
14680 0.3556 0.4642 0.1410 0.3211 0.2147 0.3232
14685 0.3638 0.4589 0.1531 0.3304 0.2108 0.3058
14690 0.4019 0.4660 0.1990 0.3311 0.2029 0.2670
14695 0.4083 0.4742 0.2164 0.3339 0.1919 0.2577
14700 0.4226 0.4738 0.2314 0.3350 0.1912 0.2424
14705 0.4016 0.4261 0.1816 0.3539 0.2200 0.2446
14710 0.3905 0.4108 0.1691 0.3677 0.2214 0.2417
14715 0.3564 0.4026 0.1403 0.3813 0.2161 0.2624
14720 0.3902 0.4062 0.1666 0.3702 0.2236 0.2396
14725 0.4133 0.4190 0.1812 0.3489 0.2321 0.2378
14730 0.4279 0.4361 0.1972 0.3332 0.2307 0.2389
14735 0.4820 0.4340 0.2204 0.3044 0.2617 0.2136
14740 0.4770 0.4261 0.2136 0.3104 0.2634 0.2125
14745 0.4653 0.4511 0.2164 0.3001 0.2488 0.2346
14750 0.4646 0.4671 0.2332 0.3015 0.2314 0.2339
14755 0.4560 0.4781 0.2264 0.2923 0.2296 0.2517
14760 0.4774 0.4988 0.2581 0.2820 0.2193 0.2407
14765 0.4204 0.5059 0.2243 0.2980 0.1962 0.2816
14770 0.4379 0.5190 0.2389 0.2820 0.1990 0.2802
14775 0.4379 0.5048 0.2488 0.3062 0.1890 0.2560
14780 0.4610 0.4863 0.2723 0.3250 0.1887 0.2140
14785 0.4763 0.4881 0.2852 0.3208 0.1912 0.2029
14790 0.4710 0.4471 0.2663 0.3482 0.2047 0.1808
14795 0.4379 0.4201 0.2253 0.3674 0.2125 0.1947
14800 0.4133 0.4137 0.1915 0.3645 0.2218 0.2221
14805 0.3920 0.4233 0.1940 0.3788 0.1979 0.2293
14810 0.4115 0.4311 0.2075 0.3649 0.2040 0.2236
14815 0.4165 0.4745 0.2303 0.3393 0.1862 0.2442
14820 0.4119 0.4945 0.2268 0.3204 0.1851 0.2677
14825 0.4208 0.4906 0.2278 0.3165 0.1930 0.2627
14830 0.4304 0.4767 0.2464 0.3393 0.1841 0.2303
14835 0.4155 0.4507 0.2218 0.3556 0.1937 0.2289
14840 0.4422 0.4304 0.2214 0.3489 0.2207 0.2090
14845 0.4375 0.4304 0.2175 0.3496 0.2200 0.2129
14850 0.4461 0.4407 0.2218 0.3350 0.2243 0.2189
14855 0.4261 0.4503 0.2036 0.3272 0.2225 0.2467
14860 0.4336 0.4721 0.2115 0.3058 0.2221 0.2606
14865 0.4511 0.4496 0.2218 0.3211 0.2293 0.2278
14870 0.4624 0.4778 0.2214 0.2812 0.2410 0.2563
14875 0.4770 0.4560 0.2186 0.2855 0.2585 0.2375
14880 0.4763 0.4422 0.2036 0.2852 0.2727 0.2385
14885 0.5023 0.4439 0.2282 0.2820 0.2741 0.2157
14890 0.4977 0.4475 0.2428 0.2976 0.2549 0.2047
14895 0.4446 0.4482 0.2125 0.3197 0.2321 0.2357
14900 0.3909 0.4439 0.1951 0.3603 0.1958 0.2488
14905 0.3635 0.4276 0.1680 0.3770 0.1954 0.2595
14910 0.3831 0.4290 0.1876 0.3756 0.1954 0.2414
14915 0.3838 0.4621 0.1812 0.3354 0.2026 0.2809
14920 0.3877 0.4881 0.1851 0.3094 0.2026 0.3030
14925 0.3870 0.4681 0.1759 0.3208 0.2111 0.2923
14930 0.3766 0.4621 0.1808 0.3421 0.1958 0.2812
14935 0.3966 0.4681 0.1915 0.3268 0.2051 0.2766
14940 0.4009 0.4799 0.2015 0.3208 0.1994 0.2784
14945 0.4222 0.4706 0.2246 0.3318 0.1976 0.2460
14950 0.4201 0.4635 0.2275 0.3439 0.1926 0.2360
14955 0.4201 0.4767 0.2236 0.3268 0.1965 0.2531
14960 0.4585 0.4560 0.2410 0.3265 0.2175 0.2150
14965 0.4578 0.4607 0.2389 0.3204 0.2189 0.2218
14970 0.4567 0.3980 0.1894 0.3346 0.2674 0.2086
14975 0.4621 0.3984 0.1869 0.3265 0.2752 0.2115
14980 0.4115 0.3912 0.1620 0.3592 0.2496 0.2293
14985 0.4211 0.4033 0.1915 0.3670 0.2296 0.2118
14990 0.4244 0.4130 0.2033 0.3660 0.2211 0.2097
14995 0.4247 0.4030 0.1983 0.3706 0.2264 0.2047
