2000 0.3962 0.4058 0.1517 0.3496 0.2446 0.2542
2005 0.4001 0.4076 0.1470 0.3393 0.2531 0.2606
2010 0.4048 0.4069 0.1438 0.3321 0.2609 0.2631
2015 0.4090 0.3916 0.1467 0.3460 0.2624 0.2449
2020 0.4240 0.3549 0.1470 0.3681 0.2770 0.2079
2025 0.4368 0.3685 0.1527 0.3475 0.2841 0.2157
2030 0.4393 0.3852 0.1727 0.3482 0.2666 0.2125
2035 0.4112 0.4179 0.1723 0.3432 0.2389 0.2456
2040 0.4297 0.4386 0.1545 0.2862 0.2752 0.2841
2045 0.3845 0.4521 0.1534 0.3168 0.2310 0.2987
2050 0.3823 0.4660 0.1506 0.3022 0.2318 0.3154
2055 0.3823 0.4685 0.1705 0.3197 0.2118 0.2980
2060 0.3660 0.4742 0.1645 0.3243 0.2015 0.3097
2065 0.3663 0.4745 0.1687 0.3279 0.1976 0.3058
2070 0.3475 0.4824 0.1488 0.3190 0.1986 0.3336
2075 0.3606 0.4859 0.1581 0.3115 0.2026 0.3279
2080 0.3311 0.4849 0.1520 0.3361 0.1791 0.3329
2085 0.3218 0.4767 0.1367 0.3382 0.1851 0.3400
2090 0.3250 0.4632 0.1324 0.3443 0.1926 0.3307
2095 0.3870 0.4767 0.1502 0.2866 0.2367 0.3265
2100 0.4101 0.4906 0.1719 0.2713 0.2382 0.3186
2105 0.4165 0.4863 0.1780 0.2752 0.2385 0.3083
2110 0.4407 0.4838 0.1883 0.2638 0.2524 0.2955
2115 0.4375 0.4685 0.2075 0.3015 0.2300 0.2609
2120 0.4642 0.4745 0.2335 0.2948 0.2307 0.2410
2125 0.4532 0.4414 0.2193 0.3247 0.2339 0.2221
2130 0.4372 0.4101 0.1954 0.3482 0.2417 0.2147
2135 0.4354 0.3905 0.1744 0.3485 0.2609 0.2161
2140 0.4276 0.4009 0.1773 0.3489 0.2503 0.2236
2145 0.4226 0.3923 0.1687 0.3539 0.2538 0.2236
2150 0.4311 0.4048 0.1784 0.3425 0.2528 0.2264
2155 0.4261 0.4048 0.1759 0.3450 0.2503 0.2289
2160 0.4144 0.4048 0.1737 0.3546 0.2407 0.2310
2165 0.4340 0.4005 0.1798 0.3453 0.2542 0.2207
2170 0.4389 0.4037 0.1848 0.3421 0.2542 0.2189
2175 0.4311 0.4030 0.1926 0.3585 0.2385 0.2104
2180 0.4354 0.4258 0.1990 0.3378 0.2364 0.2268
2185 0.4496 0.4276 0.2147 0.3375 0.2350 0.2129
2190 0.4347 0.4361 0.1990 0.3282 0.2357 0.2371
2195 0.4162 0.4350 0.1858 0.3346 0.2303 0.2492
2200 0.4037 0.4489 0.1698 0.3172 0.2339 0.2791
2205 0.4137 0.4592 0.1823 0.3094 0.2314 0.2770
2210 0.4187 0.4656 0.1830 0.2987 0.2357 0.2827
2215 0.4293 0.4564 0.1901 0.3044 0.2392 0.2663
2220 0.4169 0.4368 0.1844 0.3307 0.2325 0.2524
2225 0.4187 0.3845 0.1356 0.3325 0.2830 0.2488
2230 0.3863 0.3766 0.1168 0.3539 0.2695 0.2599
2235 0.3567 0.3859 0.1214 0.3788 0.2353 0.2645
2240 0.3777 0.4087 0.1474 0.3610 0.2303 0.2613
2245 0.3628 0.4219 0.1499 0.3653 0.2129 0.2720
2250 0.4179 0.4425 0.1687 0.3083 0.2492 0.2738
2255 0.4354 0.4318 0.1905 0.3232 0.2449 0.2414
2260 0.4532 0.4283 0.1976 0.3161 0.2556 0.2307
2265 0.4454 0.4033 0.1791 0.3304 0.2663 0.2243
2270 0.4365 0.4343 0.2108 0.3400 0.2257 0.2236
2275 0.4169 0.4365 0.2065 0.3532 0.2104 0.2300
2280 0.3948 0.4539 0.1851 0.3364 0.2097 0.2688
2285 0.3852 0.4368 0.1819 0.3599 0.2033 0.2549
2290 0.4066 0.4204 0.1869 0.3599 0.2197 0.2335
2295 0.4179 0.4283 0.1858 0.3396 0.2321 0.2424
2300 0.3816 0.4012 0.1673 0.3845 0.2143 0.2339
2305 0.4272 0.3806 0.1460 0.3382 0.2812 0.2346
2310 0.4300 0.3923 0.1670 0.3446 0.2631 0.2253
2315 0.4254 0.4090 0.1798 0.3453 0.2456 0.2293
2320 0.4201 0.4019 0.1723 0.3503 0.2478 0.2296
2325 0.4272 0.4090 0.1730 0.3368 0.2542 0.2360
2330 0.4194 0.3852 0.1659 0.3613 0.2535 0.2193
2335 0.4357 0.4069 0.1734 0.3307 0.2624 0.2335
2340 0.3927 0.3937 0.1517 0.3653 0.2410 0.2421
2345 0.3838 0.4009 0.1381 0.3535 0.2456 0.2627
2350 0.3813 0.4247 0.1385 0.3325 0.2428 0.2862
2355 0.3870 0.4197 0.1602 0.3535 0.2268 0.2595
2360 0.3738 0.4187 0.1655 0.3731 0.2083 0.2531
2365 0.3848 0.4211 0.1741 0.3681 0.2108 0.2471
2370 0.3969 0.3852 0.1719 0.3898 0.2250 0.2132
2375 0.4585 0.4126 0.1969 0.3257 0.2617 0.2157
2380 0.4621 0.4411 0.2068 0.3037 0.2553 0.2342
2385 0.4578 0.4389 0.2075 0.3108 0.2503 0.2314
2390 0.4375 0.4386 0.1901 0.3140 0.2474 0.2485
2395 0.4236 0.4525 0.2086 0.3325 0.2150 0.2439
2400 0.4211 0.4375 0.2054 0.3467 0.2157 0.2321
2405 0.4300 0.4187 0.1940 0.3453 0.2360 0.2246
2410 0.4300 0.4258 0.1901 0.3343 0.2399 0.2357
2415 0.4528 0.4325 0.1944 0.3090 0.2585 0.2382
2420 0.4215 0.4279 0.1848 0.3354 0.2367 0.2431
2425 0.4087 0.4340 0.1954 0.3528 0.2132 0.2385
2430 0.4144 0.4087 0.1794 0.3564 0.2350 0.2293
2435 0.4222 0.3952 0.1766 0.3592 0.2456 0.2186
2440 0.4133 0.4026 0.1769 0.3610 0.2364 0.2257
2445 0.3820 0.4126 0.1673 0.3727 0.2147 0.2453
2450 0.3788 0.4418 0.1791 0.3585 0.1997 0.2627
2455 0.3667 0.4400 0.1741 0.3674 0.1926 0.2659
2460 0.4119 0.4144 0.1737 0.3475 0.2382 0.2407
2465 0.4439 0.4051 0.1922 0.3432 0.2517 0.2129
2470 0.4635 0.4083 0.2097 0.3378 0.2538 0.1986
2475 0.4735 0.4130 0.2161 0.3297 0.2574 0.1969
2480 0.4325 0.3823 0.1659 0.3510 0.2666 0.2164
2485 0.4151 0.3952 0.1499 0.3396 0.2652 0.2453
2490 0.3927 0.3937 0.1534 0.3670 0.2392 0.2403
2495 0.3831 0.3888 0.1456 0.3738 0.2375 0.2431
2500 0.3980 0.3731 0.1577 0.3866 0.2403 0.2154
2505 0.3877 0.3574 0.1470 0.4019 0.2407 0.2104
2510 0.3966 0.3535 0.1460 0.3959 0.2506 0.2075
2515 0.4005 0.3428 0.1541 0.4108 0.2464 0.1887
2520 0.4080 0.3272 0.1613 0.4261 0.2467 0.1659
2525 0.4122 0.3286 0.1549 0.4140 0.2574 0.1737
2530 0.4062 0.3297 0.1520 0.4162 0.2542 0.1776
2535 0.4279 0.3713 0.1534 0.3542 0.2745 0.2179
2540 0.4329 0.3984 0.1595 0.3282 0.2734 0.2389
2545 0.4503 0.3987 0.1712 0.3222 0.2791 0.2275
2550 0.4546 0.4165 0.1915 0.3204 0.2631 0.2250
2555 0.4607 0.4461 0.2164 0.3097 0.2442 0.2296
2560 0.4585 0.4286 0.1908 0.3037 0.2677 0.2378
2565 0.4489 0.4183 0.1962 0.3289 0.2528 0.2221
2570 0.4703 0.4001 0.1969 0.3265 0.2734 0.2033
2575 0.4660 0.3912 0.1986 0.3414 0.2674 0.1926
2580 0.4357 0.3841 0.1894 0.3695 0.2464 0.1947
2585 0.4293 0.3909 0.2033 0.3831 0.2261 0.1876
2590 0.4318 0.3813 0.1876 0.3745 0.2442 0.1937
2595 0.4411 0.3848 0.1833 0.3574 0.2577 0.2015
2600 0.4304 0.3624 0.1719 0.3791 0.2585 0.1905
2605 0.3891 0.3617 0.1616 0.4108 0.2275 0.2001
2610 0.3738 0.3781 0.1673 0.4155 0.2065 0.2108
2615 0.3706 0.4044 0.1734 0.3984 0.1972 0.2310
2620 0.3642 0.4244 0.1652 0.3766 0.1990 0.2592
2625 0.3670 0.4365 0.1687 0.3653 0.1983 0.2677
2630 0.3923 0.4183 0.1858 0.3752 0.2065 0.2325
2635 0.4066 0.4044 0.1826 0.3717 0.2239 0.2218
2640 0.3880 0.3621 0.1641 0.4140 0.2239 0.1979
2645 0.3507 0.3521 0.1449 0.4422 0.2058 0.2072
2650 0.3649 0.3930 0.1613 0.4033 0.2036 0.2318
2655 0.3877 0.3923 0.1737 0.3937 0.2140 0.2186
2660 0.4272 0.4204 0.1766 0.3289 0.2506 0.2439
2665 0.4037 0.4062 0.1684 0.3585 0.2353 0.2378
2670 0.4151 0.4051 0.1808 0.3606 0.2342 0.2243
2675 0.4090 0.4105 0.1862 0.3667 0.2229 0.2243
2680 0.4162 0.4105 0.1780 0.3514 0.2382 0.2325
2685 0.4101 0.4076 0.1705 0.3528 0.2396 0.2371
2690 0.4418 0.4080 0.1833 0.3336 0.2585 0.2246
2695 0.4528 0.3880 0.1930 0.3521 0.2599 0.1951
2700 0.4624 0.4098 0.2157 0.3435 0.2467 0.1940
2705 0.4528 0.4468 0.2350 0.3354 0.2179 0.2118
2710 0.4048 0.4496 0.2111 0.3567 0.1937 0.2385
2715 0.4151 0.4600 0.2129 0.3378 0.2022 0.2471
2720 0.3848 0.4382 0.1979 0.3749 0.1869 0.2403
2725 0.3898 0.4019 0.1876 0.3959 0.2022 0.2143
2730 0.3866 0.3923 0.1666 0.3877 0.2200 0.2257
2735 0.3905 0.4137 0.1776 0.3734 0.2129 0.2360
2740 0.4069 0.4318 0.1773 0.3386 0.2296 0.2545
2745 0.3969 0.4489 0.1816 0.3357 0.2154 0.2674
2750 0.4108 0.4881 0.2140 0.3151 0.1969 0.2741
2755 0.4308 0.4980 0.2250 0.2962 0.2058 0.2731
2760 0.4329 0.5020 0.2293 0.2944 0.2036 0.2727
2765 0.4429 0.5052 0.2624 0.3143 0.1805 0.2428
2770 0.4379 0.4500 0.2353 0.3475 0.2026 0.2147
2775 0.4632 0.4671 0.2627 0.3325 0.2004 0.2043
2780 0.4781 0.4354 0.2556 0.3421 0.2225 0.1798
2785 0.4767 0.4190 0.2257 0.3300 0.2510 0.1933
2790 0.4660 0.4158 0.2161 0.3343 0.2499 0.1997
2795 0.4268 0.4432 0.2104 0.3403 0.2164 0.2328
2800 0.4119 0.4503 0.2236 0.3613 0.1883 0.2268
2805 0.3962 0.4585 0.2328 0.3781 0.1634 0.2257
2810 0.4037 0.4478 0.2193 0.3677 0.1844 0.2286
2815 0.4122 0.4130 0.1759 0.3507 0.2364 0.2371
2820 0.4176 0.4055 0.1798 0.3567 0.2378 0.2257
2825 0.4254 0.3930 0.1698 0.3514 0.2556 0.2232
2830 0.4436 0.3677 0.1787 0.3674 0.2649 0.1890
2835 0.4279 0.4062 0.1794 0.3453 0.2485 0.2268
2840 0.4187 0.3987 0.1680 0.3507 0.2506 0.2307
2845 0.3823 0.4001 0.1513 0.3688 0.2310 0.2488
2850 0.3980 0.3781 0.1598 0.3838 0.2382 0.2182
2855 0.3806 0.3254 0.1346 0.4286 0.2460 0.1908
2860 0.3848 0.3428 0.1324 0.4048 0.2524 0.2104
2865 0.3742 0.3261 0.1274 0.4272 0.2467 0.1986
2870 0.3863 0.3499 0.1477 0.4115 0.2385 0.2022
2875 0.3912 0.3606 0.1645 0.4126 0.2268 0.1962
2880 0.4133 0.3749 0.1741 0.3859 0.2392 0.2008
2885 0.4130 0.3752 0.1805 0.3923 0.2325 0.1947
2890 0.4254 0.3677 0.1990 0.4058 0.2264 0.1687
2895 0.4258 0.3859 0.2211 0.4094 0.2047 0.1648
2900 0.3944 0.4058 0.2111 0.4108 0.1833 0.1947
2905 0.3813 0.4155 0.2054 0.4087 0.1759 0.2100
2910 0.3934 0.4322 0.2243 0.3987 0.1691 0.2079
2915 0.4019 0.4112 0.1997 0.3866 0.2022 0.2115
2920 0.4090 0.4204 0.2026 0.3731 0.2065 0.2179
2925 0.4083 0.3941 0.1869 0.3845 0.2214 0.2072
2930 0.4194 0.3855 0.1897 0.3848 0.2296 0.1958
2935 0.4133 0.3852 0.1986 0.4001 0.2147 0.1865
2940 0.4169 0.4229 0.2054 0.3656 0.2115 0.2175
2945 0.4233 0.4425 0.2186 0.3528 0.2047 0.2239
2950 0.4347 0.4493 0.2193 0.3354 0.2154 0.2300
2955 0.4450 0.4503 0.2140 0.3186 0.2310 0.2364
2960 0.4357 0.4475 0.2172 0.3339 0.2186 0.2303
2965 0.3816 0.4062 0.1591 0.3713 0.2225 0.2471
2970 0.3443 0.3969 0.1613 0.4201 0.1830 0.2357
2975 0.3339 0.3499 0.1346 0.4507 0.1994 0.2154
2980 0.3222 0.3596 0.1299 0.4482 0.1922 0.2296
2985 0.3635 0.3727 0.1552 0.4190 0.2083 0.2175
2990 0.3610 0.3717 0.1449 0.4122 0.2161 0.2268
2995 0.3631 0.3816 0.1659 0.4211 0.1972 0.2157
