6000 0.4306 0.4050 0.2698 0.4342 0.1608 0.1352
6005 0.4345 0.4058 0.2748 0.4345 0.1597 0.1309
6010 0.4311 0.4048 0.2727 0.4367 0.1584 0.1322
6015 0.4250 0.3942 0.2684 0.4492 0.1566 0.1258
6020 0.4295 0.3919 0.2706 0.4492 0.1589 0.1212
6025 0.4303 0.4012 0.2683 0.4367 0.1620 0.1330
6030 0.4266 0.3944 0.2628 0.4419 0.1638 0.1316
6035 0.4244 0.4116 0.2594 0.4234 0.1650 0.1522
6040 0.4281 0.4098 0.2620 0.4241 0.1661 0.1478
6045 0.4263 0.4105 0.2653 0.4286 0.1609 0.1452
6050 0.4138 0.4036 0.2650 0.4477 0.1487 0.1386
6055 0.4194 0.4138 0.2662 0.4331 0.1531 0.1475
6060 0.4141 0.4130 0.2722 0.4452 0.1419 0.1408
6065 0.3991 0.4183 0.2611 0.4437 0.1380 0.1572
6070 0.3892 0.4169 0.2616 0.4555 0.1277 0.1553
6075 0.3861 0.4111 0.2541 0.4569 0.1320 0.1570
6080 0.3703 0.4156 0.2523 0.4664 0.1180 0.1633
6085 0.3812 0.4002 0.2591 0.4777 0.1222 0.1411
6090 0.3861 0.3945 0.2528 0.4722 0.1333 0.1417
6095 0.3880 0.3825 0.2509 0.4805 0.1370 0.1316
6100 0.4050 0.3758 0.2652 0.4844 0.1398 0.1106
6105 0.3966 0.3792 0.2611 0.4853 0.1355 0.1181
6110 0.3966 0.3811 0.2598 0.4822 0.1367 0.1212
6115 0.3923 0.3936 0.2577 0.4717 0.1347 0.1359
6120 0.3950 0.3969 0.2553 0.4634 0.1397 0.1416
6125 0.4016 0.4200 0.2775 0.4559 0.1241 0.1425
6130 0.4006 0.4108 0.2814 0.4700 0.1192 0.1294
6135 0.3991 0.4086 0.2748 0.4672 0.1242 0.1338
6140 0.4113 0.4159 0.2773 0.4502 0.1339 0.1386
6145 0.4184 0.4088 0.2711 0.4439 0.1473 0.1377
6150 0.4089 0.4114 0.2719 0.4516 0.1370 0.1395
6155 0.4106 0.4041 0.2714 0.4567 0.1392 0.1327
6160 0.4163 0.3944 0.2719 0.4612 0.1444 0.1225
6165 0.4256 0.3858 0.2762 0.4648 0.1494 0.1095
6170 0.4341 0.3866 0.2894 0.4688 0.1447 0.0972
6175 0.4255 0.3883 0.2878 0.4741 0.1377 0.1005
6180 0.4072 0.3984 0.2838 0.4781 0.1234 0.1147
6185 0.4128 0.4134 0.2781 0.4519 0.1347 0.1353
6190 0.4209 0.4061 0.2691 0.4420 0.1519 0.1370
6195 0.4331 0.4078 0.2742 0.4333 0.1589 0.1336
6200 0.4364 0.3867 0.2602 0.4370 0.1762 0.1266
6205 0.4369 0.3783 0.2584 0.4433 0.1784 0.1198
6210 0.4387 0.3934 0.2741 0.4419 0.1647 0.1194
6215 0.4333 0.4002 0.2733 0.4398 0.1600 0.1269
6220 0.4198 0.3964 0.2622 0.4459 0.1577 0.1342
6225 0.4173 0.3887 0.2598 0.4537 0.1575 0.1289
6230 0.4141 0.3858 0.2592 0.4594 0.1548 0.1266
6235 0.4020 0.3783 0.2548 0.4745 0.1472 0.1234
6240 0.3923 0.3698 0.2437 0.4816 0.1486 0.1261
6245 0.3958 0.3620 0.2480 0.4902 0.1478 0.1141
6250 0.4175 0.3792 0.2695 0.4728 0.1480 0.1097
6255 0.4231 0.3825 0.2814 0.4758 0.1417 0.1011
6260 0.4220 0.3823 0.2753 0.4709 0.1467 0.1070
6265 0.4002 0.3811 0.2650 0.4838 0.1352 0.1161
6270 0.3884 0.3927 0.2609 0.4798 0.1275 0.1317
6275 0.3920 0.3852 0.2548 0.4777 0.1372 0.1303
6280 0.3981 0.3878 0.2523 0.4664 0.1458 0.1355
6285 0.3945 0.3844 0.2380 0.4591 0.1566 0.1464
6290 0.3978 0.3864 0.2347 0.4505 0.1631 0.1517
6295 0.3834 0.3923 0.2353 0.4595 0.1481 0.1570
6300 0.3902 0.3991 0.2506 0.4614 0.1395 0.1484
6305 0.3916 0.3884 0.2475 0.4675 0.1441 0.1409
6310 0.4033 0.3784 0.2583 0.4766 0.1450 0.1202
6315 0.4108 0.3756 0.2620 0.4756 0.1487 0.1136
6320 0.4088 0.3992 0.2734 0.4655 0.1353 0.1258
6325 0.4003 0.3917 0.2677 0.4756 0.1327 0.1241
6330 0.4159 0.3817 0.2805 0.4828 0.1355 0.1013
6335 0.4213 0.3853 0.2900 0.4834 0.1313 0.0953
6340 0.4227 0.3800 0.2892 0.4866 0.1334 0.0908
6345 0.4202 0.3811 0.2870 0.4858 0.1331 0.0941
6350 0.4305 0.3845 0.2856 0.4706 0.1448 0.0989
6355 0.4142 0.3778 0.2717 0.4797 0.1425 0.1061
6360 0.4100 0.4109 0.2769 0.4559 0.1331 0.1341
6365 0.3916 0.4052 0.2628 0.4661 0.1288 0.1423
6370 0.3986 0.4048 0.2644 0.4609 0.1342 0.1405
6375 0.3992 0.4034 0.2569 0.4542 0.1423 0.1466
6380 0.4053 0.3983 0.2548 0.4512 0.1505 0.1434
6385 0.4123 0.3769 0.2505 0.4612 0.1619 0.1264
6390 0.4227 0.3717 0.2436 0.4492 0.1791 0.1281
6395 0.4227 0.3725 0.2472 0.4520 0.1755 0.1253
6400 0.4209 0.3656 0.2375 0.4509 0.1834 0.1281
6405 0.4242 0.3672 0.2444 0.4530 0.1798 0.1228
6410 0.4380 0.3761 0.2473 0.4333 0.1906 0.1288
6415 0.4453 0.3853 0.2525 0.4219 0.1928 0.1328
6420 0.4427 0.3802 0.2500 0.4272 0.1927 0.1302
6425 0.4375 0.3466 0.2364 0.4523 0.2011 0.1102
6430 0.4252 0.3519 0.2442 0.4672 0.1809 0.1077
6435 0.4377 0.3541 0.2434 0.4517 0.1942 0.1106
6440 0.4364 0.3581 0.2414 0.4469 0.1950 0.1167
6445 0.4261 0.3706 0.2389 0.4422 0.1872 0.1317
6450 0.4181 0.3762 0.2325 0.4381 0.1856 0.1437
6455 0.4056 0.3716 0.2283 0.4511 0.1773 0.1433
6460 0.3878 0.3708 0.2338 0.4752 0.1541 0.1370
6465 0.3937 0.3683 0.2377 0.4756 0.1561 0.1306
6470 0.3775 0.3703 0.2288 0.4809 0.1487 0.1416
6475 0.3664 0.3716 0.2341 0.4961 0.1323 0.1375
6480 0.3706 0.3872 0.2383 0.4805 0.1323 0.1489
6485 0.3847 0.3983 0.2523 0.4694 0.1323 0.1459
6490 0.4056 0.4106 0.2653 0.4491 0.1403 0.1453
6495 0.4098 0.4077 0.2641 0.4466 0.1458 0.1436
6500 0.4152 0.3983 0.2611 0.4477 0.1541 0.1372
6505 0.4066 0.3930 0.2581 0.4586 0.1484 0.1348
6510 0.4092 0.3902 0.2545 0.4552 0.1547 0.1356
6515 0.4120 0.3786 0.2473 0.4567 0.1647 0.1313
6520 0.4292 0.3841 0.2577 0.4444 0.1716 0.1264
6525 0.4305 0.3720 0.2609 0.4584 0.1695 0.1111
6530 0.4383 0.3877 0.2708 0.4448 0.1675 0.1169
6535 0.4384 0.3883 0.2700 0.4433 0.1684 0.1183
6540 0.4347 0.4052 0.2753 0.4355 0.1594 0.1298
6545 0.4255 0.4080 0.2745 0.4411 0.1509 0.1334
6550 0.4263 0.3981 0.2642 0.4398 0.1620 0.1339
6555 0.4234 0.3870 0.2594 0.4489 0.1641 0.1277
6560 0.4228 0.3827 0.2616 0.4561 0.1613 0.1211
6565 0.4241 0.3713 0.2531 0.4578 0.1709 0.1181
6570 0.4061 0.3725 0.2422 0.4636 0.1639 0.1303
6575 0.4180 0.3678 0.2512 0.4655 0.1667 0.1166
6580 0.4152 0.3852 0.2580 0.4577 0.1572 0.1272
6585 0.4128 0.3819 0.2550 0.4603 0.1578 0.1269
6590 0.4044 0.3859 0.2558 0.4655 0.1486 0.1302
6595 0.3947 0.3995 0.2547 0.4605 0.1400 0.1448
6600 0.3841 0.4014 0.2552 0.4697 0.1289 0.1462
6605 0.3558 0.3983 0.2403 0.4863 0.1155 0.1580
6610 0.3734 0.3950 0.2350 0.4666 0.1384 0.1600
6615 0.3931 0.4039 0.2583 0.4612 0.1348 0.1456
6620 0.3952 0.3917 0.2509 0.4641 0.1442 0.1408
6625 0.3928 0.4061 0.2642 0.4653 0.1286 0.1419
6630 0.3928 0.4006 0.2570 0.4636 0.1358 0.1436
6635 0.3859 0.4041 0.2620 0.4720 0.1239 0.1420
6640 0.3822 0.4077 0.2681 0.4783 0.1141 0.1395
6645 0.3711 0.4147 0.2684 0.4827 0.1027 0.1462
6650 0.3745 0.4247 0.2723 0.4731 0.1022 0.1523
6655 0.3598 0.4372 0.2614 0.4644 0.0984 0.1758
6660 0.3656 0.4311 0.2602 0.4634 0.1055 0.1709
6665 0.3617 0.4219 0.2536 0.4700 0.1081 0.1683
6670 0.3567 0.4247 0.2428 0.4614 0.1139 0.1819
6675 0.3564 0.4239 0.2381 0.4578 0.1183 0.1858
6680 0.3575 0.4153 0.2416 0.4688 0.1159 0.1737
6685 0.3616 0.4070 0.2359 0.4673 0.1256 0.1711
6690 0.3777 0.4077 0.2402 0.4548 0.1375 0.1675
6695 0.3722 0.3997 0.2416 0.4697 0.1306 0.1581
6700 0.3877 0.4053 0.2523 0.4594 0.1353 0.1530
6705 0.3764 0.3919 0.2489 0.4806 0.1275 0.1430
6710 0.3802 0.3855 0.2577 0.4920 0.1225 0.1278
6715 0.3633 0.3775 0.2425 0.5017 0.1208 0.1350
6720 0.3664 0.3833 0.2469 0.4972 0.1195 0.1364
6725 0.3795 0.3812 0.2466 0.4858 0.1330 0.1347
6730 0.3948 0.3934 0.2550 0.4667 0.1398 0.1384
6735 0.3980 0.4005 0.2547 0.4562 0.1433 0.1458
6740 0.4008 0.4008 0.2573 0.4558 0.1434 0.1434
6745 0.3916 0.3853 0.2427 0.4658 0.1489 0.1427
6750 0.3730 0.3886 0.2300 0.4684 0.1430 0.1586
6755 0.3683 0.4147 0.2387 0.4558 0.1295 0.1759
6760 0.3578 0.4177 0.2405 0.4650 0.1173 0.1772
6765 0.3767 0.4203 0.2491 0.4520 0.1277 0.1713
6770 0.3769 0.4167 0.2495 0.4559 0.1273 0.1672
6775 0.3909 0.4131 0.2497 0.4456 0.1412 0.1634
6780 0.3703 0.3933 0.2448 0.4813 0.1255 0.1484
6785 0.3719 0.4070 0.2430 0.4641 0.1289 0.1641
6790 0.3880 0.3887 0.2425 0.4658 0.1455 0.1462
6795 0.3820 0.4031 0.2491 0.4639 0.1330 0.1541
6800 0.3887 0.4073 0.2534 0.4573 0.1353 0.1539
6805 0.3872 0.4098 0.2484 0.4514 0.1388 0.1614
6810 0.3978 0.4020 0.2528 0.4530 0.1450 0.1492
6815 0.3962 0.4000 0.2452 0.4489 0.1511 0.1548
6820 0.3928 0.4002 0.2342 0.4412 0.1586 0.1659
6825 0.3903 0.4113 0.2434 0.4419 0.1469 0.1678
6830 0.3827 0.4206 0.2459 0.4427 0.1367 0.1747
6835 0.3917 0.4305 0.2506 0.4284 0.1411 0.1798
6840 0.4030 0.4241 0.2639 0.4369 0.1391 0.1602
6845 0.3927 0.4180 0.2570 0.4464 0.1356 0.1609
6850 0.3870 0.4191 0.2502 0.4441 0.1369 0.1689
6855 0.3759 0.4281 0.2461 0.4420 0.1298 0.1820
6860 0.3725 0.4328 0.2467 0.4414 0.1258 0.1861
6865 0.3652 0.4406 0.2527 0.4469 0.1125 0.1880
6870 0.3555 0.4464 0.2378 0.4359 0.1177 0.2086
6875 0.3636 0.4363 0.2439 0.4441 0.1197 0.1923
6880 0.3723 0.4252 0.2380 0.4405 0.1344 0.1872
6885 0.3631 0.4233 0.2270 0.4406 0.1361 0.1963
6890 0.3728 0.4325 0.2372 0.4319 0.1356 0.1953
6895 0.3773 0.4525 0.2458 0.4159 0.1316 0.2067
6900 0.3842 0.4628 0.2622 0.4152 0.1220 0.2006
6905 0.3783 0.4672 0.2633 0.4178 0.1150 0.2039
6910 0.3655 0.4539 0.2520 0.4327 0.1134 0.2019
6915 0.3703 0.4455 0.2570 0.4412 0.1133 0.1884
6920 0.3758 0.4366 0.2594 0.4470 0.1164 0.1772
6925 0.3906 0.4428 0.2764 0.4430 0.1142 0.1664
6930 0.3992 0.4431 0.2802 0.4378 0.1191 0.1630
6935 0.4023 0.4319 0.2734 0.4392 0.1289 0.1584
6940 0.3936 0.4216 0.2680 0.4528 0.1256 0.1536
6945 0.4084 0.4214 0.2578 0.4280 0.1506 0.1636
6950 0.3998 0.4231 0.2472 0.4242 0.1527 0.1759
6955 0.3961 0.4097 0.2444 0.4386 0.1517 0.1653
6960 0.3709 0.4056 0.2411 0.4645 0.1298 0.1645
6965 0.3625 0.4075 0.2392 0.4692 0.1233 0.1683
6970 0.3772 0.4144 0.2455 0.4539 0.1317 0.1689
6975 0.3833 0.4170 0.2314 0.4311 0.1519 0.1856
6980 0.3975 0.4183 0.2361 0.4203 0.1614 0.1822
6985 0.3928 0.4192 0.2272 0.4152 0.1656 0.1920
6990 0.3941 0.4214 0.2330 0.4175 0.1611 0.1884
6995 0.3967 0.4222 0.2266 0.4077 0.1702 0.1956
