6000 0.1436 0.1509 0.0653 0.7708 0.0783 0.0856
6005 0.1429 0.1516 0.0632 0.7687 0.0797 0.0884
6010 0.1394 0.1485 0.0613 0.7735 0.0780 0.0872
6015 0.1406 0.1438 0.0600 0.7756 0.0805 0.0838
6020 0.1442 0.1466 0.0630 0.7722 0.0811 0.0836
6025 0.1506 0.1389 0.0603 0.7708 0.0903 0.0786
6030 0.1525 0.1371 0.0572 0.7677 0.0953 0.0798
6035 0.1477 0.1407 0.0562 0.7678 0.0915 0.0845
6040 0.1505 0.1467 0.0598 0.7626 0.0907 0.0869
6045 0.1494 0.1499 0.0576 0.7584 0.0918 0.0923
6050 0.1421 0.1541 0.0586 0.7623 0.0836 0.0955
6055 0.1513 0.1496 0.0662 0.7652 0.0851 0.0834
6060 0.1525 0.1473 0.0686 0.7687 0.0839 0.0787
6065 0.1524 0.1420 0.0667 0.7722 0.0857 0.0754
6070 0.1477 0.1444 0.0621 0.7700 0.0856 0.0824
6075 0.1424 0.1449 0.0607 0.7735 0.0816 0.0842
6080 0.1489 0.1455 0.0612 0.7668 0.0877 0.0843
6085 0.1502 0.1459 0.0574 0.7613 0.0929 0.0885
6090 0.1599 0.1499 0.0607 0.7510 0.0991 0.0891
6095 0.1564 0.1499 0.0595 0.7533 0.0968 0.0903
6100 0.1561 0.1480 0.0606 0.7564 0.0955 0.0874
6105 0.1503 0.1415 0.0574 0.7655 0.0930 0.0842
6110 0.1487 0.1425 0.0578 0.7667 0.0908 0.0847
6115 0.1449 0.1384 0.0588 0.7755 0.0861 0.0796
6120 0.1473 0.1408 0.0566 0.7685 0.0907 0.0842
6125 0.1473 0.1415 0.0539 0.7650 0.0935 0.0877
6130 0.1455 0.1456 0.0560 0.7649 0.0895 0.0896
6135 0.1501 0.1409 0.0545 0.7634 0.0956 0.0865
6140 0.1508 0.1383 0.0499 0.7608 0.1010 0.0884
6145 0.1553 0.1334 0.0495 0.7608 0.1058 0.0839
6150 0.1468 0.1340 0.0495 0.7686 0.0973 0.0845
6155 0.1400 0.1385 0.0466 0.7681 0.0933 0.0919
6160 0.1380 0.1408 0.0464 0.7675 0.0917 0.0944
6165 0.1334 0.1398 0.0455 0.7722 0.0879 0.0943
6170 0.1303 0.1418 0.0458 0.7737 0.0845 0.0960
6175 0.1287 0.1360 0.0384 0.7737 0.0903 0.0976
6180 0.1315 0.1366 0.0467 0.7786 0.0848 0.0898
6185 0.1292 0.1346 0.0482 0.7843 0.0810 0.0865
6190 0.1391 0.1316 0.0536 0.7829 0.0855 0.0780
6195 0.1361 0.1297 0.0554 0.7896 0.0807 0.0743
6200 0.1269 0.1250 0.0446 0.7927 0.0824 0.0804
6205 0.1315 0.1315 0.0488 0.7858 0.0827 0.0827
6210 0.1322 0.1326 0.0501 0.7853 0.0821 0.0825
6215 0.1311 0.1365 0.0496 0.7820 0.0815 0.0868
6220 0.1427 0.1298 0.0528 0.7802 0.0900 0.0770
6225 0.1439 0.1295 0.0554 0.7820 0.0885 0.0740
6230 0.1455 0.1330 0.0563 0.7778 0.0892 0.0767
6235 0.1443 0.1330 0.0553 0.7780 0.0890 0.0776
6240 0.1365 0.1372 0.0565 0.7829 0.0799 0.0807
6245 0.1309 0.1437 0.0524 0.7778 0.0785 0.0913
6250 0.1296 0.1488 0.0512 0.7729 0.0784 0.0976
6255 0.1342 0.1394 0.0482 0.7747 0.0860 0.0912
6260 0.1316 0.1389 0.0473 0.7768 0.0843 0.0915
6265 0.1280 0.1386 0.0470 0.7803 0.0810 0.0917
6270 0.1296 0.1304 0.0487 0.7887 0.0809 0.0818
6275 0.1349 0.1321 0.0517 0.7847 0.0832 0.0804
6280 0.1333 0.1285 0.0584 0.7966 0.0749 0.0700
6285 0.1418 0.1309 0.0623 0.7896 0.0795 0.0686
6290 0.1384 0.1319 0.0611 0.7908 0.0773 0.0708
6295 0.1477 0.1401 0.0687 0.7809 0.0790 0.0714
6300 0.1506 0.1414 0.0686 0.7766 0.0820 0.0728
6305 0.1505 0.1466 0.0671 0.7701 0.0833 0.0795
6310 0.1508 0.1453 0.0617 0.7656 0.0891 0.0836
6315 0.1508 0.1502 0.0628 0.7617 0.0880 0.0874
6320 0.1537 0.1513 0.0610 0.7559 0.0927 0.0903
6325 0.1480 0.1438 0.0587 0.7668 0.0894 0.0851
6330 0.1436 0.1421 0.0543 0.7686 0.0892 0.0878
6335 0.1426 0.1367 0.0535 0.7742 0.0891 0.0832
6340 0.1418 0.1366 0.0536 0.7753 0.0882 0.0830
6345 0.1496 0.1367 0.0565 0.7702 0.0931 0.0802
6350 0.1495 0.1330 0.0578 0.7754 0.0917 0.0751
6355 0.1581 0.1351 0.0584 0.7652 0.0996 0.0767
6360 0.1689 0.1419 0.0663 0.7555 0.1026 0.0756
6365 0.1665 0.1442 0.0636 0.7529 0.1029 0.0805
6370 0.1618 0.1491 0.0648 0.7539 0.0970 0.0843
6375 0.1615 0.1487 0.0632 0.7530 0.0983 0.0855
6380 0.1680 0.1590 0.0669 0.7399 0.1011 0.0921
6385 0.1699 0.1629 0.0697 0.7369 0.1002 0.0932
6390 0.1710 0.1602 0.0717 0.7405 0.0993 0.0885
6395 0.1612 0.1599 0.0674 0.7463 0.0938 0.0925
6400 0.1551 0.1572 0.0619 0.7497 0.0931 0.0953
6405 0.1505 0.1516 0.0545 0.7524 0.0960 0.0971
6410 0.1517 0.1549 0.0616 0.7550 0.0901 0.0933
6415 0.1587 0.1576 0.0641 0.7479 0.0946 0.0935
6420 0.1546 0.1578 0.0652 0.7528 0.0894 0.0926
6425 0.1503 0.1525 0.0593 0.7564 0.0911 0.0932
6430 0.1491 0.1474 0.0632 0.7666 0.0860 0.0843
6435 0.1480 0.1468 0.0629 0.7680 0.0851 0.0839
6440 0.1524 0.1403 0.0607 0.7680 0.0917 0.0796
6445 0.1489 0.1478 0.0618 0.7651 0.0871 0.0860
6450 0.1456 0.1558 0.0656 0.7642 0.0801 0.0902
6455 0.1501 0.1640 0.0670 0.7529 0.0831 0.0970
6460 0.1425 0.1685 0.0659 0.7550 0.0766 0.1025
6465 0.1438 0.1644 0.0656 0.7574 0.0783 0.0988
6470 0.1445 0.1630 0.0615 0.7539 0.0831 0.1016
6475 0.1441 0.1554 0.0578 0.7584 0.0862 0.0976
6480 0.1432 0.1543 0.0578 0.7603 0.0854 0.0965
6485 0.1544 0.1586 0.0616 0.7486 0.0929 0.0970
6490 0.1593 0.1605 0.0612 0.7415 0.0981 0.0993
6495 0.1566 0.1569 0.0627 0.7492 0.0940 0.0942
6500 0.1592 0.1543 0.0605 0.7470 0.0987 0.0938
6505 0.1606 0.1472 0.0545 0.7466 0.1061 0.0927
6510 0.1558 0.1479 0.0543 0.7506 0.1014 0.0936
6515 0.1572 0.1495 0.0518 0.7451 0.1054 0.0977
6520 0.1477 0.1445 0.0470 0.7547 0.1007 0.0976
6525 0.1466 0.1496 0.0456 0.7494 0.1010 0.1040
6530 0.1581 0.1571 0.0547 0.7395 0.1034 0.1024
6535 0.1540 0.1534 0.0539 0.7465 0.1001 0.0995
6540 0.1536 0.1543 0.0546 0.7466 0.0990 0.0997
6545 0.1508 0.1518 0.0572 0.7546 0.0936 0.0946
6550 0.1514 0.1480 0.0530 0.7535 0.0984 0.0950
6555 0.1493 0.1524 0.0523 0.7506 0.0970 0.1001
6560 0.1484 0.1512 0.0547 0.7551 0.0937 0.0965
6565 0.1537 0.1503 0.0638 0.7597 0.0900 0.0866
6570 0.1499 0.1490 0.0576 0.7587 0.0923 0.0914
6575 0.1535 0.1530 0.0568 0.7503 0.0967 0.0962
6580 0.1534 0.1549 0.0562 0.7479 0.0972 0.0988
6585 0.1493 0.1496 0.0504 0.7515 0.0989 0.0993
6590 0.1488 0.1415 0.0485 0.7582 0.1002 0.0930
6595 0.1494 0.1384 0.0483 0.7605 0.1011 0.0901
6600 0.1482 0.1363 0.0523 0.7678 0.0959 0.0840
6605 0.1476 0.1496 0.0523 0.7551 0.0953 0.0973
6610 0.1467 0.1508 0.0545 0.7569 0.0923 0.0964
6615 0.1461 0.1467 0.0570 0.7642 0.0891 0.0897
6620 0.1437 0.1435 0.0525 0.7654 0.0912 0.0909
6625 0.1501 0.1432 0.0541 0.7608 0.0960 0.0891
6630 0.1543 0.1455 0.0517 0.7518 0.1026 0.0938
6635 0.1582 0.1511 0.0529 0.7436 0.1053 0.0982
6640 0.1625 0.1537 0.0546 0.7383 0.1080 0.0991
6645 0.1662 0.1572 0.0627 0.7393 0.1035 0.0946
6650 0.1601 0.1497 0.0586 0.7487 0.1016 0.0912
6655 0.1609 0.1571 0.0627 0.7447 0.0982 0.0944
6660 0.1610 0.1581 0.0618 0.7428 0.0991 0.0962
6665 0.1542 0.1573 0.0555 0.7440 0.0987 0.1018
6670 0.1526 0.1487 0.0514 0.7502 0.1012 0.0972
6675 0.1525 0.1487 0.0494 0.7482 0.1031 0.0993
6680 0.1541 0.1483 0.0520 0.7497 0.1020 0.0962
6685 0.1542 0.1410 0.0466 0.7514 0.1076 0.0944
6690 0.1494 0.1397 0.0481 0.7590 0.1013 0.0917
6695 0.1459 0.1360 0.0432 0.7614 0.1026 0.0927
6700 0.1441 0.1386 0.0460 0.7633 0.0981 0.0926
6705 0.1433 0.1377 0.0460 0.7650 0.0973 0.0917
6710 0.1391 0.1367 0.0431 0.7673 0.0960 0.0936
6715 0.1372 0.1394 0.0407 0.7642 0.0965 0.0987
6720 0.1400 0.1346 0.0403 0.7657 0.0996 0.0943
6725 0.1443 0.1380 0.0425 0.7602 0.1018 0.0955
6730 0.1511 0.1339 0.0409 0.7559 0.1101 0.0930
6735 0.1419 0.1375 0.0406 0.7611 0.1013 0.0970
6740 0.1453 0.1383 0.0435 0.7599 0.1018 0.0948
6745 0.1415 0.1359 0.0388 0.7614 0.1028 0.0971
6750 0.1426 0.1389 0.0424 0.7609 0.1002 0.0965
6755 0.1465 0.1432 0.0454 0.7557 0.1011 0.0978
6760 0.1490 0.1423 0.0397 0.7485 0.1093 0.1025
6765 0.1561 0.1388 0.0367 0.7418 0.1194 0.1020
6770 0.1573 0.1372 0.0371 0.7425 0.1203 0.1001
6775 0.1604 0.1328 0.0436 0.7504 0.1168 0.0892
6780 0.1581 0.1379 0.0478 0.7518 0.1103 0.0901
6785 0.1560 0.1394 0.0513 0.7559 0.1047 0.0880
6790 0.1631 0.1452 0.0569 0.7486 0.1063 0.0883
6795 0.1606 0.1453 0.0539 0.7480 0.1068 0.0914
6800 0.1646 0.1432 0.0523 0.7445 0.1123 0.0909
6805 0.1598 0.1423 0.0482 0.7462 0.1116 0.0941
6810 0.1500 0.1367 0.0469 0.7602 0.1031 0.0898
6815 0.1553 0.1351 0.0478 0.7574 0.1075 0.0873
6820 0.1537 0.1281 0.0429 0.7610 0.1109 0.0853
6825 0.1522 0.1273 0.0444 0.7650 0.1077 0.0828
6830 0.1551 0.1247 0.0461 0.7663 0.1089 0.0786
6835 0.1598 0.1229 0.0442 0.7615 0.1156 0.0787
6840 0.1577 0.1263 0.0424 0.7584 0.1153 0.0839
6845 0.1513 0.1215 0.0384 0.7656 0.1129 0.0831
6850 0.1514 0.1291 0.0399 0.7593 0.1116 0.0892
6855 0.1470 0.1297 0.0390 0.7623 0.1080 0.0907
6860 0.1482 0.1244 0.0413 0.7687 0.1069 0.0831
6865 0.1465 0.1288 0.0414 0.7661 0.1051 0.0874
6870 0.1478 0.1314 0.0456 0.7665 0.1022 0.0857
6875 0.1514 0.1288 0.0456 0.7654 0.1058 0.0832
6880 0.1553 0.1186 0.0413 0.7674 0.1140 0.0773
6885 0.1532 0.1200 0.0456 0.7724 0.1076 0.0744
6890 0.1513 0.1260 0.0461 0.7689 0.1052 0.0798
6895 0.1460 0.1316 0.0417 0.7640 0.1043 0.0900
6900 0.1470 0.1293 0.0411 0.7648 0.1059 0.0883
6905 0.1443 0.1260 0.0394 0.7691 0.1049 0.0866
6910 0.1516 0.1188 0.0386 0.7683 0.1129 0.0802
6915 0.1523 0.1139 0.0372 0.7710 0.1151 0.0767
6920 0.1606 0.1194 0.0426 0.7626 0.1180 0.0768
6925 0.1615 0.1336 0.0447 0.7497 0.1168 0.0889
6930 0.1627 0.1307 0.0441 0.7508 0.1186 0.0866
6935 0.1580 0.1359 0.0438 0.7500 0.1141 0.0920
6940 0.1602 0.1352 0.0413 0.7458 0.1189 0.0940
6945 0.1629 0.1325 0.0401 0.7447 0.1228 0.0924
6950 0.1618 0.1292 0.0356 0.7446 0.1262 0.0936
6955 0.1645 0.1243 0.0362 0.7475 0.1282 0.0880
6960 0.1601 0.1272 0.0395 0.7522 0.1206 0.0877
6965 0.1567 0.1215 0.0303 0.7521 0.1264 0.0912
6970 0.1528 0.1250 0.0312 0.7534 0.1216 0.0938
6975 0.1593 0.1281 0.0366 0.7492 0.1227 0.0915
6980 0.1566 0.1310 0.0367 0.7491 0.1199 0.0943
6985 0.1554 0.1377 0.0423 0.7492 0.1132 0.0954
6990 0.1570 0.1371 0.0425 0.7485 0.1145 0.0946
6995 0.1571 0.1395 0.0412 0.7446 0.1159 0.0983
