5000 0.1706 0.1257 0.0636 0.7673 0.1070 0.0621
5005 0.1673 0.1261 0.0647 0.7714 0.1025 0.0613
5010 0.1679 0.1280 0.0651 0.7692 0.1028 0.0629
5015 0.1693 0.1276 0.0682 0.7713 0.1011 0.0594
5020 0.1740 0.1263 0.0662 0.7658 0.1078 0.0601
5025 0.1674 0.1345 0.0680 0.7661 0.0994 0.0665
5030 0.1755 0.1374 0.0741 0.7613 0.1013 0.0633
5035 0.1704 0.1396 0.0725 0.7625 0.0979 0.0671
5040 0.1673 0.1406 0.0732 0.7654 0.0941 0.0674
5045 0.1697 0.1419 0.0737 0.7621 0.0960 0.0682
5050 0.1642 0.1431 0.0714 0.7640 0.0929 0.0717
5055 0.1651 0.1374 0.0728 0.7703 0.0923 0.0646
5060 0.1619 0.1371 0.0711 0.7721 0.0908 0.0659
5065 0.1600 0.1340 0.0747 0.7807 0.0853 0.0593
5070 0.1570 0.1297 0.0688 0.7822 0.0882 0.0609
5075 0.1551 0.1310 0.0708 0.7847 0.0843 0.0603
5080 0.1480 0.1331 0.0627 0.7815 0.0854 0.0704
5085 0.1444 0.1337 0.0648 0.7867 0.0796 0.0688
5090 0.1458 0.1273 0.0640 0.7910 0.0818 0.0633
5095 0.1465 0.1304 0.0638 0.7869 0.0827 0.0667
5100 0.1518 0.1285 0.0600 0.7797 0.0918 0.0685
5105 0.1522 0.1282 0.0589 0.7785 0.0932 0.0693
5110 0.1599 0.1263 0.0606 0.7744 0.0993 0.0657
5115 0.1686 0.1292 0.0644 0.7666 0.1042 0.0648
5120 0.1653 0.1241 0.0657 0.7762 0.0996 0.0584
5125 0.1670 0.1266 0.0675 0.7739 0.0995 0.0591
5130 0.1623 0.1282 0.0705 0.7800 0.0918 0.0577
5135 0.1654 0.1352 0.0764 0.7758 0.0890 0.0588
5140 0.1706 0.1373 0.0755 0.7675 0.0952 0.0618
5145 0.1711 0.1354 0.0716 0.7651 0.0995 0.0638
5150 0.1695 0.1392 0.0744 0.7656 0.0952 0.0648
5155 0.1594 0.1402 0.0738 0.7742 0.0856 0.0664
5160 0.1534 0.1433 0.0725 0.7758 0.0809 0.0709
5165 0.1497 0.1414 0.0721 0.7809 0.0776 0.0693
5170 0.1514 0.1354 0.0734 0.7866 0.0780 0.0619
5175 0.1538 0.1330 0.0749 0.7881 0.0790 0.0581
5180 0.1557 0.1260 0.0727 0.7911 0.0830 0.0533
5185 0.1647 0.1292 0.0743 0.7803 0.0904 0.0549
5190 0.1635 0.1241 0.0775 0.7899 0.0860 0.0466
5195 0.1609 0.1214 0.0714 0.7892 0.0895 0.0500
5200 0.1540 0.1237 0.0698 0.7922 0.0842 0.0539
5205 0.1565 0.1377 0.0715 0.7773 0.0850 0.0662
5210 0.1572 0.1273 0.0727 0.7882 0.0845 0.0546
5215 0.1554 0.1226 0.0669 0.7889 0.0885 0.0557
5220 0.1559 0.1152 0.0664 0.7953 0.0895 0.0488
5225 0.1505 0.1133 0.0696 0.8058 0.0809 0.0437
5230 0.1560 0.1115 0.0705 0.8030 0.0855 0.0409
5235 0.1544 0.1173 0.0692 0.7975 0.0853 0.0481
5240 0.1561 0.1264 0.0735 0.7910 0.0826 0.0529
5245 0.1584 0.1386 0.0809 0.7838 0.0775 0.0577
5250 0.1525 0.1363 0.0810 0.7922 0.0715 0.0553
5255 0.1419 0.1374 0.0805 0.8012 0.0613 0.0569
5260 0.1391 0.1345 0.0820 0.8084 0.0571 0.0525
5265 0.1437 0.1285 0.0747 0.8026 0.0690 0.0537
5270 0.1432 0.1288 0.0751 0.8030 0.0681 0.0537
5275 0.1529 0.1307 0.0770 0.7935 0.0758 0.0536
5280 0.1613 0.1328 0.0770 0.7829 0.0843 0.0558
5285 0.1546 0.1293 0.0705 0.7866 0.0840 0.0588
5290 0.1627 0.1315 0.0743 0.7801 0.0884 0.0572
5295 0.1665 0.1315 0.0747 0.7767 0.0918 0.0568
5300 0.1629 0.1264 0.0729 0.7836 0.0900 0.0535
5305 0.1503 0.1214 0.0720 0.8003 0.0784 0.0494
5310 0.1499 0.1250 0.0704 0.7956 0.0795 0.0546
5315 0.1485 0.1321 0.0720 0.7913 0.0766 0.0601
5320 0.1478 0.1350 0.0775 0.7947 0.0703 0.0575
5325 0.1471 0.1363 0.0761 0.7927 0.0710 0.0603
5330 0.1461 0.1394 0.0808 0.7953 0.0653 0.0586
5335 0.1421 0.1372 0.0814 0.8021 0.0607 0.0558
5340 0.1381 0.1438 0.0779 0.7959 0.0603 0.0659
5345 0.1426 0.1433 0.0757 0.7898 0.0669 0.0676
5350 0.1444 0.1390 0.0737 0.7902 0.0708 0.0653
5355 0.1517 0.1320 0.0665 0.7829 0.0851 0.0655
5360 0.1513 0.1418 0.0698 0.7767 0.0815 0.0720
5365 0.1526 0.1372 0.0676 0.7778 0.0850 0.0696
5370 0.1511 0.1356 0.0653 0.7786 0.0857 0.0703
5375 0.1530 0.1362 0.0674 0.7782 0.0856 0.0688
5380 0.1437 0.1331 0.0629 0.7861 0.0808 0.0702
5385 0.1379 0.1346 0.0615 0.7889 0.0764 0.0732
5390 0.1360 0.1371 0.0623 0.7893 0.0737 0.0747
5395 0.1357 0.1449 0.0611 0.7805 0.0746 0.0838
5400 0.1349 0.1432 0.0641 0.7860 0.0708 0.0791
5405 0.1398 0.1427 0.0652 0.7826 0.0746 0.0775
5410 0.1479 0.1435 0.0737 0.7823 0.0743 0.0698
5415 0.1456 0.1402 0.0714 0.7855 0.0743 0.0688
5420 0.1403 0.1390 0.0698 0.7905 0.0705 0.0692
5425 0.1390 0.1412 0.0711 0.7910 0.0679 0.0700
5430 0.1392 0.1420 0.0699 0.7887 0.0693 0.0721
5435 0.1409 0.1430 0.0756 0.7917 0.0653 0.0674
5440 0.1506 0.1493 0.0801 0.7802 0.0705 0.0692
5445 0.1560 0.1551 0.0844 0.7733 0.0716 0.0706
5450 0.1549 0.1507 0.0760 0.7703 0.0790 0.0747
5455 0.1601 0.1455 0.0747 0.7691 0.0854 0.0708
5460 0.1588 0.1460 0.0772 0.7724 0.0816 0.0688
5465 0.1604 0.1459 0.0808 0.7745 0.0796 0.0651
5470 0.1618 0.1485 0.0822 0.7719 0.0796 0.0663
5475 0.1567 0.1512 0.0830 0.7750 0.0738 0.0682
5480 0.1506 0.1512 0.0774 0.7756 0.0732 0.0738
5485 0.1416 0.1586 0.0726 0.7724 0.0691 0.0860
5490 0.1349 0.1606 0.0682 0.7727 0.0667 0.0924
5495 0.1354 0.1493 0.0676 0.7830 0.0677 0.0816
5500 0.1386 0.1464 0.0652 0.7802 0.0734 0.0811
5505 0.1391 0.1410 0.0693 0.7892 0.0698 0.0717
5510 0.1458 0.1360 0.0632 0.7814 0.0826 0.0728
5515 0.1468 0.1379 0.0630 0.7783 0.0838 0.0749
5520 0.1548 0.1325 0.0696 0.7823 0.0853 0.0629
5525 0.1578 0.1256 0.0665 0.7831 0.0913 0.0591
5530 0.1530 0.1203 0.0659 0.7927 0.0871 0.0543
5535 0.1575 0.1260 0.0705 0.7871 0.0869 0.0554
5540 0.1580 0.1305 0.0712 0.7828 0.0867 0.0593
5545 0.1575 0.1314 0.0670 0.7782 0.0904 0.0644
5550 0.1573 0.1261 0.0665 0.7831 0.0908 0.0595
5555 0.1528 0.1267 0.0685 0.7890 0.0843 0.0582
5560 0.1501 0.1262 0.0611 0.7848 0.0890 0.0651
5565 0.1385 0.1183 0.0541 0.7972 0.0844 0.0642
5570 0.1395 0.1074 0.0489 0.8021 0.0906 0.0584
5575 0.1437 0.1125 0.0552 0.7989 0.0885 0.0574
5580 0.1383 0.1123 0.0546 0.8040 0.0837 0.0577
5585 0.1354 0.1214 0.0575 0.8007 0.0779 0.0639
5590 0.1346 0.1244 0.0600 0.8010 0.0746 0.0644
5595 0.1400 0.1261 0.0612 0.7952 0.0787 0.0648
5600 0.1458 0.1206 0.0568 0.7904 0.0890 0.0639
5605 0.1520 0.1119 0.0536 0.7896 0.0984 0.0583
5610 0.1560 0.1138 0.0589 0.7892 0.0971 0.0548
5615 0.1546 0.1116 0.0587 0.7925 0.0959 0.0529
5620 0.1518 0.1180 0.0652 0.7954 0.0866 0.0528
5625 0.1456 0.1237 0.0586 0.7893 0.0871 0.0651
5630 0.1450 0.1298 0.0651 0.7902 0.0799 0.0647
5635 0.1403 0.1302 0.0613 0.7908 0.0790 0.0688
5640 0.1377 0.1386 0.0650 0.7887 0.0727 0.0737
5645 0.1287 0.1342 0.0574 0.7945 0.0714 0.0768
5650 0.1273 0.1314 0.0558 0.7971 0.0715 0.0756
5655 0.1257 0.1339 0.0571 0.7975 0.0686 0.0768
5660 0.1235 0.1350 0.0593 0.8007 0.0642 0.0757
5665 0.1278 0.1410 0.0623 0.7935 0.0655 0.0787
5670 0.1302 0.1386 0.0691 0.8003 0.0611 0.0696
5675 0.1331 0.1350 0.0675 0.7994 0.0656 0.0675
5680 0.1334 0.1355 0.0670 0.7981 0.0664 0.0685
5685 0.1351 0.1328 0.0662 0.7982 0.0690 0.0667
5690 0.1409 0.1322 0.0653 0.7922 0.0756 0.0669
5695 0.1445 0.1332 0.0633 0.7855 0.0813 0.0699
5700 0.1494 0.1336 0.0690 0.7860 0.0804 0.0646
5705 0.1518 0.1344 0.0673 0.7811 0.0845 0.0671
5710 0.1474 0.1345 0.0711 0.7892 0.0763 0.0634
5715 0.1401 0.1383 0.0668 0.7884 0.0733 0.0715
5720 0.1403 0.1392 0.0653 0.7858 0.0750 0.0739
5725 0.1375 0.1362 0.0656 0.7918 0.0720 0.0706
5730 0.1291 0.1381 0.0624 0.7952 0.0667 0.0757
5735 0.1320 0.1328 0.0586 0.7937 0.0734 0.0743
5740 0.1333 0.1324 0.0595 0.7939 0.0738 0.0728
5745 0.1351 0.1337 0.0626 0.7937 0.0726 0.0711
5750 0.1416 0.1441 0.0721 0.7864 0.0696 0.0720
5755 0.1427 0.1421 0.0670 0.7822 0.0757 0.0751
5760 0.1368 0.1420 0.0657 0.7869 0.0711 0.0763
5765 0.1380 0.1359 0.0624 0.7886 0.0756 0.0734
5770 0.1380 0.1342 0.0621 0.7899 0.0760 0.0721
5775 0.1354 0.1351 0.0613 0.7908 0.0740 0.0738
5780 0.1295 0.1282 0.0548 0.7971 0.0746 0.0734
5785 0.1286 0.1295 0.0536 0.7956 0.0750 0.0758
5790 0.1227 0.1252 0.0552 0.8073 0.0675 0.0700
5795 0.1285 0.1217 0.0553 0.8051 0.0732 0.0664
5800 0.1288 0.1252 0.0613 0.8073 0.0675 0.0639
5805 0.1331 0.1410 0.0655 0.7913 0.0676 0.0756
5810 0.1244 0.1465 0.0560 0.7852 0.0683 0.0904
5815 0.1221 0.1519 0.0570 0.7830 0.0651 0.0949
5820 0.1228 0.1511 0.0593 0.7854 0.0635 0.0918
5825 0.1273 0.1518 0.0591 0.7800 0.0682 0.0927
5830 0.1311 0.1424 0.0584 0.7849 0.0727 0.0839
5835 0.1280 0.1471 0.0570 0.7819 0.0710 0.0901
5840 0.1325 0.1423 0.0549 0.7802 0.0775 0.0873
5845 0.1338 0.1346 0.0534 0.7849 0.0804 0.0813
5850 0.1346 0.1397 0.0577 0.7834 0.0769 0.0820
5855 0.1363 0.1443 0.0644 0.7837 0.0720 0.0799
5860 0.1368 0.1495 0.0670 0.7807 0.0698 0.0825
5865 0.1379 0.1471 0.0714 0.7864 0.0665 0.0757
5870 0.1381 0.1528 0.0708 0.7799 0.0674 0.0820
5875 0.1397 0.1472 0.0663 0.7794 0.0734 0.0809
5880 0.1402 0.1444 0.0634 0.7788 0.0768 0.0810
5885 0.1467 0.1444 0.0669 0.7758 0.0798 0.0775
5890 0.1477 0.1384 0.0616 0.7755 0.0861 0.0768
5895 0.1529 0.1381 0.0627 0.7716 0.0902 0.0755
5900 0.1529 0.1310 0.0609 0.7770 0.0920 0.0702
5905 0.1543 0.1371 0.0624 0.7710 0.0919 0.0746
5910 0.1580 0.1389 0.0638 0.7669 0.0942 0.0751
5915 0.1564 0.1309 0.0522 0.7649 0.1042 0.0787
5920 0.1473 0.1324 0.0502 0.7706 0.0971 0.0821
5925 0.1456 0.1366 0.0539 0.7716 0.0918 0.0827
5930 0.1337 0.1366 0.0513 0.7811 0.0824 0.0853
5935 0.1290 0.1389 0.0501 0.7823 0.0789 0.0888
5940 0.1308 0.1408 0.0466 0.7750 0.0842 0.0942
5945 0.1315 0.1447 0.0471 0.7709 0.0844 0.0976
5950 0.1344 0.1480 0.0500 0.7675 0.0844 0.0981
5955 0.1385 0.1511 0.0522 0.7626 0.0863 0.0989
5960 0.1385 0.1553 0.0511 0.7573 0.0874 0.1042
5965 0.1381 0.1567 0.0501 0.7552 0.0880 0.1066
5970 0.1328 0.1531 0.0446 0.7586 0.0883 0.1086
5975 0.1384 0.1499 0.0493 0.7610 0.0891 0.1006
5980 0.1453 0.1559 0.0629 0.7617 0.0824 0.0930
5985 0.1397 0.1508 0.0583 0.7678 0.0814 0.0925
5990 0.1397 0.1508 0.0575 0.7669 0.0822 0.0933
5995 0.1385 0.1496 0.0584 0.7703 0.0801 0.0912
