1000 0.0243 0.0118 0.0020 0.9659 0.0223 0.0098
1005 0.0247 0.0103 0.0021 0.9670 0.0227 0.0082
1010 0.0265 0.0111 0.0023 0.9647 0.0242 0.0088
1015 0.0251 0.0087 0.0000 0.9662 0.0251 0.0087
1020 0.0296 0.0082 0.0000 0.9622 0.0296 0.0082
1025 0.0333 0.0060 0.0000 0.9607 0.0333 0.0060
1030 0.0379 0.0072 0.0000 0.9549 0.0379 0.0072
1035 0.0361 0.0051 0.0000 0.9588 0.0361 0.0051
1040 0.0356 0.0046 0.0000 0.9598 0.0356 0.0046
1045 0.0351 0.0010 0.0000 0.9638 0.0351 0.0010
1050 0.0324 0.0000 0.0000 0.9676 0.0324 0.0000
1055 0.0321 0.0000 0.0000 0.9679 0.0321 0.0000
1060 0.0320 0.0000 0.0000 0.9680 0.0320 0.0000
1065 0.0336 0.0024 0.0000 0.9639 0.0336 0.0024
1070 0.0302 0.0022 0.0000 0.9676 0.0302 0.0022
1075 0.0311 0.0060 0.0000 0.9629 0.0311 0.0060
1080 0.0320 0.0089 0.0012 0.9602 0.0309 0.0077
1085 0.0303 0.0109 0.0010 0.9599 0.0293 0.0098
1090 0.0305 0.0146 0.0013 0.9562 0.0293 0.0133
1095 0.0388 0.0121 0.0000 0.9490 0.0388 0.0121
1100 0.0414 0.0117 0.0000 0.9469 0.0414 0.0117
1105 0.0410 0.0108 0.0000 0.9482 0.0410 0.0108
1110 0.0394 0.0104 0.0000 0.9502 0.0394 0.0104
1115 0.0358 0.0132 0.0027 0.9536 0.0332 0.0105
1120 0.0342 0.0193 0.0028 0.9492 0.0314 0.0165
1125 0.0318 0.0190 0.0021 0.9513 0.0297 0.0169
1130 0.0336 0.0193 0.0014 0.9484 0.0323 0.0179
1135 0.0371 0.0207 0.0014 0.9436 0.0357 0.0193
1140 0.0385 0.0195 0.0000 0.9420 0.0385 0.0195
1145 0.0395 0.0349 0.0000 0.9255 0.0395 0.0349
1150 0.0410 0.0414 0.0000 0.9176 0.0410 0.0414
1155 0.0415 0.0422 0.0000 0.9163 0.0415 0.0422
1160 0.0384 0.0504 0.0000 0.9112 0.0384 0.0504
1165 0.0369 0.0517 0.0000 0.9114 0.0369 0.0517
1170 0.0386 0.0498 0.0000 0.9116 0.0386 0.0498
1175 0.0409 0.0499 0.0000 0.9091 0.0409 0.0499
1180 0.0431 0.0464 0.0002 0.9107 0.0429 0.0461
1185 0.0410 0.0553 0.0020 0.9057 0.0391 0.0533
1190 0.0414 0.0524 0.0029 0.9091 0.0385 0.0495
1195 0.0439 0.0591 0.0038 0.9008 0.0401 0.0553
1200 0.0449 0.0607 0.0052 0.8996 0.0397 0.0555
1205 0.0456 0.0608 0.0043 0.8979 0.0413 0.0565
1210 0.0453 0.0565 0.0012 0.8993 0.0442 0.0554
1215 0.0444 0.0528 0.0000 0.9028 0.0444 0.0528
1220 0.0406 0.0567 0.0000 0.9028 0.0406 0.0567
1225 0.0375 0.0643 0.0000 0.8983 0.0375 0.0643
1230 0.0363 0.0605 0.0000 0.9032 0.0363 0.0605
1235 0.0392 0.0642 0.0000 0.8966 0.0392 0.0642
1240 0.0412 0.0626 0.0000 0.8963 0.0412 0.0626
1245 0.0499 0.0577 0.0000 0.8924 0.0499 0.0577
1250 0.0499 0.0457 0.0000 0.9044 0.0499 0.0457
1255 0.0546 0.0373 0.0000 0.9081 0.0546 0.0373
1260 0.0546 0.0362 0.0000 0.9092 0.0546 0.0362
1265 0.0545 0.0349 0.0000 0.9106 0.0545 0.0349
1270 0.0517 0.0398 0.0000 0.9085 0.0517 0.0398
1275 0.0518 0.0447 0.0000 0.9035 0.0518 0.0447
1280 0.0473 0.0482 0.0000 0.9045 0.0473 0.0482
1285 0.0413 0.0461 0.0000 0.9126 0.0413 0.0461
1290 0.0380 0.0387 0.0000 0.9232 0.0380 0.0387
1295 0.0458 0.0428 0.0000 0.9114 0.0458 0.0428
1300 0.0452 0.0420 0.0000 0.9128 0.0452 0.0420
1305 0.0472 0.0442 0.0000 0.9087 0.0472 0.0442
1310 0.0490 0.0432 0.0000 0.9077 0.0490 0.0432
1315 0.0466 0.0437 0.0000 0.9097 0.0466 0.0437
1320 0.0468 0.0438 0.0000 0.9094 0.0468 0.0438
1325 0.0511 0.0532 0.0000 0.8957 0.0511 0.0532
1330 0.0548 0.0487 0.0024 0.8989 0.0524 0.0462
1335 0.0527 0.0494 0.0013 0.8992 0.0515 0.0481
1340 0.0524 0.0484 0.0013 0.9005 0.0511 0.0472
1345 0.0556 0.0535 0.0007 0.8915 0.0549 0.0528
1350 0.0528 0.0571 0.0013 0.8913 0.0516 0.0558
1355 0.0483 0.0571 0.0020 0.8965 0.0464 0.0552
1360 0.0486 0.0582 0.0022 0.8955 0.0464 0.0560
1365 0.0535 0.0608 0.0042 0.8898 0.0494 0.0567
1370 0.0520 0.0660 0.0074 0.8894 0.0446 0.0586
1375 0.0593 0.0754 0.0075 0.8728 0.0518 0.0679
1380 0.0630 0.0755 0.0079 0.8693 0.0552 0.0676
1385 0.0669 0.0741 0.0089 0.8678 0.0580 0.0652
1390 0.0721 0.0815 0.0097 0.8561 0.0624 0.0718
1395 0.0731 0.0799 0.0090 0.8561 0.0641 0.0709
1400 0.0725 0.0723 0.0077 0.8630 0.0647 0.0645
1405 0.0687 0.0639 0.0072 0.8746 0.0615 0.0568
1410 0.0746 0.0645 0.0084 0.8693 0.0661 0.0561
1415 0.0730 0.0660 0.0055 0.8666 0.0674 0.0605
1420 0.0688 0.0705 0.0062 0.8669 0.0626 0.0643
1425 0.0681 0.0703 0.0086 0.8702 0.0595 0.0617
1430 0.0741 0.0683 0.0108 0.8683 0.0634 0.0576
1435 0.0791 0.0690 0.0109 0.8628 0.0682 0.0582
1440 0.0793 0.0723 0.0105 0.8589 0.0688 0.0617
1445 0.0767 0.0695 0.0110 0.8648 0.0657 0.0585
1450 0.0687 0.0700 0.0075 0.8689 0.0612 0.0624
1455 0.0686 0.0678 0.0083 0.8720 0.0602 0.0594
1460 0.0679 0.0684 0.0075 0.8712 0.0604 0.0609
1465 0.0676 0.0688 0.0072 0.8707 0.0605 0.0616
1470 0.0630 0.0664 0.0077 0.8784 0.0553 0.0586
1475 0.0661 0.0644 0.0061 0.8756 0.0600 0.0583
1480 0.0675 0.0631 0.0061 0.8755 0.0614 0.0570
1485 0.0807 0.0582 0.0069 0.8681 0.0738 0.0512
1490 0.0792 0.0645 0.0071 0.8633 0.0721 0.0575
1495 0.0854 0.0705 0.0064 0.8504 0.0791 0.0642
1500 0.0834 0.0791 0.0060 0.8436 0.0773 0.0731
1505 0.0765 0.0849 0.0039 0.8425 0.0726 0.0809
1510 0.0700 0.0853 0.0010 0.8458 0.0689 0.0843
1515 0.0806 0.0856 0.0000 0.8339 0.0806 0.0856
1520 0.0871 0.0792 0.0000 0.8337 0.0871 0.0792
1525 0.0863 0.0806 0.0005 0.8336 0.0858 0.0801
1530 0.0897 0.0837 0.0000 0.8266 0.0897 0.0837
1535 0.0889 0.0815 0.0000 0.8296 0.0889 0.0815
1540 0.0919 0.0834 0.0009 0.8256 0.0910 0.0824
1545 0.0961 0.0911 0.0003 0.8132 0.0957 0.0908
1550 0.0941 0.0873 0.0017 0.8203 0.0924 0.0856
1555 0.0931 0.0930 0.0016 0.8156 0.0915 0.0913
1560 0.0963 0.0928 0.0018 0.8127 0.0945 0.0910
1565 0.1013 0.0920 0.0005 0.8071 0.1008 0.0916
1570 0.1024 0.0982 0.0009 0.8003 0.1015 0.0972
1575 0.1005 0.0942 0.0024 0.8077 0.0980 0.0918
1580 0.0935 0.0871 0.0020 0.8214 0.0916 0.0851
1585 0.0861 0.0843 0.0025 0.8321 0.0836 0.0817
1590 0.0851 0.0841 0.0045 0.8354 0.0806 0.0795
1595 0.0876 0.0872 0.0061 0.8313 0.0815 0.0810
1600 0.0891 0.0857 0.0047 0.8299 0.0844 0.0809
1605 0.0859 0.0789 0.0021 0.8373 0.0838 0.0768
1610 0.0932 0.0784 0.0074 0.8358 0.0858 0.0710
1615 0.0927 0.0749 0.0076 0.8400 0.0851 0.0673
1620 0.0918 0.0749 0.0071 0.8403 0.0847 0.0679
1625 0.0898 0.0710 0.0068 0.8460 0.0830 0.0642
1630 0.0861 0.0667 0.0047 0.8519 0.0814 0.0620
1635 0.0847 0.0590 0.0040 0.8603 0.0807 0.0549
1640 0.0829 0.0624 0.0044 0.8591 0.0785 0.0580
1645 0.0837 0.0706 0.0051 0.8507 0.0786 0.0656
1650 0.0847 0.0748 0.0052 0.8456 0.0795 0.0696
1655 0.0895 0.0752 0.0058 0.8411 0.0837 0.0694
1660 0.0889 0.0748 0.0057 0.8419 0.0832 0.0691
1665 0.0902 0.0754 0.0031 0.8376 0.0871 0.0723
1670 0.0831 0.0700 0.0000 0.8469 0.0831 0.0700
1675 0.0844 0.0658 0.0000 0.8498 0.0844 0.0658
1680 0.0853 0.0667 0.0000 0.8480 0.0853 0.0667
1685 0.0883 0.0627 0.0000 0.8490 0.0883 0.0627
1690 0.0850 0.0627 0.0000 0.8524 0.0850 0.0627
1695 0.0853 0.0567 0.0000 0.8580 0.0853 0.0567
1700 0.0767 0.0600 0.0000 0.8633 0.0767 0.0600
1705 0.0643 0.0575 0.0000 0.8783 0.0643 0.0575
1710 0.0606 0.0580 0.0000 0.8814 0.0606 0.0580
1715 0.0582 0.0622 0.0000 0.8796 0.0582 0.0622
1720 0.0546 0.0638 0.0000 0.8816 0.0546 0.0638
1725 0.0592 0.0665 0.0000 0.8743 0.0592 0.0665
1730 0.0688 0.0651 0.0000 0.8661 0.0688 0.0651
1735 0.0703 0.0577 0.0000 0.8720 0.0703 0.0577
1740 0.0723 0.0536 0.0000 0.8741 0.0723 0.0536
1745 0.0771 0.0590 0.0000 0.8639 0.0771 0.0590
1750 0.0777 0.0590 0.0000 0.8633 0.0777 0.0590
1755 0.0775 0.0584 0.0000 0.8641 0.0775 0.0584
1760 0.0767 0.0595 0.0000 0.8638 0.0767 0.0595
1765 0.0798 0.0614 0.0000 0.8588 0.0798 0.0614
1770 0.0787 0.0556 0.0000 0.8656 0.0787 0.0556
1775 0.0780 0.0572 0.0000 0.8647 0.0780 0.0572
1780 0.0822 0.0586 0.0000 0.8592 0.0822 0.0586
1785 0.0808 0.0630 0.0000 0.8562 0.0808 0.0630
1790 0.0823 0.0650 0.0000 0.8527 0.0823 0.0650
1795 0.0802 0.0650 0.0000 0.8548 0.0802 0.0650
1800 0.0765 0.0577 0.0000 0.8658 0.0765 0.0577
1805 0.0755 0.0564 0.0000 0.8681 0.0755 0.0564
1810 0.0804 0.0517 0.0000 0.8680 0.0804 0.0517
1815 0.0784 0.0532 0.0000 0.8684 0.0784 0.0532
1820 0.0738 0.0479 0.0000 0.8784 0.0738 0.0479
1825 0.0731 0.0452 0.0000 0.8817 0.0731 0.0452
1830 0.0697 0.0407 0.0000 0.8896 0.0697 0.0407
1835 0.0770 0.0428 0.0009 0.8811 0.0761 0.0419
1840 0.0757 0.0409 0.0012 0.8845 0.0746 0.0398
1845 0.0791 0.0430 0.0013 0.8792 0.0778 0.0417
1850 0.0808 0.0428 0.0000 0.8764 0.0808 0.0428
1855 0.0772 0.0405 0.0000 0.8823 0.0772 0.0405
1860 0.0733 0.0421 0.0000 0.8846 0.0733 0.0421
1865 0.0752 0.0435 0.0038 0.8852 0.0713 0.0397
1870 0.0763 0.0467 0.0062 0.8832 0.0701 0.0405
1875 0.0817 0.0475 0.0072 0.8779 0.0746 0.0404
1880 0.0826 0.0503 0.0086 0.8757 0.0740 0.0417
1885 0.0746 0.0527 0.0065 0.8792 0.0681 0.0462
1890 0.0706 0.0553 0.0057 0.8798 0.0650 0.0496
1895 0.0659 0.0582 0.0045 0.8804 0.0614 0.0536
1900 0.0590 0.0614 0.0058 0.8854 0.0532 0.0556
1905 0.0573 0.0680 0.0059 0.8806 0.0515 0.0621
1910 0.0610 0.0675 0.0043 0.8757 0.0568 0.0632
1915 0.0553 0.0627 0.0045 0.8866 0.0508 0.0582
1920 0.0562 0.0660 0.0064 0.8841 0.0498 0.0597
1925 0.0583 0.0686 0.0077 0.8809 0.0505 0.0608
1930 0.0641 0.0735 0.0096 0.8720 0.0545 0.0639
1935 0.0620 0.0784 0.0102 0.8698 0.0518 0.0682
1940 0.0627 0.0760 0.0081 0.8695 0.0546 0.0679
1945 0.0649 0.0728 0.0083 0.8706 0.0565 0.0645
1950 0.0661 0.0716 0.0071 0.8693 0.0591 0.0645
1955 0.0641 0.0735 0.0080 0.8704 0.0561 0.0656
1960 0.0600 0.0695 0.0065 0.8770 0.0535 0.0630
1965 0.0620 0.0706 0.0071 0.8744 0.0549 0.0636
1970 0.0584 0.0735 0.0045 0.8726 0.0539 0.0690
1975 0.0593 0.0755 0.0034 0.8685 0.0560 0.0721
1980 0.0649 0.0748 0.0007 0.8610 0.0642 0.0741
1985 0.0725 0.0745 0.0006 0.8536 0.0719 0.0739
1990 0.0702 0.0742 0.0000 0.8556 0.0702 0.0742
1995 0.0697 0.0755 0.0002 0.8550 0.0695 0.0753
