2000 0.0949 0.0743 0.0000 0.8308 0.0949 0.0743
2005 0.0925 0.0724 0.0000 0.8351 0.0925 0.0724
2010 0.0914 0.0728 0.0000 0.8358 0.0914 0.0728
2015 0.0879 0.0721 0.0000 0.8400 0.0879 0.0721
2020 0.0855 0.0779 0.0000 0.8366 0.0855 0.0779
2025 0.0751 0.0744 0.0001 0.8505 0.0750 0.0743
2030 0.0744 0.0734 0.0000 0.8522 0.0744 0.0734
2035 0.0748 0.0715 0.0000 0.8537 0.0748 0.0715
2040 0.0702 0.0733 0.0000 0.8566 0.0702 0.0733
2045 0.0657 0.0722 0.0000 0.8621 0.0657 0.0722
2050 0.0642 0.0689 0.0000 0.8670 0.0642 0.0689
2055 0.0595 0.0683 0.0000 0.8722 0.0595 0.0683
2060 0.0538 0.0632 0.0000 0.8830 0.0538 0.0632
2065 0.0592 0.0598 0.0000 0.8810 0.0592 0.0598
2070 0.0621 0.0614 0.0000 0.8764 0.0621 0.0614
2075 0.0751 0.0598 0.0000 0.8651 0.0751 0.0598
2080 0.0773 0.0625 0.0000 0.8602 0.0773 0.0625
2085 0.0688 0.0593 0.0000 0.8719 0.0688 0.0593
2090 0.0572 0.0549 0.0000 0.8879 0.0572 0.0549
2095 0.0578 0.0541 0.0012 0.8893 0.0566 0.0529
2100 0.0577 0.0495 0.0011 0.8939 0.0566 0.0484
2105 0.0608 0.0538 0.0011 0.8865 0.0598 0.0527
2110 0.0476 0.0515 0.0013 0.9022 0.0463 0.0502
2115 0.0411 0.0559 0.0048 0.9078 0.0363 0.0510
2120 0.0435 0.0657 0.0071 0.8979 0.0364 0.0586
2125 0.0463 0.0683 0.0074 0.8928 0.0389 0.0608
2130 0.0493 0.0810 0.0083 0.8780 0.0410 0.0728
2135 0.0521 0.0854 0.0083 0.8707 0.0438 0.0772
2140 0.0554 0.0805 0.0100 0.8742 0.0454 0.0704
2145 0.0696 0.0784 0.0106 0.8626 0.0590 0.0678
2150 0.0750 0.0711 0.0093 0.8632 0.0657 0.0618
2155 0.0762 0.0683 0.0091 0.8646 0.0671 0.0592
2160 0.0768 0.0698 0.0116 0.8650 0.0652 0.0582
2165 0.0756 0.0737 0.0156 0.8663 0.0600 0.0581
2170 0.0790 0.0722 0.0136 0.8624 0.0655 0.0586
2175 0.0767 0.0723 0.0103 0.8613 0.0664 0.0620
2180 0.0810 0.0673 0.0072 0.8588 0.0738 0.0601
2185 0.0630 0.0658 0.0032 0.8744 0.0598 0.0626
2190 0.0573 0.0621 0.0011 0.8816 0.0562 0.0611
2195 0.0579 0.0675 0.0014 0.8761 0.0565 0.0660
2200 0.0538 0.0703 0.0020 0.8780 0.0517 0.0683
2205 0.0595 0.0777 0.0034 0.8661 0.0561 0.0743
2210 0.0592 0.0756 0.0038 0.8690 0.0554 0.0718
2215 0.0577 0.0794 0.0041 0.8671 0.0535 0.0753
2220 0.0513 0.0814 0.0043 0.8716 0.0470 0.0772
2225 0.0539 0.0829 0.0044 0.8676 0.0495 0.0786
2230 0.0514 0.0842 0.0040 0.8684 0.0474 0.0802
2235 0.0547 0.0874 0.0046 0.8625 0.0501 0.0828
2240 0.0591 0.0833 0.0027 0.8603 0.0564 0.0806
2245 0.0630 0.0761 0.0022 0.8632 0.0607 0.0738
2250 0.0677 0.0695 0.0012 0.8640 0.0665 0.0683
2255 0.0818 0.0662 0.0034 0.8555 0.0783 0.0627
2260 0.0803 0.0637 0.0043 0.8602 0.0761 0.0594
2265 0.0768 0.0673 0.0058 0.8616 0.0710 0.0616
2270 0.0690 0.0647 0.0064 0.8726 0.0626 0.0584
2275 0.0581 0.0613 0.0056 0.8861 0.0526 0.0558
2280 0.0551 0.0728 0.0043 0.8764 0.0508 0.0685
2285 0.0560 0.0859 0.0048 0.8629 0.0512 0.0810
2290 0.0565 0.0943 0.0061 0.8554 0.0503 0.0881
2295 0.0587 0.0963 0.0079 0.8529 0.0508 0.0884
2300 0.0546 0.0935 0.0053 0.8573 0.0493 0.0881
2305 0.0523 0.0885 0.0035 0.8627 0.0488 0.0849
2310 0.0488 0.0861 0.0040 0.8691 0.0448 0.0821
2315 0.0487 0.0799 0.0047 0.8762 0.0440 0.0751
2320 0.0451 0.0735 0.0037 0.8850 0.0415 0.0698
2325 0.0495 0.0689 0.0058 0.8874 0.0437 0.0631
2330 0.0482 0.0688 0.0054 0.8885 0.0428 0.0633
2335 0.0454 0.0759 0.0066 0.8854 0.0388 0.0692
2340 0.0408 0.0858 0.0064 0.8798 0.0344 0.0794
2345 0.0404 0.0867 0.0063 0.8791 0.0341 0.0805
2350 0.0408 0.0912 0.0066 0.8746 0.0341 0.0846
2355 0.0415 0.0927 0.0091 0.8749 0.0324 0.0836
2360 0.0440 0.0870 0.0097 0.8788 0.0343 0.0773
2365 0.0507 0.0881 0.0134 0.8745 0.0373 0.0748
2370 0.0469 0.0916 0.0031 0.8646 0.0438 0.0885
2375 0.0525 0.0903 0.0028 0.8601 0.0496 0.0874
2380 0.0567 0.0916 0.0032 0.8549 0.0535 0.0884
2385 0.0580 0.0893 0.0074 0.8601 0.0506 0.0819
2390 0.0604 0.0894 0.0077 0.8579 0.0527 0.0818
2395 0.0647 0.0893 0.0106 0.8566 0.0541 0.0787
2400 0.0678 0.0901 0.0117 0.8537 0.0561 0.0784
2405 0.0686 0.0924 0.0110 0.8500 0.0577 0.0814
2410 0.0736 0.0951 0.0129 0.8442 0.0607 0.0822
2415 0.0794 0.0944 0.0113 0.8375 0.0681 0.0831
2420 0.0806 0.0940 0.0136 0.8390 0.0670 0.0805
2425 0.0768 0.0950 0.0145 0.8427 0.0623 0.0805
2430 0.0748 0.0968 0.0162 0.8446 0.0586 0.0806
2435 0.0733 0.0923 0.0147 0.8491 0.0586 0.0776
2440 0.0770 0.0916 0.0163 0.8477 0.0607 0.0753
2445 0.0769 0.0950 0.0207 0.8488 0.0562 0.0743
2450 0.0734 0.0994 0.0202 0.8475 0.0532 0.0792
2455 0.0694 0.1049 0.0163 0.8420 0.0530 0.0886
2460 0.0612 0.1013 0.0122 0.8497 0.0490 0.0891
2465 0.0605 0.1047 0.0091 0.8439 0.0514 0.0956
2470 0.0517 0.0951 0.0026 0.8557 0.0491 0.0925
2475 0.0454 0.0891 0.0000 0.8655 0.0454 0.0891
2480 0.0432 0.0913 0.0000 0.8654 0.0432 0.0913
2485 0.0397 0.0940 0.0000 0.8663 0.0397 0.0940
2490 0.0385 0.0968 0.0000 0.8647 0.0385 0.0968
2495 0.0418 0.0989 0.0013 0.8606 0.0405 0.0976
2500 0.0414 0.0935 0.0035 0.8687 0.0378 0.0899
2505 0.0528 0.0985 0.0076 0.8562 0.0453 0.0910
2510 0.0546 0.0971 0.0105 0.8588 0.0441 0.0866
2515 0.0536 0.1048 0.0092 0.8508 0.0444 0.0956
2520 0.0499 0.1065 0.0098 0.8535 0.0401 0.0966
2525 0.0491 0.1082 0.0097 0.8523 0.0395 0.0985
2530 0.0503 0.1086 0.0121 0.8531 0.0383 0.0965
2535 0.0572 0.1075 0.0116 0.8469 0.0456 0.0959
2540 0.0595 0.1054 0.0125 0.8476 0.0470 0.0929
2545 0.0652 0.1057 0.0108 0.8398 0.0545 0.0950
2550 0.0740 0.1041 0.0129 0.8348 0.0611 0.0912
2555 0.0731 0.1062 0.0123 0.8329 0.0608 0.0939
2560 0.0834 0.1026 0.0112 0.8253 0.0722 0.0913
2565 0.0855 0.1040 0.0137 0.8242 0.0718 0.0903
2570 0.0854 0.1024 0.0119 0.8241 0.0735 0.0905
2575 0.0831 0.0990 0.0137 0.8316 0.0694 0.0853
2580 0.0702 0.0905 0.0169 0.8562 0.0533 0.0736
2585 0.0642 0.0892 0.0143 0.8609 0.0499 0.0749
2590 0.0704 0.0848 0.0139 0.8587 0.0565 0.0709
2595 0.0675 0.0906 0.0145 0.8565 0.0529 0.0761
2600 0.0816 0.0919 0.0201 0.8465 0.0616 0.0718
2605 0.0870 0.0968 0.0200 0.8362 0.0670 0.0768
2610 0.0938 0.0929 0.0187 0.8320 0.0751 0.0742
2615 0.0923 0.0900 0.0185 0.8362 0.0737 0.0715
2620 0.0929 0.0917 0.0174 0.8328 0.0755 0.0743
2625 0.0948 0.0933 0.0190 0.8309 0.0757 0.0743
2630 0.0885 0.0974 0.0219 0.8360 0.0666 0.0755
2635 0.0953 0.0997 0.0252 0.8301 0.0702 0.0746
2640 0.0865 0.1005 0.0258 0.8387 0.0607 0.0748
2645 0.0818 0.0957 0.0200 0.8425 0.0618 0.0757
2650 0.0864 0.0984 0.0203 0.8355 0.0660 0.0781
2655 0.0878 0.0972 0.0180 0.8329 0.0698 0.0793
2660 0.0939 0.0975 0.0196 0.8282 0.0743 0.0779
2665 0.0995 0.0953 0.0187 0.8238 0.0808 0.0767
2670 0.0926 0.1022 0.0210 0.8262 0.0716 0.0812
2675 0.0911 0.1014 0.0206 0.8281 0.0705 0.0808
2680 0.0909 0.1074 0.0215 0.8233 0.0694 0.0859
2685 0.0932 0.1095 0.0214 0.8186 0.0718 0.0881
2690 0.0963 0.1050 0.0181 0.8168 0.0782 0.0870
2695 0.0933 0.1029 0.0149 0.8186 0.0784 0.0880
2700 0.0910 0.0927 0.0129 0.8292 0.0781 0.0799
2705 0.0894 0.0894 0.0090 0.8301 0.0805 0.0805
2710 0.0932 0.0855 0.0096 0.8308 0.0836 0.0760
2715 0.0911 0.0917 0.0137 0.8309 0.0774 0.0780
2720 0.0914 0.0939 0.0122 0.8268 0.0793 0.0818
2725 0.0903 0.0952 0.0185 0.8331 0.0717 0.0767
2730 0.0891 0.0966 0.0183 0.8326 0.0708 0.0783
2735 0.0839 0.0974 0.0174 0.8361 0.0665 0.0800
2740 0.0781 0.0958 0.0194 0.8455 0.0587 0.0764
2745 0.0759 0.1042 0.0191 0.8391 0.0567 0.0851
2750 0.0679 0.1026 0.0200 0.8495 0.0480 0.0826
2755 0.0655 0.1074 0.0210 0.8482 0.0444 0.0864
2760 0.0650 0.1099 0.0180 0.8431 0.0470 0.0919
2765 0.0725 0.1103 0.0197 0.8368 0.0528 0.0906
2770 0.0799 0.1068 0.0167 0.8300 0.0632 0.0901
2775 0.0751 0.1056 0.0106 0.8299 0.0645 0.0950
2780 0.0782 0.1009 0.0109 0.8318 0.0673 0.0900
2785 0.0809 0.0983 0.0116 0.8323 0.0694 0.0867
2790 0.0838 0.0976 0.0143 0.8329 0.0695 0.0833
2795 0.0845 0.1023 0.0174 0.8306 0.0671 0.0849
2800 0.0865 0.1057 0.0171 0.8249 0.0694 0.0886
2805 0.0888 0.1070 0.0152 0.8194 0.0736 0.0918
2810 0.0885 0.0987 0.0148 0.8276 0.0737 0.0839
2815 0.0907 0.0897 0.0139 0.8335 0.0768 0.0757
2820 0.0912 0.0828 0.0103 0.8362 0.0809 0.0725
2825 0.0851 0.0760 0.0087 0.8477 0.0763 0.0672
2830 0.0903 0.0796 0.0093 0.8394 0.0809 0.0703
2835 0.0936 0.0788 0.0105 0.8381 0.0831 0.0683
2840 0.0966 0.0800 0.0099 0.8333 0.0867 0.0701
2845 0.1001 0.0840 0.0108 0.8267 0.0893 0.0733
2850 0.0970 0.0841 0.0061 0.8250 0.0909 0.0780
2855 0.0935 0.0906 0.0083 0.8242 0.0852 0.0823
2860 0.0926 0.0959 0.0090 0.8204 0.0836 0.0870
2865 0.0923 0.0969 0.0085 0.8194 0.0838 0.0884
2870 0.0873 0.0957 0.0092 0.8262 0.0781 0.0865
2875 0.0841 0.0905 0.0119 0.8373 0.0722 0.0786
2880 0.0859 0.0894 0.0126 0.8373 0.0733 0.0768
2885 0.0784 0.0833 0.0089 0.8471 0.0696 0.0744
2890 0.0749 0.0805 0.0089 0.8535 0.0660 0.0716
2895 0.0754 0.0740 0.0078 0.8585 0.0676 0.0662
2900 0.0776 0.0729 0.0056 0.8550 0.0721 0.0673
2905 0.0763 0.0716 0.0041 0.8562 0.0722 0.0675
2910 0.0760 0.0718 0.0058 0.8580 0.0702 0.0660
2915 0.0802 0.0757 0.0051 0.8491 0.0751 0.0707
2920 0.0800 0.0800 0.0051 0.8451 0.0749 0.0749
2925 0.0805 0.0877 0.0041 0.8360 0.0763 0.0835
2930 0.0831 0.0846 0.0106 0.8430 0.0724 0.0740
2935 0.0787 0.0786 0.0124 0.8552 0.0663 0.0662
2940 0.0733 0.0723 0.0103 0.8647 0.0630 0.0620
2945 0.0766 0.0743 0.0100 0.8592 0.0665 0.0643
2950 0.0710 0.0751 0.0086 0.8625 0.0624 0.0665
2955 0.0749 0.0682 0.0096 0.8665 0.0653 0.0586
2960 0.0776 0.0708 0.0100 0.8616 0.0676 0.0607
2965 0.0784 0.0702 0.0080 0.8594 0.0704 0.0621
2970 0.0822 0.0756 0.0139 0.8561 0.0683 0.0617
2975 0.0880 0.0733 0.0131 0.8518 0.0749 0.0601
2980 0.0857 0.0725 0.0158 0.8576 0.0698 0.0567
2985 0.0827 0.0697 0.0156 0.8632 0.0671 0.0541
2990 0.0832 0.0708 0.0155 0.8615 0.0677 0.0553
2995 0.0823 0.0707 0.0157 0.8627 0.0666 0.0549
