1000 0.3784 0.3382 0.1292 0.4126 0.2492 0.2090
1005 0.3813 0.3247 0.1225 0.4165 0.2588 0.2022
1010 0.3880 0.3257 0.1360 0.4222 0.2520 0.1897
1015 0.3898 0.3261 0.1435 0.4276 0.2464 0.1826
1020 0.3806 0.3435 0.1410 0.4169 0.2396 0.2026
1025 0.3852 0.3624 0.1552 0.4076 0.2300 0.2072
1030 0.3902 0.3596 0.1577 0.4080 0.2325 0.2019
1035 0.3880 0.3435 0.1449 0.4133 0.2431 0.1986
1040 0.3866 0.3410 0.1467 0.4190 0.2399 0.1944
1045 0.4041 0.3293 0.1534 0.4201 0.2506 0.1759
1050 0.4165 0.3286 0.1541 0.4090 0.2624 0.1744
1055 0.4201 0.3375 0.1506 0.3930 0.2695 0.1869
1060 0.3977 0.3663 0.1545 0.3905 0.2431 0.2118
1065 0.3784 0.4023 0.1541 0.3734 0.2243 0.2481
1070 0.3834 0.4211 0.1513 0.3467 0.2321 0.2698
1075 0.3628 0.4276 0.1303 0.3400 0.2325 0.2973
1080 0.3588 0.3763 0.1107 0.3756 0.2481 0.2656
1085 0.3706 0.3403 0.1040 0.3930 0.2666 0.2364
1090 0.3653 0.3126 0.0904 0.4126 0.2748 0.2221
1095 0.3934 0.3243 0.0975 0.3799 0.2958 0.2268
1100 0.4144 0.3218 0.1089 0.3727 0.3054 0.2129
1105 0.4137 0.3535 0.1104 0.3432 0.3033 0.2431
1110 0.4119 0.3496 0.1168 0.3553 0.2951 0.2328
1115 0.3980 0.3727 0.1193 0.3485 0.2787 0.2535
1120 0.3692 0.3443 0.1104 0.3969 0.2588 0.2339
1125 0.3592 0.3414 0.1040 0.4033 0.2553 0.2375
1130 0.3802 0.3521 0.1146 0.3823 0.2656 0.2375
1135 0.4204 0.3766 0.1310 0.3339 0.2894 0.2456
1140 0.4276 0.3717 0.1481 0.3489 0.2795 0.2236
1145 0.4461 0.3941 0.1470 0.3069 0.2990 0.2471
1150 0.4244 0.3987 0.1378 0.3147 0.2866 0.2609
1155 0.4137 0.4389 0.1463 0.2937 0.2674 0.2926
1160 0.3702 0.4012 0.1267 0.3553 0.2435 0.2745
1165 0.3325 0.3852 0.1114 0.3937 0.2211 0.2738
1170 0.3471 0.3581 0.1150 0.4098 0.2321 0.2431
1175 0.3332 0.3268 0.0947 0.4347 0.2385 0.2321
1180 0.3578 0.3443 0.1175 0.4155 0.2403 0.2268
1185 0.3357 0.3336 0.1235 0.4543 0.2122 0.2100
1190 0.3393 0.3653 0.1339 0.4293 0.2054 0.2314
1195 0.3329 0.3524 0.1353 0.4500 0.1976 0.2172
1200 0.3375 0.3564 0.1388 0.4450 0.1986 0.2175
1205 0.3713 0.3674 0.1449 0.4062 0.2264 0.2225
1210 0.3809 0.3699 0.1360 0.3852 0.2449 0.2339
1215 0.3955 0.3795 0.1467 0.3717 0.2488 0.2328
1220 0.3937 0.3667 0.1424 0.3820 0.2513 0.2243
1225 0.3788 0.3937 0.1413 0.3688 0.2375 0.2524
1230 0.3745 0.3948 0.1424 0.3731 0.2321 0.2524
1235 0.3702 0.3756 0.1356 0.3898 0.2346 0.2399
1240 0.3806 0.3674 0.1435 0.3955 0.2371 0.2239
1245 0.3831 0.3855 0.1445 0.3759 0.2385 0.2410
1250 0.3642 0.3774 0.1488 0.4073 0.2154 0.2286
1255 0.3692 0.3624 0.1271 0.3955 0.2421 0.2353
1260 0.3745 0.3727 0.1200 0.3727 0.2545 0.2528
1265 0.3991 0.3791 0.1299 0.3517 0.2691 0.2492
1270 0.3998 0.3809 0.1278 0.3471 0.2720 0.2531
1275 0.4176 0.3895 0.1477 0.3407 0.2698 0.2417
1280 0.4151 0.3685 0.1114 0.3279 0.3037 0.2570
1285 0.4244 0.3496 0.0911 0.3172 0.3332 0.2585
1290 0.4343 0.3521 0.0972 0.3108 0.3371 0.2549
1295 0.4407 0.3485 0.1121 0.3229 0.3286 0.2364
1300 0.4535 0.3311 0.0968 0.3122 0.3567 0.2342
1305 0.4621 0.3197 0.0968 0.3151 0.3653 0.2229
1310 0.4361 0.3143 0.1007 0.3503 0.3354 0.2136
1315 0.4062 0.3083 0.0915 0.3770 0.3147 0.2168
1320 0.4066 0.2958 0.0865 0.3841 0.3200 0.2093
1325 0.4119 0.3044 0.0943 0.3781 0.3176 0.2100
1330 0.4251 0.2876 0.0936 0.3809 0.3314 0.1940
1335 0.4005 0.3026 0.0933 0.3902 0.3072 0.2093
1340 0.4033 0.3820 0.1114 0.3261 0.2919 0.2706
1345 0.3920 0.3870 0.1125 0.3336 0.2795 0.2745
1350 0.4019 0.3912 0.1235 0.3304 0.2784 0.2677
1355 0.3731 0.3788 0.1018 0.3499 0.2713 0.2770
1360 0.3784 0.3336 0.0947 0.3827 0.2837 0.2389
1365 0.3588 0.3204 0.0915 0.4122 0.2674 0.2289
1370 0.3510 0.3147 0.0886 0.4229 0.2624 0.2261
1375 0.3638 0.3410 0.1096 0.4048 0.2542 0.2314
1380 0.3806 0.3596 0.1232 0.3831 0.2574 0.2364
1385 0.4179 0.3788 0.1381 0.3414 0.2798 0.2407
1390 0.4197 0.4169 0.1598 0.3232 0.2599 0.2570
1395 0.4240 0.4343 0.1719 0.3136 0.2520 0.2624
1400 0.3905 0.4557 0.1527 0.3065 0.2378 0.3030
1405 0.3962 0.4176 0.1292 0.3154 0.2670 0.2884
1410 0.4009 0.4112 0.1274 0.3154 0.2734 0.2837
1415 0.4251 0.4051 0.1363 0.3062 0.2887 0.2688
1420 0.4276 0.4051 0.1452 0.3126 0.2823 0.2599
1425 0.4503 0.3880 0.1485 0.3101 0.3019 0.2396
1430 0.4382 0.3710 0.1438 0.3346 0.2944 0.2271
1435 0.4422 0.3962 0.1655 0.3272 0.2766 0.2307
1440 0.4169 0.4108 0.1274 0.2998 0.2894 0.2834
1445 0.4158 0.4283 0.1285 0.2844 0.2873 0.2998
1450 0.4251 0.4165 0.1271 0.2855 0.2980 0.2894
1455 0.4172 0.4272 0.1349 0.2905 0.2823 0.2923
1460 0.4076 0.4058 0.1278 0.3143 0.2798 0.2780
1465 0.4354 0.4179 0.1396 0.2862 0.2958 0.2784
1470 0.4461 0.4037 0.1431 0.2933 0.3030 0.2606
1475 0.4596 0.4211 0.1545 0.2738 0.3051 0.2666
1480 0.4767 0.4258 0.1534 0.2510 0.3232 0.2723
1485 0.4667 0.4407 0.1755 0.2681 0.2912 0.2652
1490 0.4617 0.4094 0.1808 0.3097 0.2809 0.2286
1495 0.4535 0.3920 0.1969 0.3514 0.2567 0.1951
1500 0.4557 0.3934 0.2008 0.3517 0.2549 0.1926
1505 0.4770 0.4158 0.1755 0.2827 0.3015 0.2403
1510 0.4596 0.4222 0.1808 0.2990 0.2787 0.2414
1515 0.4343 0.4183 0.1591 0.3065 0.2752 0.2592
1520 0.4372 0.4204 0.1812 0.3236 0.2560 0.2392
1525 0.4333 0.4315 0.1606 0.2958 0.2727 0.2709
1530 0.4414 0.4567 0.1858 0.2876 0.2556 0.2709
1535 0.4251 0.4507 0.1648 0.2891 0.2602 0.2859
1540 0.3873 0.4614 0.1627 0.3140 0.2246 0.2987
1545 0.3923 0.4261 0.1598 0.3414 0.2325 0.2663
1550 0.3781 0.4101 0.1392 0.3510 0.2389 0.2709
1555 0.3873 0.3702 0.1264 0.3688 0.2609 0.2439
1560 0.3948 0.3378 0.1335 0.4009 0.2613 0.2043
1565 0.4101 0.3364 0.1303 0.3838 0.2798 0.2061
1570 0.3959 0.3478 0.1403 0.3966 0.2556 0.2075
1575 0.4090 0.3596 0.1413 0.3727 0.2677 0.2182
1580 0.3774 0.3944 0.1349 0.3631 0.2424 0.2595
1585 0.3920 0.4090 0.1335 0.3325 0.2585 0.2755
1590 0.3930 0.4098 0.1289 0.3261 0.2642 0.2809
1595 0.4201 0.3944 0.1143 0.2998 0.3058 0.2802
1600 0.4350 0.3984 0.1168 0.2834 0.3183 0.2816
1605 0.4560 0.3902 0.1072 0.2609 0.3489 0.2830
1610 0.4610 0.4194 0.1356 0.2553 0.3254 0.2837
1615 0.4628 0.4300 0.1438 0.2510 0.3190 0.2862
1620 0.4838 0.4058 0.1460 0.2563 0.3378 0.2599
1625 0.4550 0.3727 0.1189 0.2912 0.3361 0.2538
1630 0.4674 0.3745 0.1271 0.2852 0.3403 0.2474
1635 0.4674 0.3752 0.1388 0.2962 0.3286 0.2364
1640 0.5091 0.3791 0.1595 0.2713 0.3496 0.2197
1645 0.5219 0.3788 0.1477 0.2471 0.3742 0.2310
1650 0.5130 0.3866 0.1499 0.2503 0.3631 0.2367
1655 0.5251 0.4172 0.1499 0.2075 0.3752 0.2674
1660 0.4977 0.4578 0.1559 0.2004 0.3418 0.3019
1665 0.4710 0.4646 0.1438 0.2083 0.3272 0.3208
1670 0.4756 0.4471 0.1356 0.2129 0.3400 0.3115
1675 0.4649 0.4407 0.1267 0.2211 0.3382 0.3140
1680 0.4624 0.4642 0.1371 0.2104 0.3254 0.3272
1685 0.4422 0.4713 0.1349 0.2214 0.3072 0.3364
1690 0.4293 0.4756 0.1339 0.2289 0.2955 0.3418
1695 0.4532 0.4824 0.1684 0.2328 0.2848 0.3140
1700 0.4486 0.4550 0.1638 0.2602 0.2848 0.2912
1705 0.4685 0.4397 0.1712 0.2631 0.2973 0.2684
1710 0.4600 0.4486 0.1616 0.2531 0.2983 0.2869
1715 0.4585 0.4507 0.1716 0.2624 0.2869 0.2791
1720 0.4674 0.4553 0.1844 0.2617 0.2830 0.2709
1725 0.4795 0.4664 0.1851 0.2392 0.2944 0.2812
1730 0.4778 0.4703 0.1837 0.2357 0.2941 0.2866
1735 0.4852 0.4639 0.1609 0.2118 0.3243 0.3030
1740 0.4745 0.4589 0.1805 0.2471 0.2941 0.2784
1745 0.4511 0.4496 0.1691 0.2684 0.2820 0.2805
1750 0.4276 0.4678 0.1823 0.2869 0.2453 0.2855
1755 0.4276 0.4628 0.1727 0.2823 0.2549 0.2901
1760 0.4347 0.4614 0.1591 0.2631 0.2755 0.3022
1765 0.4147 0.4635 0.1477 0.2695 0.2670 0.3158
1770 0.4033 0.4436 0.1428 0.2958 0.2606 0.3008
1775 0.4062 0.4600 0.1424 0.2763 0.2638 0.3176
1780 0.3973 0.4457 0.1310 0.2880 0.2663 0.3147
1785 0.3870 0.4382 0.1221 0.2969 0.2649 0.3161
1790 0.3720 0.4101 0.1082 0.3261 0.2638 0.3019
1795 0.3799 0.3994 0.1114 0.3321 0.2684 0.2880
1800 0.4211 0.3642 0.1235 0.3382 0.2976 0.2407
1805 0.4418 0.3717 0.1403 0.3268 0.3015 0.2314
1810 0.4475 0.3774 0.1460 0.3211 0.3015 0.2314
1815 0.4770 0.4311 0.1819 0.2738 0.2951 0.2492
1820 0.4685 0.4439 0.1812 0.2688 0.2873 0.2627
1825 0.4564 0.4656 0.1823 0.2602 0.2741 0.2834
1830 0.4507 0.4436 0.1595 0.2652 0.2912 0.2841
1835 0.4414 0.4368 0.1545 0.2763 0.2869 0.2823
1840 0.4258 0.4012 0.1388 0.3119 0.2869 0.2624
1845 0.4179 0.3681 0.1121 0.3261 0.3058 0.2560
1850 0.3866 0.2898 0.1007 0.4244 0.2859 0.1890
1855 0.3820 0.2848 0.0926 0.4258 0.2894 0.1922
1860 0.4098 0.2955 0.1250 0.4197 0.2848 0.1705
1865 0.4322 0.3183 0.1388 0.3884 0.2933 0.1794
1870 0.4414 0.4001 0.1623 0.3208 0.2791 0.2378
1875 0.4589 0.4194 0.1823 0.3040 0.2766 0.2371
1880 0.4571 0.4318 0.1801 0.2912 0.2770 0.2517
1885 0.4315 0.4108 0.1684 0.3261 0.2631 0.2424
1890 0.4197 0.4005 0.1524 0.3321 0.2674 0.2481
1895 0.4496 0.3877 0.1574 0.3200 0.2923 0.2303
1900 0.4703 0.3834 0.1638 0.3101 0.3065 0.2197
1905 0.4749 0.4101 0.1684 0.2834 0.3065 0.2417
1910 0.4560 0.4311 0.1791 0.2919 0.2770 0.2520
1915 0.4400 0.4219 0.1748 0.3129 0.2652 0.2471
1920 0.4468 0.3980 0.1659 0.3211 0.2809 0.2321
1925 0.4226 0.3848 0.1431 0.3357 0.2795 0.2417
1930 0.4044 0.3898 0.1296 0.3354 0.2748 0.2602
1935 0.4357 0.3713 0.1385 0.3314 0.2973 0.2328
1940 0.4486 0.3660 0.1399 0.3254 0.3087 0.2261
1945 0.4486 0.3702 0.1360 0.3172 0.3126 0.2342
1950 0.4461 0.3734 0.1356 0.3161 0.3104 0.2378
1955 0.4247 0.3777 0.1253 0.3229 0.2994 0.2524
1960 0.3766 0.3866 0.1175 0.3542 0.2592 0.2691
1965 0.3297 0.4066 0.1018 0.3656 0.2278 0.3047
1970 0.3272 0.4048 0.1079 0.3759 0.2193 0.2969
1975 0.3446 0.4211 0.1221 0.3564 0.2225 0.2990
1980 0.3560 0.4009 0.1545 0.3977 0.2015 0.2464
1985 0.3428 0.3991 0.1485 0.4066 0.1944 0.2506
1990 0.3386 0.4062 0.1470 0.4023 0.1915 0.2592
1995 0.3378 0.4076 0.1506 0.4051 0.1873 0.2570
