7000 0.4150 0.3428 0.2131 0.4553 0.2020 0.1297
7005 0.4182 0.3399 0.2111 0.4530 0.2071 0.1288
7010 0.4178 0.3400 0.2192 0.4614 0.1986 0.1209
7015 0.4092 0.3577 0.2268 0.4598 0.1824 0.1309
7020 0.4088 0.3626 0.2286 0.4572 0.1802 0.1340
7025 0.4150 0.3606 0.2344 0.4588 0.1806 0.1262
7030 0.4176 0.3460 0.2268 0.4632 0.1908 0.1192
7035 0.4271 0.3379 0.2324 0.4675 0.1946 0.1055
7040 0.4292 0.3266 0.2350 0.4792 0.1942 0.0916
7045 0.4359 0.3367 0.2305 0.4579 0.2055 0.1062
7050 0.4178 0.3499 0.2315 0.4638 0.1863 0.1184
7055 0.4230 0.3416 0.2209 0.4563 0.2021 0.1207
7060 0.4123 0.3483 0.2144 0.4539 0.1978 0.1338
7065 0.4127 0.3527 0.2144 0.4490 0.1983 0.1382
7070 0.4490 0.3617 0.2343 0.4236 0.2148 0.1274
7075 0.4472 0.3833 0.2375 0.4070 0.2097 0.1459
7080 0.4551 0.3806 0.2430 0.4073 0.2122 0.1376
7085 0.4530 0.4097 0.2532 0.3905 0.1998 0.1565
7090 0.4641 0.4130 0.2515 0.3743 0.2126 0.1616
7095 0.4672 0.4141 0.2599 0.3786 0.2073 0.1542
7100 0.4557 0.3827 0.2500 0.4115 0.2058 0.1328
7105 0.4466 0.3658 0.2405 0.4281 0.2061 0.1253
7110 0.4294 0.3530 0.2315 0.4492 0.1978 0.1215
7115 0.4266 0.3571 0.2308 0.4470 0.1959 0.1264
7120 0.4056 0.3615 0.2167 0.4496 0.1888 0.1448
7125 0.4042 0.3480 0.2059 0.4537 0.1983 0.1421
7130 0.4162 0.3295 0.1931 0.4473 0.2231 0.1364
7135 0.4199 0.3246 0.1905 0.4460 0.2294 0.1341
7140 0.4121 0.3381 0.1965 0.4463 0.2157 0.1416
7145 0.3888 0.3567 0.2036 0.4582 0.1852 0.1530
7150 0.3850 0.3611 0.2050 0.4589 0.1800 0.1561
7155 0.3823 0.3704 0.2160 0.4633 0.1663 0.1544
7160 0.3874 0.3513 0.2164 0.4777 0.1710 0.1349
7165 0.3928 0.3634 0.2312 0.4751 0.1616 0.1321
7170 0.4129 0.3563 0.2253 0.4560 0.1876 0.1311
7175 0.4100 0.3667 0.2390 0.4623 0.1710 0.1277
7180 0.4120 0.3553 0.2443 0.4771 0.1677 0.1110
7185 0.4063 0.3618 0.2490 0.4809 0.1573 0.1128
7190 0.4179 0.3800 0.2679 0.4701 0.1500 0.1120
7195 0.4024 0.3906 0.2637 0.4707 0.1387 0.1270
7200 0.3967 0.4158 0.2541 0.4415 0.1427 0.1617
7205 0.4342 0.4207 0.2739 0.4190 0.1603 0.1468
7210 0.4280 0.4022 0.2661 0.4359 0.1619 0.1361
7215 0.4358 0.3681 0.2439 0.4400 0.1919 0.1242
7220 0.4161 0.3478 0.2289 0.4650 0.1872 0.1189
7225 0.4213 0.3326 0.2198 0.4659 0.2015 0.1128
7230 0.4185 0.3189 0.2100 0.4726 0.2085 0.1088
7235 0.4367 0.3373 0.2283 0.4544 0.2084 0.1090
7240 0.4336 0.3356 0.2234 0.4542 0.2102 0.1122
7245 0.4457 0.3385 0.2199 0.4358 0.2257 0.1186
7250 0.4548 0.3498 0.2248 0.4202 0.2300 0.1250
7255 0.4748 0.3439 0.2256 0.4070 0.2492 0.1183
7260 0.4608 0.3448 0.2230 0.4175 0.2378 0.1218
7265 0.4306 0.3475 0.2076 0.4295 0.2230 0.1399
7270 0.4219 0.3556 0.2135 0.4361 0.2084 0.1421
7275 0.4079 0.3405 0.2112 0.4629 0.1966 0.1292
7280 0.4153 0.3382 0.2242 0.4707 0.1911 0.1140
7285 0.4076 0.3246 0.2131 0.4809 0.1945 0.1116
7290 0.4233 0.3170 0.2027 0.4624 0.2205 0.1143
7295 0.4295 0.3265 0.2026 0.4466 0.2269 0.1239
7300 0.4326 0.3184 0.1994 0.4484 0.2332 0.1190
7305 0.4425 0.3309 0.2137 0.4403 0.2288 0.1172
7310 0.4345 0.3358 0.2163 0.4460 0.2183 0.1195
7315 0.4380 0.3402 0.2079 0.4297 0.2301 0.1323
7320 0.4419 0.3531 0.2297 0.4347 0.2122 0.1235
7325 0.4522 0.3521 0.2394 0.4351 0.2128 0.1126
7330 0.4478 0.3378 0.2367 0.4512 0.2111 0.1011
7335 0.4484 0.3448 0.2384 0.4452 0.2100 0.1064
7340 0.4600 0.3495 0.2285 0.4190 0.2315 0.1210
7345 0.4519 0.3644 0.2215 0.4051 0.2305 0.1430
7350 0.4426 0.3634 0.2216 0.4156 0.2210 0.1417
7355 0.4309 0.3725 0.2280 0.4246 0.2029 0.1445
7360 0.4202 0.3635 0.2123 0.4286 0.2079 0.1512
7365 0.4173 0.3795 0.2100 0.4132 0.2073 0.1695
7370 0.4502 0.3760 0.2254 0.3992 0.2248 0.1506
7375 0.4841 0.3536 0.2352 0.3975 0.2489 0.1184
7380 0.4818 0.3403 0.2350 0.4129 0.2468 0.1053
7385 0.4899 0.3228 0.2315 0.4188 0.2583 0.0913
7390 0.4592 0.3138 0.2141 0.4411 0.2451 0.0997
7395 0.4338 0.2963 0.1751 0.4451 0.2586 0.1212
7400 0.4146 0.2963 0.1704 0.4595 0.2442 0.1259
7405 0.4441 0.2949 0.1838 0.4447 0.2603 0.1111
7410 0.4301 0.3109 0.2000 0.4589 0.2301 0.1110
7415 0.4223 0.3246 0.2059 0.4589 0.2164 0.1187
7420 0.4361 0.3402 0.2269 0.4507 0.2091 0.1132
7425 0.4391 0.3768 0.2547 0.4388 0.1844 0.1221
7430 0.4313 0.3865 0.2558 0.4379 0.1756 0.1308
7435 0.4018 0.3784 0.2222 0.4420 0.1795 0.1562
7440 0.4060 0.3676 0.2169 0.4432 0.1891 0.1507
7445 0.4022 0.3611 0.2167 0.4534 0.1855 0.1443
7450 0.4039 0.3663 0.2169 0.4467 0.1870 0.1494
7455 0.4161 0.3685 0.2205 0.4359 0.1955 0.1480
7460 0.4230 0.3745 0.2221 0.4246 0.2009 0.1524
7465 0.4341 0.3701 0.2306 0.4265 0.2035 0.1395
7470 0.4501 0.3871 0.2407 0.4034 0.2094 0.1465
7475 0.4512 0.3966 0.2599 0.4121 0.1913 0.1367
7480 0.4522 0.3952 0.2521 0.4047 0.2001 0.1431
7485 0.4565 0.4001 0.2521 0.3955 0.2044 0.1480
7490 0.4522 0.3987 0.2583 0.4074 0.1939 0.1404
7495 0.4236 0.3768 0.2198 0.4194 0.2038 0.1570
7500 0.4036 0.3611 0.2093 0.4446 0.1943 0.1518
7505 0.3923 0.3579 0.1959 0.4457 0.1965 0.1620
7510 0.4233 0.3778 0.2141 0.4130 0.2091 0.1637
7515 0.4263 0.3634 0.2096 0.4199 0.2167 0.1538
7520 0.4277 0.3751 0.2277 0.4249 0.2000 0.1474
7525 0.4097 0.3870 0.2237 0.4271 0.1859 0.1632
7530 0.4031 0.3929 0.2337 0.4376 0.1695 0.1593
7535 0.3981 0.3798 0.2184 0.4405 0.1797 0.1614
7540 0.4219 0.3826 0.2340 0.4295 0.1879 0.1486
7545 0.4248 0.3733 0.2289 0.4309 0.1959 0.1443
7550 0.4231 0.3708 0.2460 0.4521 0.1771 0.1248
7555 0.4222 0.3652 0.2190 0.4316 0.2032 0.1462
7560 0.4292 0.3905 0.2286 0.4089 0.2006 0.1619
7565 0.4361 0.3993 0.2391 0.4037 0.1969 0.1602
7570 0.4284 0.4129 0.2372 0.3958 0.1913 0.1757
7575 0.4315 0.4004 0.2346 0.4027 0.1969 0.1658
7580 0.4487 0.3647 0.2250 0.4115 0.2237 0.1398
7585 0.4312 0.3490 0.2111 0.4309 0.2201 0.1379
7590 0.4324 0.3435 0.2030 0.4271 0.2294 0.1405
7595 0.4178 0.3484 0.1975 0.4313 0.2202 0.1509
7600 0.4057 0.3670 0.2041 0.4313 0.2016 0.1629
7605 0.3852 0.3650 0.1980 0.4478 0.1872 0.1670
7610 0.3800 0.3711 0.1904 0.4393 0.1896 0.1808
7615 0.3874 0.3809 0.1840 0.4156 0.2035 0.1969
7620 0.3911 0.4056 0.1891 0.3925 0.2020 0.2164
7625 0.4103 0.4010 0.2085 0.3972 0.2018 0.1925
7630 0.4184 0.3868 0.2106 0.4054 0.2077 0.1762
7635 0.3967 0.3795 0.2205 0.4443 0.1762 0.1590
7640 0.3987 0.3643 0.2109 0.4480 0.1878 0.1533
7645 0.4303 0.3531 0.2263 0.4429 0.2039 0.1268
7650 0.4545 0.3484 0.2213 0.4184 0.2332 0.1271
7655 0.4632 0.3437 0.2205 0.4137 0.2426 0.1232
7660 0.4577 0.3428 0.2172 0.4167 0.2405 0.1256
7665 0.4480 0.3367 0.2064 0.4217 0.2416 0.1303
7670 0.4447 0.3483 0.2259 0.4329 0.2189 0.1224
7675 0.4461 0.3675 0.2344 0.4208 0.2117 0.1331
7680 0.4405 0.3699 0.2239 0.4135 0.2166 0.1460
7685 0.4220 0.3632 0.2038 0.4185 0.2183 0.1594
7690 0.4248 0.3544 0.2138 0.4347 0.2109 0.1405
7695 0.4073 0.3432 0.2064 0.4559 0.2009 0.1369
7700 0.4071 0.3557 0.2085 0.4457 0.1986 0.1472
7705 0.4210 0.3646 0.1913 0.4057 0.2297 0.1733
7710 0.4303 0.3777 0.1930 0.3850 0.2373 0.1847
7715 0.4519 0.3847 0.1904 0.3538 0.2615 0.1943
7720 0.4505 0.3928 0.1873 0.3440 0.2632 0.2055
7725 0.4291 0.3852 0.1859 0.3717 0.2431 0.1992
7730 0.4167 0.3649 0.1908 0.4092 0.2259 0.1741
7735 0.4091 0.3591 0.1972 0.4291 0.2119 0.1619
7740 0.4124 0.3496 0.1922 0.4301 0.2202 0.1574
7745 0.4205 0.3589 0.1946 0.4152 0.2259 0.1643
7750 0.4188 0.3527 0.1917 0.4202 0.2271 0.1610
7755 0.4281 0.3777 0.1949 0.3891 0.2332 0.1827
7760 0.4556 0.3720 0.2021 0.3745 0.2535 0.1699
7765 0.4655 0.3826 0.2079 0.3599 0.2576 0.1747
7770 0.4923 0.3570 0.2062 0.3570 0.2861 0.1507
7775 0.4693 0.3297 0.2009 0.4019 0.2684 0.1288
7780 0.4592 0.3009 0.1864 0.4263 0.2728 0.1145
7785 0.4460 0.2996 0.1893 0.4437 0.2567 0.1103
7790 0.4411 0.3272 0.2045 0.4362 0.2365 0.1227
7795 0.4329 0.3445 0.2053 0.4280 0.2276 0.1392
7800 0.4365 0.3586 0.2023 0.4071 0.2343 0.1564
7805 0.4367 0.3634 0.1902 0.3902 0.2465 0.1731
7810 0.4287 0.3615 0.1855 0.3952 0.2433 0.1760
7815 0.4309 0.3568 0.1821 0.3945 0.2487 0.1747
7820 0.4169 0.3460 0.1669 0.4041 0.2500 0.1791
7825 0.4054 0.3277 0.1556 0.4225 0.2498 0.1721
7830 0.4004 0.2943 0.1443 0.4496 0.2561 0.1500
7835 0.4326 0.3022 0.1599 0.4251 0.2727 0.1424
7840 0.4242 0.3064 0.1453 0.4147 0.2789 0.1611
7845 0.4092 0.3312 0.1443 0.4039 0.2649 0.1869
7850 0.3972 0.3333 0.1416 0.4111 0.2556 0.1917
7855 0.3856 0.3312 0.1459 0.4291 0.2398 0.1853
7860 0.4001 0.3339 0.1591 0.4251 0.2410 0.1748
7865 0.4169 0.3506 0.1776 0.4102 0.2393 0.1730
7870 0.4138 0.3458 0.1859 0.4263 0.2279 0.1599
7875 0.4103 0.3498 0.1867 0.4266 0.2236 0.1631
7880 0.4123 0.3426 0.1930 0.4380 0.2193 0.1497
7885 0.4226 0.3466 0.1974 0.4281 0.2253 0.1492
7890 0.4502 0.3855 0.2292 0.3935 0.2210 0.1562
7895 0.4437 0.3890 0.2303 0.3977 0.2134 0.1587
7900 0.4490 0.3961 0.2376 0.3925 0.2114 0.1585
7905 0.4281 0.3937 0.2288 0.4070 0.1994 0.1649
7910 0.4169 0.3911 0.2178 0.4098 0.1991 0.1733
7915 0.4083 0.4068 0.2216 0.4065 0.1867 0.1852
7920 0.4254 0.4065 0.2074 0.3756 0.2180 0.1991
7925 0.4484 0.4152 0.2088 0.3452 0.2396 0.2064
7930 0.4536 0.4182 0.2094 0.3376 0.2442 0.2088
7935 0.4620 0.4310 0.2274 0.3344 0.2346 0.2036
7940 0.4521 0.4263 0.2183 0.3399 0.2338 0.2080
7945 0.4528 0.4240 0.2184 0.3416 0.2344 0.2056
7950 0.4412 0.4153 0.2096 0.3530 0.2317 0.2058
7955 0.4350 0.4306 0.2125 0.3469 0.2225 0.2181
7960 0.4309 0.4472 0.2173 0.3393 0.2135 0.2298
7965 0.4335 0.4591 0.2212 0.3286 0.2123 0.2379
7970 0.4429 0.4574 0.2231 0.3228 0.2198 0.2343
7975 0.4592 0.4338 0.2209 0.3278 0.2384 0.2129
7980 0.4883 0.4124 0.2333 0.3326 0.2550 0.1791
7985 0.4915 0.3940 0.2449 0.3594 0.2466 0.1491
7990 0.4906 0.3957 0.2472 0.3609 0.2434 0.1485
7995 0.4845 0.3984 0.2420 0.3591 0.2425 0.1564
