1000 0.4045 0.3827 0.2154 0.4281 0.1891 0.1674
1005 0.3998 0.3810 0.2096 0.4287 0.1902 0.1715
1010 0.4039 0.3841 0.2076 0.4196 0.1963 0.1765
1015 0.3868 0.3830 0.2061 0.4362 0.1808 0.1770
1020 0.3888 0.3801 0.2038 0.4348 0.1850 0.1763
1025 0.3922 0.3554 0.2114 0.4638 0.1808 0.1440
1030 0.4272 0.3487 0.2111 0.4351 0.2161 0.1376
1035 0.4326 0.3286 0.2097 0.4486 0.2228 0.1189
1040 0.4563 0.3327 0.2222 0.4332 0.2341 0.1105
1045 0.4507 0.3509 0.2410 0.4394 0.2097 0.1099
1050 0.4493 0.3673 0.2410 0.4243 0.2084 0.1264
1055 0.4476 0.3708 0.2280 0.4095 0.2196 0.1428
1060 0.4254 0.3719 0.2079 0.4106 0.2175 0.1640
1065 0.4255 0.3777 0.2141 0.4109 0.2114 0.1635
1070 0.4082 0.3661 0.2103 0.4361 0.1978 0.1558
1075 0.4193 0.3434 0.2094 0.4467 0.2099 0.1340
1080 0.4103 0.3288 0.2039 0.4649 0.2064 0.1248
1085 0.4202 0.3062 0.2045 0.4781 0.2157 0.1017
1090 0.4143 0.2972 0.1888 0.4774 0.2254 0.1084
1095 0.4045 0.2980 0.1716 0.4691 0.2329 0.1264
1100 0.3757 0.3018 0.1587 0.4812 0.2170 0.1431
1105 0.3669 0.2971 0.1558 0.4918 0.2111 0.1413
1110 0.3632 0.2855 0.1436 0.4949 0.2196 0.1419
1115 0.3661 0.3012 0.1556 0.4883 0.2105 0.1456
1120 0.3798 0.2928 0.1610 0.4883 0.2189 0.1318
1125 0.3815 0.3019 0.1632 0.4798 0.2183 0.1387
1130 0.3864 0.3035 0.1861 0.4963 0.2003 0.1174
1135 0.3777 0.2756 0.1599 0.5066 0.2178 0.1157
1140 0.3589 0.2942 0.1748 0.5217 0.1841 0.1193
1145 0.3545 0.3144 0.1704 0.5014 0.1841 0.1440
1150 0.3830 0.3231 0.1931 0.4870 0.1899 0.1300
1155 0.3908 0.3446 0.1936 0.4582 0.1972 0.1510
1160 0.4121 0.3588 0.2026 0.4316 0.2096 0.1562
1165 0.3887 0.3609 0.1927 0.4431 0.1960 0.1683
1170 0.3730 0.3554 0.1911 0.4627 0.1818 0.1643
1175 0.3748 0.3754 0.2018 0.4516 0.1730 0.1736
1180 0.3858 0.3818 0.2087 0.4411 0.1771 0.1731
1185 0.3881 0.3634 0.1826 0.4312 0.2055 0.1808
1190 0.3644 0.3487 0.1529 0.4397 0.2116 0.1959
1195 0.3597 0.3460 0.1463 0.4406 0.2134 0.1997
1200 0.3675 0.3501 0.1591 0.4415 0.2084 0.1910
1205 0.3923 0.3551 0.1927 0.4452 0.1997 0.1625
1210 0.3995 0.3480 0.2116 0.4641 0.1879 0.1364
1215 0.3789 0.3231 0.1988 0.4967 0.1802 0.1244
1220 0.3655 0.3064 0.1800 0.5082 0.1855 0.1264
1225 0.3539 0.2920 0.1646 0.5187 0.1893 0.1274
1230 0.3608 0.2814 0.1661 0.5240 0.1946 0.1152
1235 0.3909 0.2876 0.1715 0.4929 0.2195 0.1161
1240 0.4132 0.3211 0.1902 0.4559 0.2230 0.1309
1245 0.4009 0.3535 0.1841 0.4298 0.2167 0.1693
1250 0.4208 0.3574 0.1937 0.4155 0.2271 0.1637
1255 0.4091 0.3512 0.2003 0.4400 0.2088 0.1509
1260 0.4108 0.3263 0.2007 0.4636 0.2100 0.1256
1265 0.3949 0.3182 0.1890 0.4758 0.2059 0.1292
1270 0.3940 0.3157 0.1782 0.4685 0.2158 0.1375
1275 0.3855 0.3349 0.1782 0.4579 0.2073 0.1567
1280 0.3641 0.3263 0.1686 0.4781 0.1955 0.1578
1285 0.3530 0.3431 0.1878 0.4917 0.1652 0.1553
1290 0.3390 0.3603 0.1905 0.4912 0.1485 0.1698
1295 0.3478 0.3595 0.1852 0.4778 0.1626 0.1744
1300 0.3474 0.3844 0.1917 0.4600 0.1556 0.1927
1305 0.3492 0.4140 0.2087 0.4455 0.1405 0.2053
1310 0.3621 0.4226 0.2172 0.4324 0.1449 0.2055
1315 0.3676 0.4397 0.2390 0.4316 0.1286 0.2007
1320 0.3609 0.4312 0.2440 0.4519 0.1169 0.1872
1325 0.3637 0.4199 0.2381 0.4545 0.1256 0.1818
1330 0.3699 0.3955 0.2225 0.4571 0.1474 0.1730
1335 0.3571 0.3728 0.2001 0.4702 0.1570 0.1727
1340 0.3653 0.3666 0.2096 0.4777 0.1558 0.1570
1345 0.3585 0.3602 0.2099 0.4912 0.1486 0.1503
1350 0.3499 0.3431 0.1989 0.5059 0.1510 0.1442
1355 0.3440 0.3448 0.1981 0.5094 0.1459 0.1466
1360 0.3324 0.3303 0.1853 0.5226 0.1471 0.1449
1365 0.3474 0.3184 0.1750 0.5092 0.1724 0.1434
1370 0.3535 0.3010 0.1635 0.5091 0.1899 0.1375
1375 0.3571 0.2800 0.1462 0.5091 0.2109 0.1338
1380 0.3512 0.2893 0.1355 0.4950 0.2157 0.1538
1385 0.3422 0.3108 0.1465 0.4935 0.1957 0.1643
1390 0.3592 0.3439 0.1632 0.4601 0.1960 0.1806
1395 0.3603 0.3525 0.1756 0.4627 0.1847 0.1770
1400 0.3571 0.3374 0.1622 0.4676 0.1949 0.1753
1405 0.3554 0.3390 0.1741 0.4797 0.1814 0.1649
1410 0.3503 0.3446 0.1794 0.4845 0.1709 0.1652
1415 0.3599 0.3533 0.1812 0.4681 0.1786 0.1721
1420 0.3675 0.3513 0.1814 0.4626 0.1861 0.1699
1425 0.3890 0.3617 0.1943 0.4437 0.1946 0.1674
1430 0.4027 0.3603 0.2068 0.4438 0.1959 0.1535
1435 0.3935 0.3660 0.2023 0.4428 0.1913 0.1637
1440 0.4019 0.3742 0.2103 0.4342 0.1916 0.1638
1445 0.3940 0.3710 0.2000 0.4350 0.1940 0.1710
1450 0.3943 0.3900 0.2035 0.4191 0.1908 0.1866
1455 0.3791 0.3653 0.1908 0.4464 0.1882 0.1745
1460 0.3821 0.3486 0.1800 0.4493 0.2021 0.1686
1465 0.3884 0.3393 0.1773 0.4496 0.2111 0.1620
1470 0.4056 0.3507 0.1908 0.4345 0.2148 0.1599
1475 0.4169 0.3720 0.2080 0.4191 0.2088 0.1640
1480 0.4298 0.3672 0.2248 0.4278 0.2050 0.1424
1485 0.4327 0.3725 0.2289 0.4237 0.2038 0.1436
1490 0.4323 0.3661 0.2250 0.4266 0.2073 0.1411
1495 0.4146 0.3574 0.2129 0.4409 0.2016 0.1445
1500 0.4083 0.3841 0.2306 0.4382 0.1777 0.1535
1505 0.3881 0.3801 0.2224 0.4542 0.1657 0.1578
1510 0.3737 0.3731 0.2176 0.4708 0.1561 0.1555
1515 0.3599 0.3519 0.2030 0.4912 0.1568 0.1489
1520 0.3571 0.3516 0.1852 0.4765 0.1719 0.1664
1525 0.3728 0.3445 0.1856 0.4684 0.1872 0.1588
1530 0.3609 0.3408 0.1728 0.4711 0.1881 0.1680
1535 0.3414 0.3597 0.1693 0.4682 0.1721 0.1904
1540 0.3367 0.3531 0.1638 0.4740 0.1728 0.1893
1545 0.3467 0.3599 0.1789 0.4723 0.1678 0.1809
1550 0.3390 0.3624 0.1699 0.4685 0.1690 0.1925
1555 0.3339 0.3597 0.1684 0.4748 0.1655 0.1913
1560 0.3338 0.3647 0.1766 0.4781 0.1571 0.1881
1565 0.3306 0.3545 0.1716 0.4865 0.1590 0.1829
1570 0.3413 0.3626 0.1802 0.4763 0.1611 0.1824
1575 0.3560 0.3378 0.1602 0.4664 0.1959 0.1776
1580 0.3538 0.3237 0.1635 0.4861 0.1902 0.1602
1585 0.3562 0.3144 0.1585 0.4879 0.1977 0.1559
1590 0.3446 0.3004 0.1527 0.5077 0.1919 0.1477
1595 0.3414 0.3150 0.1471 0.4906 0.1943 0.1680
1600 0.3472 0.3173 0.1485 0.4839 0.1988 0.1689
1605 0.3449 0.3233 0.1608 0.4926 0.1841 0.1625
1610 0.3503 0.3374 0.1863 0.4986 0.1640 0.1512
1615 0.3663 0.3469 0.2001 0.4870 0.1661 0.1468
1620 0.3631 0.3509 0.2102 0.4963 0.1529 0.1407
1625 0.3760 0.3525 0.2244 0.4958 0.1517 0.1282
1630 0.3890 0.3489 0.2143 0.4765 0.1747 0.1346
1635 0.3905 0.3291 0.2026 0.4830 0.1879 0.1265
1640 0.3855 0.3224 0.1878 0.4800 0.1977 0.1346
1645 0.3605 0.3135 0.1680 0.4940 0.1925 0.1456
1650 0.3603 0.3347 0.1827 0.4877 0.1776 0.1520
1655 0.3467 0.3353 0.1774 0.4954 0.1693 0.1579
1660 0.3595 0.3477 0.1869 0.4797 0.1727 0.1608
1665 0.3702 0.3727 0.1928 0.4499 0.1774 0.1799
1670 0.3867 0.3643 0.1910 0.4400 0.1957 0.1733
1675 0.3845 0.3842 0.1980 0.4292 0.1866 0.1863
1680 0.3856 0.3582 0.1930 0.4492 0.1927 0.1652
1685 0.3876 0.3515 0.1911 0.4521 0.1965 0.1603
1690 0.3823 0.3356 0.1710 0.4531 0.2112 0.1646
1695 0.3852 0.3509 0.1675 0.4315 0.2176 0.1834
1700 0.3792 0.3557 0.1674 0.4324 0.2119 0.1884
1705 0.3765 0.3556 0.1681 0.4361 0.2084 0.1875
1710 0.3844 0.3621 0.1747 0.4281 0.2097 0.1875
1715 0.4121 0.3429 0.1748 0.4198 0.2373 0.1681
1720 0.4051 0.3461 0.1731 0.4219 0.2320 0.1730
1725 0.4155 0.3542 0.1954 0.4257 0.2201 0.1588
1730 0.3993 0.3666 0.2004 0.4345 0.1989 0.1661
1735 0.4027 0.3766 0.2071 0.4278 0.1955 0.1695
1740 0.4141 0.3734 0.1954 0.4079 0.2187 0.1780
1745 0.4312 0.3660 0.2021 0.4050 0.2291 0.1638
1750 0.4313 0.3655 0.1962 0.3993 0.2352 0.1693
1755 0.4257 0.3617 0.1988 0.4114 0.2269 0.1629
1760 0.4205 0.3643 0.2106 0.4258 0.2099 0.1536
1765 0.4179 0.3512 0.2056 0.4365 0.2123 0.1456
1770 0.4004 0.3428 0.2077 0.4646 0.1927 0.1350
1775 0.3885 0.3393 0.2041 0.4763 0.1844 0.1352
1780 0.3627 0.3419 0.1876 0.4830 0.1751 0.1542
1785 0.3951 0.3454 0.2004 0.4600 0.1946 0.1449
1790 0.3906 0.3422 0.1925 0.4597 0.1981 0.1497
1795 0.4079 0.3458 0.1911 0.4374 0.2167 0.1547
1800 0.3914 0.3507 0.1904 0.4483 0.2010 0.1603
1805 0.3742 0.3434 0.1727 0.4551 0.2015 0.1707
1810 0.3560 0.3272 0.1599 0.4766 0.1962 0.1674
1815 0.3603 0.3272 0.1657 0.4781 0.1946 0.1616
1820 0.3576 0.3251 0.1799 0.4972 0.1777 0.1453
1825 0.3509 0.3271 0.1734 0.4955 0.1774 0.1536
1830 0.3371 0.3402 0.1850 0.5077 0.1521 0.1552
1835 0.3541 0.3332 0.1969 0.5097 0.1571 0.1363
1840 0.3672 0.3448 0.1997 0.4877 0.1675 0.1451
1845 0.3752 0.3583 0.1984 0.4649 0.1768 0.1599
1850 0.3824 0.3437 0.1859 0.4598 0.1965 0.1578
1855 0.4034 0.3448 0.1959 0.4476 0.2076 0.1489
1860 0.3981 0.3432 0.1936 0.4522 0.2045 0.1497
1865 0.4073 0.3571 0.1968 0.4324 0.2105 0.1603
1870 0.4138 0.3661 0.1984 0.4185 0.2154 0.1677
1875 0.4077 0.3826 0.2056 0.4153 0.2021 0.1770
1880 0.3996 0.3714 0.1920 0.4210 0.2076 0.1794
1885 0.3813 0.4146 0.2218 0.4258 0.1596 0.1928
1890 0.3861 0.3990 0.2254 0.4403 0.1606 0.1736
1895 0.4030 0.4127 0.2285 0.4127 0.1745 0.1843
1900 0.4216 0.3949 0.2365 0.4201 0.1850 0.1584
1905 0.4464 0.3917 0.2375 0.3993 0.2090 0.1542
1910 0.4425 0.4022 0.2385 0.3938 0.2039 0.1637
1915 0.4423 0.3920 0.2381 0.4037 0.2042 0.1539
1920 0.4191 0.3890 0.2285 0.4204 0.1907 0.1605
1925 0.3990 0.3906 0.2234 0.4338 0.1756 0.1672
1930 0.3839 0.3891 0.2106 0.4376 0.1733 0.1785
1935 0.3594 0.3964 0.2073 0.4515 0.1521 0.1891
1940 0.3801 0.3996 0.2114 0.4316 0.1687 0.1882
1945 0.3932 0.3832 0.2044 0.4280 0.1888 0.1788
1950 0.4198 0.3925 0.2135 0.4013 0.2062 0.1789
1955 0.4309 0.3704 0.2059 0.4047 0.2250 0.1645
1960 0.4283 0.3563 0.1998 0.4152 0.2285 0.1565
1965 0.4457 0.3464 0.2151 0.4230 0.2306 0.1314
1970 0.4408 0.3408 0.2233 0.4417 0.2175 0.1175
1975 0.4502 0.3451 0.2343 0.4390 0.2160 0.1108
1980 0.4191 0.3317 0.2080 0.4572 0.2111 0.1236
1985 0.3980 0.3439 0.2032 0.4614 0.1948 0.1407
1990 0.3975 0.3387 0.2021 0.4659 0.1954 0.1366
1995 0.3929 0.3410 0.2045 0.4707 0.1884 0.1364
