1000 0.2121 0.2063 0.0974 0.6790 0.1147 0.1089
1005 0.2154 0.2031 0.1019 0.6833 0.1136 0.1012
1010 0.2141 0.2035 0.1017 0.6842 0.1123 0.1017
1015 0.2135 0.2028 0.1021 0.6858 0.1114 0.1007
1020 0.2130 0.2070 0.1041 0.6841 0.1089 0.1030
1025 0.2160 0.2000 0.1063 0.6902 0.1098 0.0937
1030 0.2211 0.1979 0.1075 0.6885 0.1136 0.0904
1035 0.2220 0.2057 0.1112 0.6836 0.1107 0.0944
1040 0.2225 0.1983 0.1131 0.6923 0.1094 0.0852
1045 0.2207 0.2091 0.1194 0.6895 0.1014 0.0898
1050 0.2283 0.2131 0.1243 0.6830 0.1040 0.0888
1055 0.2323 0.2190 0.1264 0.6751 0.1059 0.0926
1060 0.2411 0.2231 0.1317 0.6675 0.1094 0.0914
1065 0.2473 0.2188 0.1283 0.6622 0.1190 0.0905
1070 0.2547 0.2184 0.1321 0.6590 0.1226 0.0863
1075 0.2546 0.2138 0.1346 0.6662 0.1200 0.0793
1080 0.2531 0.2078 0.1286 0.6678 0.1244 0.0791
1085 0.2563 0.2079 0.1246 0.6604 0.1317 0.0833
1090 0.2572 0.2132 0.1293 0.6589 0.1279 0.0840
1095 0.2610 0.2215 0.1342 0.6517 0.1268 0.0873
1100 0.2617 0.2262 0.1347 0.6468 0.1270 0.0915
1105 0.2702 0.2349 0.1372 0.6320 0.1331 0.0978
1110 0.2749 0.2378 0.1354 0.6227 0.1395 0.1023
1115 0.2699 0.2525 0.1363 0.6140 0.1336 0.1162
1120 0.2695 0.2506 0.1380 0.6179 0.1315 0.1126
1125 0.2526 0.2493 0.1281 0.6263 0.1244 0.1211
1130 0.2489 0.2469 0.1257 0.6299 0.1232 0.1212
1135 0.2417 0.2377 0.1170 0.6377 0.1247 0.1206
1140 0.2258 0.2356 0.1112 0.6499 0.1146 0.1243
1145 0.2196 0.2440 0.1164 0.6528 0.1032 0.1275
1150 0.2288 0.2384 0.1151 0.6479 0.1137 0.1233
1155 0.2383 0.2411 0.1149 0.6356 0.1233 0.1262
1160 0.2351 0.2389 0.1104 0.6364 0.1247 0.1285
1165 0.2319 0.2372 0.1098 0.6407 0.1221 0.1274
1170 0.2344 0.2494 0.1105 0.6267 0.1240 0.1389
1175 0.2347 0.2505 0.1153 0.6301 0.1194 0.1352
1180 0.2344 0.2500 0.1198 0.6353 0.1147 0.1302
1185 0.2319 0.2493 0.1295 0.6484 0.1023 0.1198
1190 0.2190 0.2488 0.1263 0.6585 0.0927 0.1225
1195 0.2157 0.2557 0.1228 0.6515 0.0928 0.1328
1200 0.2152 0.2610 0.1226 0.6464 0.0926 0.1384
1205 0.2249 0.2525 0.1231 0.6457 0.1019 0.1294
1210 0.2336 0.2601 0.1226 0.6289 0.1110 0.1375
1215 0.2384 0.2660 0.1315 0.6270 0.1069 0.1346
1220 0.2425 0.2778 0.1395 0.6193 0.1030 0.1383
1225 0.2427 0.2726 0.1367 0.6214 0.1060 0.1359
1230 0.2448 0.2715 0.1364 0.6201 0.1084 0.1351
1235 0.2448 0.2694 0.1326 0.6184 0.1122 0.1368
1240 0.2436 0.2564 0.1307 0.6307 0.1128 0.1257
1245 0.2419 0.2489 0.1315 0.6407 0.1104 0.1174
1250 0.2457 0.2489 0.1328 0.6383 0.1128 0.1160
1255 0.2488 0.2477 0.1353 0.6389 0.1135 0.1123
1260 0.2549 0.2393 0.1327 0.6385 0.1222 0.1065
1265 0.2549 0.2432 0.1365 0.6384 0.1184 0.1067
1270 0.2615 0.2364 0.1272 0.6293 0.1343 0.1093
1275 0.2633 0.2365 0.1209 0.6210 0.1425 0.1157
1280 0.2647 0.2352 0.1181 0.6183 0.1465 0.1170
1285 0.2565 0.2294 0.1194 0.6335 0.1372 0.1100
1290 0.2543 0.2321 0.1207 0.6343 0.1336 0.1114
1295 0.2435 0.2163 0.1119 0.6521 0.1316 0.1044
1300 0.2390 0.2177 0.1199 0.6632 0.1191 0.0978
1305 0.2419 0.2254 0.1242 0.6569 0.1177 0.1012
1310 0.2472 0.2252 0.1305 0.6581 0.1167 0.0947
1315 0.2522 0.2368 0.1337 0.6447 0.1185 0.1031
1320 0.2586 0.2338 0.1358 0.6433 0.1228 0.0980
1325 0.2557 0.2453 0.1394 0.6384 0.1163 0.1059
1330 0.2463 0.2493 0.1410 0.6454 0.1053 0.1083
1335 0.2374 0.2559 0.1398 0.6464 0.0977 0.1162
1340 0.2335 0.2574 0.1360 0.6452 0.0974 0.1214
1345 0.2404 0.2559 0.1360 0.6398 0.1043 0.1199
1350 0.2447 0.2523 0.1348 0.6378 0.1099 0.1175
1355 0.2574 0.2505 0.1417 0.6338 0.1157 0.1088
1360 0.2577 0.2410 0.1378 0.6391 0.1199 0.1032
1365 0.2607 0.2436 0.1388 0.6344 0.1220 0.1048
1370 0.2458 0.2491 0.1388 0.6438 0.1070 0.1104
1375 0.2480 0.2551 0.1417 0.6386 0.1063 0.1133
1380 0.2554 0.2599 0.1507 0.6354 0.1047 0.1091
1385 0.2553 0.2562 0.1440 0.6325 0.1114 0.1122
1390 0.2535 0.2505 0.1438 0.6399 0.1096 0.1067
1395 0.2517 0.2312 0.1349 0.6520 0.1168 0.0963
1400 0.2543 0.2251 0.1341 0.6547 0.1202 0.0910
1405 0.2620 0.2300 0.1335 0.6415 0.1285 0.0965
1410 0.2658 0.2484 0.1430 0.6288 0.1228 0.1054
1415 0.2674 0.2721 0.1556 0.6160 0.1119 0.1165
1420 0.2633 0.2809 0.1544 0.6102 0.1089 0.1264
1425 0.2535 0.2806 0.1549 0.6209 0.0985 0.1257
1430 0.2553 0.2883 0.1637 0.6201 0.0916 0.1246
1435 0.2486 0.2810 0.1605 0.6309 0.0881 0.1205
1440 0.2473 0.2896 0.1628 0.6259 0.0844 0.1268
1445 0.2423 0.2814 0.1549 0.6312 0.0874 0.1264
1450 0.2410 0.2795 0.1507 0.6302 0.0902 0.1288
1455 0.2394 0.2762 0.1464 0.6309 0.0930 0.1298
1460 0.2465 0.2702 0.1463 0.6295 0.1002 0.1240
1465 0.2442 0.2769 0.1489 0.6278 0.0953 0.1280
1470 0.2454 0.2788 0.1512 0.6270 0.0942 0.1275
1475 0.2433 0.2735 0.1491 0.6323 0.0942 0.1243
1480 0.2462 0.2707 0.1480 0.6311 0.0981 0.1227
1485 0.2512 0.2765 0.1580 0.6302 0.0932 0.1185
1490 0.2511 0.2894 0.1641 0.6236 0.0870 0.1253
1495 0.2528 0.2904 0.1583 0.6151 0.0946 0.1321
1500 0.2519 0.2870 0.1565 0.6177 0.0953 0.1305
1505 0.2462 0.2785 0.1430 0.6183 0.1032 0.1356
1510 0.2500 0.2875 0.1506 0.6131 0.0994 0.1369
1515 0.2530 0.2794 0.1559 0.6236 0.0970 0.1235
1520 0.2436 0.2889 0.1622 0.6298 0.0814 0.1267
1525 0.2467 0.2993 0.1622 0.6163 0.0844 0.1370
1530 0.2415 0.2846 0.1554 0.6294 0.0860 0.1291
1535 0.2444 0.2852 0.1580 0.6284 0.0864 0.1272
1540 0.2421 0.2785 0.1548 0.6342 0.0873 0.1237
1545 0.2425 0.2793 0.1467 0.6249 0.0958 0.1326
1550 0.2496 0.2756 0.1443 0.6191 0.1053 0.1312
1555 0.2568 0.2770 0.1517 0.6179 0.1051 0.1253
1560 0.2628 0.2689 0.1523 0.6206 0.1105 0.1165
1565 0.2604 0.2684 0.1537 0.6249 0.1067 0.1147
1570 0.2657 0.2640 0.1564 0.6268 0.1093 0.1075
1575 0.2783 0.2656 0.1633 0.6195 0.1149 0.1022
1580 0.2715 0.2665 0.1747 0.6367 0.0968 0.0919
1585 0.2719 0.2573 0.1715 0.6423 0.1004 0.0858
1590 0.2632 0.2541 0.1649 0.6477 0.0983 0.0891
1595 0.2702 0.2459 0.1611 0.6449 0.1091 0.0848
1600 0.2641 0.2438 0.1636 0.6557 0.1005 0.0802
1605 0.2612 0.2374 0.1544 0.6558 0.1068 0.0830
1610 0.2653 0.2430 0.1540 0.6457 0.1114 0.0890
1615 0.2699 0.2579 0.1689 0.6411 0.1010 0.0890
1620 0.2738 0.2499 0.1635 0.6398 0.1104 0.0864
1625 0.2689 0.2520 0.1554 0.6346 0.1135 0.0965
1630 0.2691 0.2505 0.1558 0.6362 0.1133 0.0947
1635 0.2648 0.2621 0.1532 0.6263 0.1116 0.1089
1640 0.2604 0.2599 0.1531 0.6328 0.1073 0.1068
1645 0.2522 0.2606 0.1523 0.6395 0.0999 0.1083
1650 0.2522 0.2722 0.1540 0.6295 0.0983 0.1183
1655 0.2556 0.2743 0.1556 0.6257 0.1000 0.1188
1660 0.2663 0.2853 0.1543 0.6027 0.1120 0.1310
1665 0.2657 0.2925 0.1610 0.6028 0.1047 0.1315
1670 0.2636 0.2932 0.1593 0.6025 0.1043 0.1340
1675 0.2596 0.2959 0.1552 0.5996 0.1044 0.1407
1680 0.2640 0.2925 0.1591 0.6027 0.1048 0.1333
1685 0.2600 0.2877 0.1495 0.6019 0.1105 0.1381
1690 0.2604 0.2888 0.1506 0.6015 0.1098 0.1381
1695 0.2502 0.2917 0.1549 0.6130 0.0953 0.1368
1700 0.2509 0.2880 0.1564 0.6175 0.0944 0.1316
1705 0.2485 0.2874 0.1547 0.6188 0.0938 0.1327
1710 0.2532 0.2883 0.1589 0.6174 0.0943 0.1294
1715 0.2489 0.2956 0.1593 0.6148 0.0896 0.1363
1720 0.2551 0.2986 0.1591 0.6054 0.0959 0.1395
1725 0.2499 0.2952 0.1489 0.6038 0.1010 0.1463
1730 0.2565 0.2917 0.1533 0.6051 0.1032 0.1384
1735 0.2540 0.2851 0.1493 0.6102 0.1047 0.1358
1740 0.2565 0.2821 0.1522 0.6136 0.1043 0.1299
1745 0.2541 0.2952 0.1559 0.6067 0.0981 0.1393
1750 0.2643 0.2804 0.1556 0.6109 0.1088 0.1248
1755 0.2680 0.2694 0.1551 0.6177 0.1130 0.1143
1760 0.2736 0.2521 0.1453 0.6196 0.1283 0.1068
1765 0.2753 0.2532 0.1420 0.6135 0.1333 0.1112
1770 0.2763 0.2619 0.1473 0.6091 0.1290 0.1146
1775 0.2752 0.2725 0.1552 0.6075 0.1200 0.1173
1780 0.2700 0.2781 0.1531 0.6049 0.1169 0.1251
1785 0.2680 0.2774 0.1528 0.6074 0.1152 0.1246
1790 0.2656 0.2749 0.1496 0.6091 0.1159 0.1253
1795 0.2656 0.2699 0.1511 0.6157 0.1144 0.1188
1800 0.2659 0.2688 0.1502 0.6156 0.1157 0.1185
1805 0.2774 0.2600 0.1514 0.6140 0.1260 0.1086
1810 0.2804 0.2673 0.1575 0.6099 0.1228 0.1098
1815 0.2841 0.2754 0.1593 0.5998 0.1248 0.1162
1820 0.2835 0.2760 0.1601 0.6006 0.1233 0.1159
1825 0.2927 0.2636 0.1611 0.6048 0.1316 0.1025
1830 0.2837 0.2617 0.1574 0.6120 0.1263 0.1043
1835 0.2811 0.2702 0.1593 0.6079 0.1219 0.1110
1840 0.2680 0.2760 0.1525 0.6084 0.1156 0.1236
1845 0.2700 0.2820 0.1526 0.6006 0.1174 0.1294
1850 0.2632 0.2835 0.1572 0.6105 0.1060 0.1263
1855 0.2652 0.2756 0.1649 0.6242 0.1002 0.1106
1860 0.2663 0.2838 0.1636 0.6135 0.1027 0.1202
1865 0.2711 0.2822 0.1704 0.6170 0.1007 0.1119
1870 0.2730 0.2725 0.1693 0.6238 0.1037 0.1032
1875 0.2789 0.2740 0.1709 0.6180 0.1080 0.1031
1880 0.2779 0.2586 0.1590 0.6225 0.1189 0.0996
1885 0.2816 0.2581 0.1648 0.6251 0.1168 0.0933
1890 0.2772 0.2565 0.1569 0.6232 0.1202 0.0996
1895 0.2669 0.2659 0.1558 0.6230 0.1111 0.1101
1900 0.2642 0.2714 0.1591 0.6236 0.1051 0.1122
1905 0.2595 0.2753 0.1573 0.6225 0.1022 0.1180
1910 0.2526 0.2784 0.1568 0.6258 0.0958 0.1216
1915 0.2563 0.2848 0.1616 0.6205 0.0947 0.1232
1920 0.2570 0.2830 0.1620 0.6220 0.0951 0.1210
1925 0.2656 0.2859 0.1662 0.6147 0.0994 0.1198
1930 0.2651 0.2737 0.1595 0.6207 0.1056 0.1142
1935 0.2670 0.2736 0.1589 0.6183 0.1081 0.1147
1940 0.2742 0.2814 0.1606 0.6051 0.1136 0.1207
1945 0.2621 0.2759 0.1523 0.6143 0.1098 0.1236
1950 0.2615 0.2864 0.1552 0.6073 0.1063 0.1312
1955 0.2631 0.2823 0.1515 0.6060 0.1116 0.1309
1960 0.2673 0.2863 0.1527 0.5991 0.1146 0.1336
1965 0.2631 0.2867 0.1554 0.6057 0.1077 0.1312
1970 0.2638 0.2821 0.1549 0.6090 0.1089 0.1272
1975 0.2604 0.2809 0.1611 0.6199 0.0993 0.1198
1980 0.2591 0.2852 0.1658 0.6215 0.0933 0.1194
1985 0.2520 0.2844 0.1643 0.6279 0.0877 0.1201
1990 0.2523 0.2838 0.1674 0.6312 0.0849 0.1164
1995 0.2535 0.2836 0.1680 0.6310 0.0854 0.1156
