7000 0.1501 0.1250 0.0391 0.7640 0.1110 0.0859
7005 0.1482 0.1270 0.0389 0.7637 0.1093 0.0882
7010 0.1485 0.1247 0.0354 0.7621 0.1132 0.0894
7015 0.1460 0.1326 0.0396 0.7610 0.1064 0.0930
7020 0.1491 0.1305 0.0409 0.7613 0.1082 0.0896
7025 0.1519 0.1331 0.0432 0.7582 0.1087 0.0898
7030 0.1621 0.1299 0.0454 0.7534 0.1167 0.0845
7035 0.1641 0.1246 0.0466 0.7579 0.1175 0.0780
7040 0.1641 0.1262 0.0499 0.7596 0.1142 0.0763
7045 0.1636 0.1258 0.0476 0.7581 0.1160 0.0783
7050 0.1681 0.1343 0.0547 0.7523 0.1134 0.0796
7055 0.1700 0.1395 0.0545 0.7450 0.1156 0.0850
7060 0.1609 0.1400 0.0558 0.7550 0.1051 0.0842
7065 0.1685 0.1438 0.0605 0.7482 0.1080 0.0833
7070 0.1619 0.1374 0.0547 0.7553 0.1072 0.0827
7075 0.1691 0.1419 0.0551 0.7441 0.1140 0.0868
7080 0.1586 0.1395 0.0574 0.7593 0.1012 0.0821
7085 0.1555 0.1361 0.0542 0.7626 0.1013 0.0819
7090 0.1605 0.1348 0.0576 0.7623 0.1029 0.0772
7095 0.1593 0.1388 0.0562 0.7581 0.1031 0.0826
7100 0.1565 0.1394 0.0554 0.7596 0.1011 0.0839
7105 0.1535 0.1390 0.0560 0.7636 0.0975 0.0830
7110 0.1528 0.1344 0.0491 0.7620 0.1036 0.0853
7115 0.1484 0.1316 0.0470 0.7669 0.1014 0.0847
7120 0.1516 0.1309 0.0501 0.7677 0.1014 0.0808
7125 0.1541 0.1279 0.0506 0.7686 0.1035 0.0773
7130 0.1558 0.1267 0.0525 0.7701 0.1032 0.0741
7135 0.1566 0.1275 0.0522 0.7680 0.1045 0.0754
7140 0.1664 0.1328 0.0584 0.7592 0.1080 0.0744
7145 0.1594 0.1355 0.0597 0.7648 0.0997 0.0758
7150 0.1612 0.1455 0.0655 0.7587 0.0958 0.0801
7155 0.1598 0.1477 0.0657 0.7582 0.0941 0.0820
7160 0.1616 0.1460 0.0644 0.7568 0.0972 0.0816
7165 0.1631 0.1511 0.0677 0.7535 0.0954 0.0833
7170 0.1647 0.1563 0.0668 0.7458 0.0979 0.0895
7175 0.1613 0.1583 0.0683 0.7487 0.0930 0.0900
7180 0.1600 0.1571 0.0658 0.7487 0.0942 0.0913
7185 0.1627 0.1572 0.0652 0.7453 0.0975 0.0920
7190 0.1685 0.1660 0.0709 0.7364 0.0976 0.0952
7195 0.1635 0.1622 0.0655 0.7398 0.0981 0.0967
7200 0.1627 0.1580 0.0639 0.7433 0.0988 0.0941
7205 0.1668 0.1555 0.0619 0.7396 0.1048 0.0936
7210 0.1611 0.1520 0.0667 0.7535 0.0944 0.0854
7215 0.1561 0.1431 0.0640 0.7648 0.0921 0.0791
7220 0.1553 0.1421 0.0632 0.7657 0.0921 0.0790
7225 0.1590 0.1430 0.0599 0.7579 0.0991 0.0831
7230 0.1552 0.1518 0.0607 0.7538 0.0944 0.0911
7235 0.1547 0.1553 0.0645 0.7545 0.0902 0.0908
7240 0.1497 0.1561 0.0633 0.7574 0.0865 0.0929
7245 0.1479 0.1572 0.0636 0.7585 0.0843 0.0936
7250 0.1468 0.1560 0.0622 0.7593 0.0847 0.0938
7255 0.1441 0.1477 0.0559 0.7642 0.0882 0.0918
7260 0.1438 0.1508 0.0566 0.7620 0.0872 0.0942
7265 0.1484 0.1511 0.0577 0.7582 0.0907 0.0933
7270 0.1476 0.1478 0.0564 0.7610 0.0912 0.0914
7275 0.1493 0.1471 0.0592 0.7628 0.0901 0.0879
7280 0.1482 0.1390 0.0578 0.7707 0.0903 0.0811
7285 0.1445 0.1418 0.0615 0.7751 0.0831 0.0803
7290 0.1442 0.1365 0.0611 0.7805 0.0831 0.0754
7295 0.1404 0.1362 0.0587 0.7820 0.0818 0.0775
7300 0.1401 0.1336 0.0530 0.7794 0.0871 0.0805
7305 0.1398 0.1332 0.0534 0.7803 0.0865 0.0798
7310 0.1425 0.1352 0.0533 0.7755 0.0892 0.0820
7315 0.1555 0.1485 0.0588 0.7547 0.0967 0.0897
7320 0.1554 0.1452 0.0597 0.7591 0.0958 0.0855
7325 0.1605 0.1496 0.0592 0.7491 0.1013 0.0904
7330 0.1602 0.1476 0.0564 0.7486 0.1039 0.0912
7335 0.1622 0.1470 0.0588 0.7497 0.1034 0.0882
7340 0.1505 0.1420 0.0580 0.7655 0.0925 0.0840
7345 0.1488 0.1436 0.0552 0.7628 0.0936 0.0884
7350 0.1483 0.1485 0.0500 0.7532 0.0983 0.0985
7355 0.1460 0.1532 0.0514 0.7522 0.0946 0.1018
7360 0.1524 0.1546 0.0552 0.7482 0.0972 0.0994
7365 0.1535 0.1537 0.0540 0.7468 0.0995 0.0997
7370 0.1549 0.1569 0.0560 0.7442 0.0989 0.1008
7375 0.1575 0.1503 0.0570 0.7492 0.1005 0.0933
7380 0.1524 0.1578 0.0583 0.7481 0.0941 0.0995
7385 0.1506 0.1519 0.0520 0.7495 0.0985 0.0999
7390 0.1501 0.1522 0.0481 0.7458 0.1020 0.1041
7395 0.1520 0.1549 0.0500 0.7430 0.1020 0.1049
7400 0.1559 0.1537 0.0488 0.7392 0.1071 0.1049
7405 0.1642 0.1522 0.0537 0.7374 0.1105 0.0984
7410 0.1664 0.1534 0.0558 0.7360 0.1106 0.0976
7415 0.1622 0.1491 0.0508 0.7395 0.1113 0.0983
7420 0.1641 0.1526 0.0524 0.7357 0.1117 0.1002
7425 0.1569 0.1524 0.0524 0.7431 0.1045 0.1000
7430 0.1524 0.1522 0.0443 0.7398 0.1081 0.1078
7435 0.1512 0.1514 0.0469 0.7442 0.1043 0.1046
7440 0.1549 0.1437 0.0368 0.7382 0.1181 0.1069
7445 0.1488 0.1480 0.0465 0.7497 0.1023 0.1016
7450 0.1536 0.1397 0.0475 0.7541 0.1061 0.0923
7455 0.1519 0.1343 0.0438 0.7576 0.1081 0.0904
7460 0.1553 0.1345 0.0441 0.7543 0.1112 0.0904
7465 0.1571 0.1326 0.0412 0.7515 0.1159 0.0914
7470 0.1552 0.1403 0.0438 0.7483 0.1113 0.0965
7475 0.1586 0.1407 0.0465 0.7473 0.1121 0.0942
7480 0.1578 0.1466 0.0476 0.7431 0.1103 0.0990
7485 0.1631 0.1507 0.0529 0.7390 0.1103 0.0978
7490 0.1564 0.1482 0.0548 0.7503 0.1016 0.0933
7495 0.1584 0.1474 0.0524 0.7465 0.1060 0.0950
7500 0.1639 0.1525 0.0513 0.7349 0.1125 0.1012
7505 0.1673 0.1443 0.0489 0.7374 0.1183 0.0954
7510 0.1629 0.1442 0.0495 0.7424 0.1134 0.0947
7515 0.1652 0.1414 0.0477 0.7411 0.1175 0.0937
7520 0.1618 0.1435 0.0518 0.7465 0.1100 0.0917
7525 0.1555 0.1459 0.0533 0.7518 0.1023 0.0926
7530 0.1541 0.1501 0.0540 0.7498 0.1001 0.0961
7535 0.1503 0.1467 0.0520 0.7550 0.0983 0.0947
7540 0.1449 0.1458 0.0479 0.7573 0.0970 0.0978
7545 0.1460 0.1445 0.0493 0.7587 0.0967 0.0953
7550 0.1552 0.1468 0.0553 0.7533 0.0999 0.0915
7555 0.1534 0.1396 0.0542 0.7613 0.0991 0.0854
7560 0.1601 0.1350 0.0525 0.7574 0.1076 0.0825
7565 0.1540 0.1400 0.0491 0.7552 0.1048 0.0908
7570 0.1565 0.1423 0.0507 0.7520 0.1058 0.0915
7575 0.1571 0.1443 0.0483 0.7469 0.1088 0.0960
7580 0.1536 0.1425 0.0487 0.7526 0.1049 0.0938
7585 0.1489 0.1373 0.0478 0.7616 0.1011 0.0895
7590 0.1443 0.1332 0.0481 0.7706 0.0962 0.0851
7595 0.1424 0.1424 0.0537 0.7690 0.0886 0.0886
7600 0.1380 0.1421 0.0514 0.7713 0.0866 0.0907
7605 0.1416 0.1441 0.0511 0.7654 0.0906 0.0930
7610 0.1495 0.1487 0.0488 0.7506 0.1007 0.0999
7615 0.1549 0.1513 0.0454 0.7392 0.1095 0.1059
7620 0.1555 0.1501 0.0466 0.7410 0.1089 0.1035
7625 0.1512 0.1538 0.0482 0.7431 0.1030 0.1057
7630 0.1477 0.1455 0.0431 0.7499 0.1046 0.1024
7635 0.1541 0.1431 0.0414 0.7442 0.1127 0.1017
7640 0.1621 0.1381 0.0424 0.7422 0.1197 0.0958
7645 0.1646 0.1461 0.0461 0.7354 0.1185 0.1000
7650 0.1676 0.1419 0.0506 0.7411 0.1170 0.0913
7655 0.1666 0.1456 0.0483 0.7360 0.1183 0.0973
7660 0.1650 0.1552 0.0517 0.7316 0.1133 0.1035
7665 0.1728 0.1563 0.0536 0.7246 0.1192 0.1026
7670 0.1714 0.1611 0.0558 0.7233 0.1156 0.1053
7675 0.1809 0.1477 0.0566 0.7281 0.1243 0.0911
7680 0.1798 0.1460 0.0539 0.7281 0.1260 0.0921
7685 0.1815 0.1416 0.0517 0.7285 0.1298 0.0900
7690 0.1801 0.1464 0.0487 0.7223 0.1314 0.0977
7695 0.1791 0.1511 0.0506 0.7204 0.1285 0.1005
7700 0.1730 0.1529 0.0477 0.7218 0.1253 0.1052
7705 0.1692 0.1502 0.0487 0.7293 0.1205 0.1016
7710 0.1663 0.1452 0.0456 0.7342 0.1206 0.0995
7715 0.1689 0.1458 0.0516 0.7369 0.1174 0.0942
7720 0.1683 0.1458 0.0485 0.7345 0.1198 0.0972
7725 0.1734 0.1444 0.0489 0.7311 0.1245 0.0955
7730 0.1757 0.1450 0.0513 0.7306 0.1244 0.0937
7735 0.1776 0.1489 0.0562 0.7296 0.1215 0.0927
7740 0.1816 0.1443 0.0501 0.7242 0.1315 0.0942
7745 0.1799 0.1490 0.0547 0.7258 0.1252 0.0943
7750 0.1813 0.1419 0.0519 0.7288 0.1293 0.0900
7755 0.1871 0.1433 0.0535 0.7231 0.1336 0.0898
7760 0.1856 0.1487 0.0547 0.7204 0.1309 0.0940
7765 0.1855 0.1505 0.0605 0.7246 0.1250 0.0900
7770 0.1871 0.1540 0.0642 0.7232 0.1228 0.0897
7775 0.1821 0.1542 0.0613 0.7250 0.1208 0.0929
7780 0.1810 0.1541 0.0582 0.7231 0.1228 0.0959
7785 0.1778 0.1519 0.0586 0.7289 0.1192 0.0933
7790 0.1794 0.1546 0.0569 0.7229 0.1226 0.0977
7795 0.1751 0.1485 0.0576 0.7340 0.1175 0.0909
7800 0.1788 0.1571 0.0605 0.7246 0.1183 0.0966
7805 0.1796 0.1532 0.0574 0.7246 0.1222 0.0959
7810 0.1822 0.1502 0.0558 0.7233 0.1264 0.0944
7815 0.1790 0.1530 0.0547 0.7227 0.1243 0.0983
7820 0.1793 0.1558 0.0553 0.7202 0.1240 0.1005
7825 0.1798 0.1580 0.0534 0.7156 0.1264 0.1046
7830 0.1883 0.1546 0.0563 0.7134 0.1320 0.0983
7835 0.1872 0.1530 0.0552 0.7150 0.1320 0.0978
7840 0.1838 0.1548 0.0549 0.7163 0.1288 0.0999
7845 0.1912 0.1500 0.0549 0.7138 0.1362 0.0950
7850 0.1918 0.1553 0.0578 0.7108 0.1339 0.0975
7855 0.1878 0.1506 0.0541 0.7157 0.1337 0.0965
7860 0.1827 0.1464 0.0539 0.7248 0.1288 0.0925
7865 0.1839 0.1485 0.0530 0.7206 0.1309 0.0955
7870 0.1823 0.1509 0.0531 0.7198 0.1292 0.0978
7875 0.1871 0.1535 0.0557 0.7151 0.1314 0.0978
7880 0.1889 0.1506 0.0557 0.7162 0.1332 0.0949
7885 0.1833 0.1587 0.0578 0.7159 0.1255 0.1008
7890 0.1802 0.1511 0.0562 0.7249 0.1240 0.0949
7895 0.1838 0.1552 0.0584 0.7195 0.1253 0.0967
7900 0.1772 0.1583 0.0553 0.7198 0.1218 0.1030
7905 0.1749 0.1625 0.0629 0.7255 0.1119 0.0996
7910 0.1755 0.1704 0.0679 0.7220 0.1076 0.1025
7915 0.1749 0.1746 0.0732 0.7237 0.1017 0.1014
7920 0.1728 0.1633 0.0639 0.7278 0.1089 0.0994
7925 0.1709 0.1728 0.0628 0.7191 0.1081 0.1100
7930 0.1739 0.1652 0.0588 0.7197 0.1151 0.1064
7935 0.1700 0.1607 0.0581 0.7273 0.1119 0.1026
7940 0.1723 0.1588 0.0578 0.7267 0.1145 0.1010
7945 0.1652 0.1505 0.0549 0.7393 0.1103 0.0955
7950 0.1741 0.1471 0.0541 0.7329 0.1200 0.0930
7955 0.1703 0.1395 0.0500 0.7402 0.1203 0.0895
7960 0.1757 0.1459 0.0542 0.7326 0.1215 0.0917
7965 0.1732 0.1482 0.0547 0.7334 0.1185 0.0935
7970 0.1750 0.1530 0.0592 0.7312 0.1158 0.0938
7975 0.1745 0.1558 0.0578 0.7276 0.1167 0.0979
7980 0.1721 0.1569 0.0633 0.7343 0.1088 0.0936
7985 0.1743 0.1571 0.0619 0.7306 0.1123 0.0952
7990 0.1726 0.1606 0.0645 0.7313 0.1081 0.0961
7995 0.1733 0.1575 0.0630 0.7323 0.1103 0.0944
