11000 0.4094 0.4632 0.2328 0.3603 0.1766 0.2303
11005 0.4073 0.4632 0.2325 0.3621 0.1748 0.2307
11010 0.4080 0.4713 0.2335 0.3542 0.1744 0.2378
11015 0.4208 0.4525 0.2399 0.3667 0.1808 0.2125
11020 0.4393 0.4414 0.2517 0.3710 0.1876 0.1897
11025 0.4439 0.4293 0.2453 0.3720 0.1986 0.1841
11030 0.4496 0.4090 0.2243 0.3656 0.2253 0.1848
11035 0.4279 0.4197 0.2282 0.3806 0.1997 0.1915
11040 0.4240 0.4236 0.2293 0.3816 0.1947 0.1944
11045 0.4735 0.4236 0.2738 0.3766 0.1997 0.1499
11050 0.4785 0.4158 0.2553 0.3610 0.2232 0.1606
11055 0.5016 0.4300 0.2681 0.3364 0.2335 0.1620
11060 0.4482 0.4493 0.2456 0.3482 0.2026 0.2036
11065 0.4251 0.4571 0.2303 0.3482 0.1947 0.2268
11070 0.4279 0.4564 0.2399 0.3556 0.1880 0.2164
11075 0.4461 0.4489 0.2474 0.3524 0.1986 0.2015
11080 0.4432 0.4233 0.2531 0.3866 0.1901 0.1702
11085 0.4738 0.4105 0.2709 0.3866 0.2029 0.1396
11090 0.4514 0.4051 0.2303 0.3738 0.2211 0.1748
11095 0.4642 0.4108 0.2164 0.3414 0.2478 0.1944
11100 0.4511 0.3962 0.2011 0.3539 0.2499 0.1951
11105 0.4083 0.4115 0.1862 0.3663 0.2221 0.2253
11110 0.3777 0.4083 0.1719 0.3859 0.2058 0.2364
11115 0.3606 0.4076 0.1794 0.4112 0.1812 0.2282
11120 0.3553 0.4300 0.1791 0.3937 0.1762 0.2510
11125 0.3571 0.4162 0.1930 0.4197 0.1641 0.2232
11130 0.3564 0.4386 0.1908 0.3959 0.1655 0.2478
11135 0.3702 0.4486 0.1908 0.3720 0.1794 0.2577
11140 0.3820 0.4578 0.1876 0.3478 0.1944 0.2702
11145 0.4098 0.4852 0.2040 0.3090 0.2058 0.2812
11150 0.4439 0.4738 0.2136 0.2958 0.2303 0.2602
11155 0.4614 0.4585 0.2268 0.3069 0.2346 0.2318
11160 0.4753 0.4247 0.2314 0.3314 0.2439 0.1933
11165 0.4414 0.4108 0.2186 0.3663 0.2229 0.1922
11170 0.4365 0.4076 0.2357 0.3916 0.2008 0.1719
11175 0.4222 0.4019 0.2403 0.4162 0.1819 0.1616
11180 0.3820 0.4528 0.2083 0.3734 0.1737 0.2446
11185 0.4098 0.4699 0.2232 0.3435 0.1865 0.2467
11190 0.4276 0.4909 0.2300 0.3115 0.1976 0.2609
11195 0.4507 0.4923 0.2456 0.3026 0.2051 0.2467
11200 0.4407 0.4753 0.2642 0.3482 0.1766 0.2111
11205 0.4372 0.4763 0.2709 0.3574 0.1663 0.2054
11210 0.4190 0.4952 0.2706 0.3564 0.1485 0.2246
11215 0.4087 0.4995 0.2695 0.3613 0.1392 0.2300
11220 0.4293 0.5187 0.2741 0.3261 0.1552 0.2446
11225 0.4575 0.5141 0.2802 0.3087 0.1773 0.2339
11230 0.4297 0.5233 0.2677 0.3147 0.1620 0.2556
11235 0.4308 0.4884 0.2595 0.3403 0.1712 0.2289
11240 0.4098 0.4422 0.2275 0.3756 0.1823 0.2147
11245 0.4158 0.4265 0.2375 0.3952 0.1784 0.1890
11250 0.4215 0.4628 0.2389 0.3546 0.1826 0.2239
11255 0.4151 0.4689 0.2446 0.3606 0.1705 0.2243
11260 0.4130 0.4685 0.2492 0.3677 0.1638 0.2193
11265 0.4122 0.4507 0.2307 0.3677 0.1816 0.2200
11270 0.4176 0.4389 0.2335 0.3770 0.1841 0.2054
11275 0.4108 0.4229 0.2225 0.3888 0.1883 0.2004
11280 0.4318 0.4265 0.2168 0.3585 0.2150 0.2097
11285 0.4386 0.4389 0.2346 0.3571 0.2040 0.2043
11290 0.4083 0.4308 0.2296 0.3905 0.1787 0.2011
11295 0.4215 0.4592 0.2460 0.3653 0.1755 0.2132
11300 0.4236 0.4329 0.2357 0.3791 0.1880 0.1972
11305 0.4258 0.4236 0.2350 0.3855 0.1908 0.1887
11310 0.4204 0.3959 0.1933 0.3770 0.2271 0.2026
11315 0.4183 0.3923 0.1769 0.3663 0.2414 0.2154
11320 0.3952 0.4354 0.1798 0.3492 0.2154 0.2556
11325 0.3749 0.4450 0.1922 0.3724 0.1826 0.2528
11330 0.3457 0.4521 0.1962 0.3984 0.1495 0.2560
11335 0.3275 0.4578 0.1965 0.4112 0.1310 0.2613
11340 0.3336 0.4382 0.1801 0.4083 0.1534 0.2581
11345 0.3820 0.4325 0.1808 0.3663 0.2011 0.2517
11350 0.4012 0.4076 0.1698 0.3610 0.2314 0.2378
11355 0.4147 0.4058 0.1787 0.3581 0.2360 0.2271
11360 0.4172 0.4023 0.1744 0.3549 0.2428 0.2278
11365 0.4137 0.4058 0.1748 0.3553 0.2389 0.2310
11370 0.4066 0.3969 0.1741 0.3706 0.2325 0.2229
11375 0.3902 0.4251 0.1926 0.3774 0.1976 0.2325
11380 0.3834 0.4382 0.1894 0.3677 0.1940 0.2488
11385 0.3724 0.4496 0.1994 0.3774 0.1730 0.2503
11390 0.3688 0.4521 0.2129 0.3920 0.1559 0.2392
11395 0.3994 0.4468 0.2271 0.3809 0.1723 0.2197
11400 0.4066 0.4397 0.2310 0.3848 0.1755 0.2086
11405 0.4422 0.4140 0.2389 0.3827 0.2033 0.1752
11410 0.4425 0.4073 0.2310 0.3813 0.2115 0.1762
11415 0.4211 0.4122 0.2019 0.3685 0.2193 0.2104
11420 0.4322 0.4247 0.2015 0.3446 0.2307 0.2232
11425 0.4076 0.4290 0.1883 0.3517 0.2193 0.2407
11430 0.4147 0.4411 0.2015 0.3457 0.2132 0.2396
11435 0.3898 0.4379 0.2172 0.3895 0.1727 0.2207
11440 0.4055 0.4518 0.2417 0.3845 0.1638 0.2100
11445 0.4055 0.4457 0.2367 0.3855 0.1687 0.2090
11450 0.4058 0.4653 0.2439 0.3727 0.1620 0.2214
11455 0.3934 0.4788 0.2456 0.3734 0.1477 0.2332
11460 0.3902 0.4628 0.2289 0.3759 0.1613 0.2339
11465 0.3941 0.4560 0.2033 0.3532 0.1908 0.2528
11470 0.4066 0.4646 0.1926 0.3215 0.2140 0.2720
11475 0.4048 0.4870 0.1994 0.3076 0.2054 0.2876
11480 0.4048 0.5044 0.2040 0.2948 0.2008 0.3005
11485 0.3692 0.4934 0.1912 0.3286 0.1780 0.3022
11490 0.3610 0.5091 0.1880 0.3179 0.1730 0.3211
11495 0.3720 0.4945 0.1848 0.3183 0.1873 0.3097
11500 0.4033 0.4827 0.2040 0.3179 0.1994 0.2787
11505 0.4297 0.4696 0.2229 0.3236 0.2068 0.2467
11510 0.4276 0.4550 0.2186 0.3361 0.2090 0.2364
11515 0.4226 0.4482 0.2090 0.3382 0.2136 0.2392
11520 0.3567 0.4229 0.1566 0.3770 0.2001 0.2663
11525 0.3492 0.3948 0.1424 0.3984 0.2068 0.2524
11530 0.3332 0.4023 0.1257 0.3902 0.2075 0.2766
11535 0.3528 0.4176 0.1549 0.3845 0.1979 0.2627
11540 0.3855 0.4443 0.1890 0.3592 0.1965 0.2553
11545 0.4066 0.4411 0.2100 0.3624 0.1965 0.2310
11550 0.4240 0.4365 0.2072 0.3467 0.2168 0.2293
11555 0.4318 0.4169 0.1951 0.3464 0.2367 0.2218
11560 0.4585 0.4126 0.2043 0.3332 0.2542 0.2083
11565 0.4671 0.4094 0.2047 0.3282 0.2624 0.2047
11570 0.4635 0.4208 0.2108 0.3265 0.2528 0.2100
11575 0.4300 0.4322 0.2261 0.3638 0.2040 0.2061
11580 0.4158 0.4347 0.2246 0.3742 0.1912 0.2100
11585 0.3952 0.4350 0.2125 0.3823 0.1826 0.2225
11590 0.3770 0.4197 0.1979 0.4012 0.1791 0.2218
11595 0.3588 0.4130 0.1695 0.3977 0.1894 0.2435
11600 0.3613 0.3987 0.1652 0.4051 0.1962 0.2335
11605 0.3692 0.4069 0.1666 0.3905 0.2026 0.2403
11610 0.4272 0.4304 0.1954 0.3378 0.2318 0.2350
11615 0.4681 0.4493 0.2435 0.3261 0.2246 0.2058
11620 0.4635 0.4404 0.2431 0.3393 0.2204 0.1972
11625 0.4681 0.4503 0.2677 0.3492 0.2004 0.1826
11630 0.4130 0.4621 0.2634 0.3884 0.1495 0.1986
11635 0.4048 0.4624 0.2424 0.3752 0.1623 0.2200
11640 0.4208 0.4482 0.2385 0.3695 0.1823 0.2097
11645 0.4446 0.4325 0.2421 0.3649 0.2026 0.1905
11650 0.4158 0.4208 0.2243 0.3877 0.1915 0.1965
11655 0.4080 0.4372 0.2414 0.3962 0.1666 0.1958
11660 0.4308 0.4446 0.2588 0.3834 0.1719 0.1858
11665 0.4461 0.4553 0.2503 0.3489 0.1958 0.2051
11670 0.4521 0.4461 0.2560 0.3578 0.1962 0.1901
11675 0.4621 0.4411 0.2488 0.3457 0.2132 0.1922
11680 0.4393 0.4240 0.2350 0.3717 0.2043 0.1890
11685 0.4389 0.4511 0.2335 0.3435 0.2054 0.2175
11690 0.4268 0.4315 0.2204 0.3621 0.2065 0.2111
11695 0.4112 0.4475 0.2111 0.3524 0.2001 0.2364
11700 0.3937 0.4361 0.2008 0.3710 0.1930 0.2353
11705 0.4016 0.4375 0.2033 0.3642 0.1983 0.2342
11710 0.4122 0.4265 0.2008 0.3621 0.2115 0.2257
11715 0.3930 0.4155 0.1979 0.3895 0.1951 0.2175
11720 0.3973 0.3987 0.1940 0.3980 0.2033 0.2047
11725 0.3955 0.3880 0.1855 0.4019 0.2100 0.2026
11730 0.3998 0.3863 0.1905 0.4044 0.2093 0.1958
11735 0.3667 0.3973 0.1794 0.4155 0.1873 0.2179
11740 0.3756 0.4190 0.1930 0.3984 0.1826 0.2261
11745 0.4126 0.4486 0.2214 0.3603 0.1912 0.2271
11750 0.4336 0.4276 0.2179 0.3567 0.2157 0.2097
11755 0.4514 0.4069 0.2172 0.3588 0.2342 0.1897
11760 0.3973 0.4172 0.1848 0.3702 0.2125 0.2325
11765 0.4066 0.4240 0.1997 0.3692 0.2068 0.2243
11770 0.4080 0.4365 0.2193 0.3749 0.1887 0.2172
11775 0.4236 0.4357 0.2318 0.3724 0.1919 0.2040
11780 0.4254 0.4350 0.2275 0.3670 0.1979 0.2075
11785 0.4240 0.4265 0.2278 0.3774 0.1962 0.1986
11790 0.4076 0.4155 0.2111 0.3880 0.1965 0.2043
11795 0.4211 0.4318 0.2168 0.3638 0.2043 0.2150
11800 0.4240 0.4425 0.2221 0.3556 0.2019 0.2204
11805 0.3816 0.4503 0.1994 0.3674 0.1823 0.2510
11810 0.3581 0.4735 0.1947 0.3631 0.1634 0.2787
11815 0.3464 0.4778 0.1880 0.3638 0.1584 0.2898
11820 0.3129 0.4560 0.1570 0.3880 0.1559 0.2990
11825 0.3289 0.4439 0.1663 0.3934 0.1627 0.2777
11830 0.3410 0.4354 0.1666 0.3902 0.1744 0.2688
11835 0.3710 0.4365 0.1844 0.3770 0.1865 0.2520
11840 0.3574 0.4329 0.1833 0.3930 0.1741 0.2496
11845 0.3624 0.4347 0.1780 0.3809 0.1844 0.2567
11850 0.3717 0.4290 0.1769 0.3763 0.1947 0.2520
11855 0.3656 0.4461 0.1855 0.3738 0.1801 0.2606
11860 0.3852 0.4418 0.1894 0.3624 0.1958 0.2524
11865 0.3941 0.4336 0.1897 0.3621 0.2043 0.2439
11870 0.3973 0.4325 0.1912 0.3613 0.2061 0.2414
11875 0.3863 0.4236 0.1933 0.3834 0.1930 0.2303
11880 0.3905 0.4187 0.2051 0.3959 0.1855 0.2136
11885 0.3702 0.4215 0.1986 0.4069 0.1716 0.2229
11890 0.3218 0.4233 0.1595 0.4144 0.1623 0.2638
11895 0.3211 0.4226 0.1709 0.4272 0.1502 0.2517
11900 0.3350 0.4033 0.1705 0.4322 0.1645 0.2328
11905 0.3681 0.3799 0.1880 0.4400 0.1801 0.1919
11910 0.3977 0.3809 0.2115 0.4329 0.1862 0.1695
11915 0.3777 0.3660 0.2097 0.4660 0.1680 0.1563
11920 0.3688 0.3927 0.2236 0.4621 0.1452 0.1691
11925 0.3435 0.4229 0.2065 0.4400 0.1371 0.2164
11930 0.3660 0.4407 0.2221 0.4155 0.1438 0.2186
11935 0.4005 0.4592 0.2378 0.3781 0.1627 0.2214
11940 0.4407 0.4464 0.2599 0.3727 0.1808 0.1865
11945 0.4379 0.4461 0.2449 0.3610 0.1930 0.2011
11950 0.4528 0.4336 0.2442 0.3578 0.2086 0.1894
11955 0.4286 0.4418 0.2325 0.3621 0.1962 0.2093
11960 0.4322 0.4379 0.2253 0.3553 0.2068 0.2125
11965 0.4258 0.4382 0.2346 0.3706 0.1912 0.2036
11970 0.3920 0.4521 0.2108 0.3667 0.1812 0.2414
11975 0.3873 0.4532 0.2125 0.3720 0.1748 0.2407
11980 0.3838 0.4414 0.2072 0.3820 0.1766 0.2342
11985 0.3998 0.4211 0.2079 0.3870 0.1919 0.2132
11990 0.3994 0.4169 0.2136 0.3973 0.1858 0.2033
11995 0.3973 0.4115 0.2164 0.4076 0.1808 0.1951
