13000 0.3635 0.4610 0.2225 0.3980 0.1410 0.2385
13005 0.3564 0.4642 0.2140 0.3934 0.1424 0.2503
13010 0.3617 0.4575 0.2218 0.4026 0.1399 0.2357
13015 0.3482 0.4589 0.1947 0.3877 0.1534 0.2642
13020 0.3749 0.4596 0.2168 0.3823 0.1581 0.2428
13025 0.3880 0.4300 0.2172 0.3991 0.1709 0.2129
13030 0.4098 0.4407 0.2499 0.3994 0.1598 0.1908
13035 0.4518 0.4286 0.2617 0.3813 0.1901 0.1670
13040 0.4304 0.4347 0.2538 0.3888 0.1766 0.1808
13045 0.4030 0.4122 0.2367 0.4215 0.1663 0.1755
13050 0.3912 0.4037 0.2036 0.4087 0.1876 0.2001
13055 0.3923 0.3713 0.1933 0.4297 0.1990 0.1780
13060 0.3791 0.3902 0.1869 0.4176 0.1922 0.2033
13065 0.4240 0.3934 0.2232 0.4058 0.2008 0.1702
13070 0.3784 0.4073 0.2036 0.4179 0.1748 0.2036
13075 0.3969 0.4026 0.2111 0.4115 0.1858 0.1915
13080 0.3596 0.4119 0.2022 0.4308 0.1574 0.2097
13085 0.3677 0.4254 0.2065 0.4133 0.1613 0.2189
13090 0.3596 0.4514 0.2072 0.3962 0.1524 0.2442
13095 0.3980 0.4603 0.2147 0.3564 0.1833 0.2456
13100 0.3944 0.4603 0.2079 0.3532 0.1865 0.2524
13105 0.4244 0.4596 0.2150 0.3311 0.2093 0.2446
13110 0.4343 0.4325 0.2115 0.3446 0.2229 0.2211
13115 0.4457 0.4098 0.2118 0.3564 0.2339 0.1979
13120 0.4411 0.3781 0.1812 0.3621 0.2599 0.1969
13125 0.4653 0.4176 0.2150 0.3321 0.2503 0.2026
13130 0.4293 0.4439 0.2100 0.3368 0.2193 0.2339
13135 0.3991 0.4450 0.2161 0.3720 0.1830 0.2289
13140 0.3827 0.4389 0.1997 0.3781 0.1830 0.2392
13145 0.3930 0.4393 0.2111 0.3788 0.1819 0.2282
13150 0.3944 0.4283 0.2239 0.4012 0.1705 0.2043
13155 0.4226 0.4058 0.2268 0.3984 0.1958 0.1791
13160 0.4151 0.3962 0.2211 0.4098 0.1940 0.1752
13165 0.3977 0.4062 0.2271 0.4233 0.1705 0.1791
13170 0.3766 0.4119 0.2186 0.4300 0.1581 0.1933
13175 0.3841 0.4080 0.2090 0.4169 0.1752 0.1990
13180 0.3524 0.3980 0.1858 0.4354 0.1666 0.2122
13185 0.3706 0.4201 0.1937 0.4030 0.1769 0.2264
13190 0.3749 0.4357 0.2054 0.3948 0.1695 0.2303
13195 0.3920 0.4596 0.2218 0.3702 0.1702 0.2378
13200 0.3955 0.4514 0.2207 0.3738 0.1748 0.2307
13205 0.4172 0.4350 0.2125 0.3603 0.2047 0.2225
13210 0.4090 0.4286 0.2008 0.3631 0.2083 0.2278
13215 0.4137 0.4518 0.2172 0.3517 0.1965 0.2346
13220 0.3766 0.4528 0.1958 0.3663 0.1808 0.2570
13225 0.3297 0.4464 0.1737 0.3977 0.1559 0.2727
13230 0.3122 0.4432 0.1766 0.4211 0.1356 0.2666
13235 0.3389 0.4226 0.1844 0.4229 0.1545 0.2382
13240 0.3944 0.4389 0.2236 0.3902 0.1709 0.2154
13245 0.4375 0.4600 0.2503 0.3528 0.1873 0.2097
13250 0.4881 0.4656 0.2624 0.3087 0.2257 0.2033
13255 0.4970 0.4827 0.2620 0.2823 0.2350 0.2207
13260 0.4891 0.4785 0.2474 0.2798 0.2417 0.2310
13265 0.4557 0.4753 0.2147 0.2837 0.2410 0.2606
13270 0.4489 0.4767 0.2286 0.3030 0.2204 0.2481
13275 0.4162 0.4642 0.2271 0.3467 0.1890 0.2371
13280 0.4286 0.4995 0.2627 0.3346 0.1659 0.2367
13285 0.4244 0.4721 0.2520 0.3556 0.1723 0.2200
13290 0.4215 0.4778 0.2723 0.3731 0.1492 0.2054
13295 0.4244 0.4749 0.2656 0.3663 0.1588 0.2093
13300 0.4343 0.4745 0.2567 0.3478 0.1776 0.2179
13305 0.4464 0.4632 0.2592 0.3496 0.1873 0.2040
13310 0.4382 0.4450 0.2382 0.3549 0.2001 0.2068
13315 0.4176 0.4414 0.2414 0.3823 0.1762 0.2001
13320 0.4051 0.4336 0.2093 0.3706 0.1958 0.2243
13325 0.4005 0.4422 0.2136 0.3710 0.1869 0.2286
13330 0.3955 0.4268 0.1844 0.3621 0.2111 0.2424
13335 0.3578 0.3980 0.1730 0.4172 0.1848 0.2250
13340 0.3439 0.3952 0.1648 0.4258 0.1791 0.2303
13345 0.3702 0.3923 0.1784 0.4158 0.1919 0.2140
13350 0.3863 0.4012 0.1862 0.3987 0.2001 0.2150
13355 0.3695 0.3977 0.1766 0.4094 0.1930 0.2211
13360 0.3443 0.4026 0.1495 0.4026 0.1947 0.2531
13365 0.3432 0.4101 0.1595 0.4062 0.1837 0.2506
13370 0.3681 0.3987 0.1492 0.3823 0.2189 0.2496
13375 0.3852 0.4158 0.1680 0.3670 0.2172 0.2478
13380 0.3934 0.4222 0.1698 0.3542 0.2236 0.2524
13385 0.3877 0.4340 0.1691 0.3475 0.2186 0.2649
13390 0.3781 0.4482 0.1848 0.3585 0.1933 0.2634
13395 0.4048 0.4834 0.2143 0.3261 0.1905 0.2691
13400 0.3898 0.4838 0.2026 0.3289 0.1873 0.2812
13405 0.3788 0.4760 0.1922 0.3375 0.1865 0.2837
13410 0.4023 0.4642 0.2211 0.3546 0.1812 0.2431
13415 0.4308 0.4600 0.2431 0.3524 0.1876 0.2168
13420 0.4535 0.4774 0.2734 0.3425 0.1801 0.2040
13425 0.4333 0.4721 0.2378 0.3325 0.1954 0.2342
13430 0.4244 0.4610 0.2225 0.3371 0.2019 0.2385
13435 0.4350 0.4318 0.2051 0.3382 0.2300 0.2268
13440 0.4543 0.4251 0.2157 0.3364 0.2385 0.2093
13445 0.4318 0.4066 0.1962 0.3578 0.2357 0.2104
13450 0.4258 0.4098 0.2022 0.3667 0.2236 0.2075
13455 0.4190 0.4215 0.2147 0.3742 0.2043 0.2068
13460 0.4365 0.4397 0.2499 0.3738 0.1865 0.1897
13465 0.4532 0.4607 0.2624 0.3485 0.1908 0.1983
13470 0.4503 0.4564 0.2538 0.3471 0.1965 0.2026
13475 0.4564 0.4514 0.2542 0.3464 0.2022 0.1972
13480 0.4386 0.4375 0.2278 0.3517 0.2108 0.2097
13485 0.4222 0.4539 0.2264 0.3503 0.1958 0.2275
13490 0.4219 0.4553 0.2072 0.3300 0.2147 0.2481
13495 0.4112 0.4632 0.2011 0.3268 0.2100 0.2620
13500 0.3788 0.4450 0.1794 0.3556 0.1994 0.2656
13505 0.3514 0.4357 0.1606 0.3734 0.1908 0.2752
13510 0.3332 0.4204 0.1463 0.3927 0.1869 0.2741
13515 0.3706 0.4201 0.1734 0.3827 0.1972 0.2467
13520 0.3631 0.4229 0.1609 0.3749 0.2022 0.2620
13525 0.4009 0.4144 0.1979 0.3827 0.2029 0.2164
13530 0.3937 0.4286 0.2122 0.3898 0.1816 0.2164
13535 0.3991 0.4446 0.2253 0.3816 0.1737 0.2193
13540 0.4055 0.4382 0.2168 0.3731 0.1887 0.2214
13545 0.3952 0.4350 0.2090 0.3788 0.1862 0.2261
13550 0.4016 0.4350 0.2075 0.3710 0.1940 0.2275
13555 0.3752 0.4311 0.1965 0.3902 0.1787 0.2346
13560 0.3777 0.4090 0.1719 0.3852 0.2058 0.2371
13565 0.3909 0.3877 0.1719 0.3934 0.2189 0.2157
13570 0.3934 0.4112 0.1780 0.3734 0.2154 0.2332
13575 0.3752 0.3873 0.1556 0.3930 0.2197 0.2318
13580 0.3720 0.4044 0.1577 0.3813 0.2143 0.2467
13585 0.3813 0.4112 0.1545 0.3621 0.2268 0.2567
13590 0.3855 0.4172 0.1695 0.3667 0.2161 0.2478
13595 0.3870 0.4354 0.1908 0.3685 0.1962 0.2446
13600 0.3653 0.4407 0.1816 0.3756 0.1837 0.2592
13605 0.3592 0.4375 0.1826 0.3859 0.1766 0.2549
13610 0.3742 0.4389 0.2125 0.3994 0.1616 0.2264
13615 0.3802 0.4311 0.1979 0.3866 0.1823 0.2332
13620 0.3702 0.4340 0.2036 0.3994 0.1666 0.2303
13625 0.3870 0.4425 0.1947 0.3653 0.1922 0.2478
13630 0.3937 0.4414 0.1962 0.3610 0.1976 0.2453
13635 0.3962 0.4564 0.2001 0.3475 0.1962 0.2563
13640 0.4290 0.4667 0.2293 0.3336 0.1997 0.2375
13645 0.4276 0.4514 0.2261 0.3471 0.2015 0.2253
13650 0.4375 0.4304 0.2218 0.3539 0.2157 0.2086
13655 0.4881 0.4276 0.2439 0.3282 0.2442 0.1837
13660 0.4941 0.4190 0.2382 0.3250 0.2560 0.1808
13665 0.5009 0.4343 0.2421 0.3069 0.2588 0.1922
13670 0.4635 0.4069 0.2168 0.3464 0.2467 0.1901
13675 0.4233 0.4115 0.1787 0.3439 0.2446 0.2328
13680 0.4162 0.4122 0.1858 0.3574 0.2303 0.2264
13685 0.4286 0.3927 0.1919 0.3706 0.2367 0.2008
13690 0.4535 0.4133 0.2129 0.3460 0.2407 0.2004
13695 0.4464 0.4368 0.2129 0.3297 0.2335 0.2239
13700 0.4475 0.4425 0.2125 0.3225 0.2350 0.2300
13705 0.4300 0.4667 0.2147 0.3179 0.2154 0.2520
13710 0.4247 0.4560 0.2189 0.3382 0.2058 0.2371
13715 0.4119 0.4464 0.2271 0.3688 0.1848 0.2193
13720 0.3984 0.4400 0.2157 0.3774 0.1826 0.2243
13725 0.3905 0.4354 0.2125 0.3866 0.1780 0.2229
13730 0.4012 0.4350 0.2335 0.3973 0.1677 0.2015
13735 0.4080 0.4322 0.2353 0.3952 0.1727 0.1969
13740 0.4304 0.4439 0.2581 0.3838 0.1723 0.1858
13745 0.4233 0.4507 0.2706 0.3966 0.1527 0.1801
13750 0.4126 0.4639 0.2599 0.3834 0.1527 0.2040
13755 0.4069 0.4521 0.2638 0.4048 0.1431 0.1883
13760 0.4500 0.4681 0.2809 0.3628 0.1691 0.1873
13765 0.5055 0.5066 0.3279 0.3158 0.1776 0.1787
13770 0.5255 0.4956 0.3047 0.2837 0.2207 0.1908
13775 0.5255 0.4571 0.2738 0.2912 0.2517 0.1833
13780 0.5262 0.4404 0.2542 0.2876 0.2720 0.1862
13785 0.5404 0.4158 0.2428 0.2866 0.2976 0.1730
13790 0.5454 0.4183 0.2524 0.2887 0.2930 0.1659
13795 0.5404 0.4411 0.2524 0.2709 0.2880 0.1887
13800 0.5678 0.4642 0.2926 0.2606 0.2752 0.1716
13805 0.5368 0.4888 0.3087 0.2830 0.2282 0.1801
13810 0.5279 0.4685 0.3079 0.3115 0.2200 0.1606
13815 0.4767 0.4543 0.2837 0.3528 0.1930 0.1705
13820 0.4745 0.4486 0.2791 0.3560 0.1954 0.1695
13825 0.4478 0.4482 0.2585 0.3624 0.1894 0.1897
13830 0.4300 0.4496 0.2325 0.3528 0.1976 0.2172
13835 0.4247 0.4585 0.2499 0.3667 0.1748 0.2086
13840 0.4197 0.4229 0.2332 0.3905 0.1865 0.1897
13845 0.4439 0.4201 0.2385 0.3745 0.2054 0.1816
13850 0.4450 0.4048 0.2250 0.3752 0.2200 0.1798
13855 0.4215 0.4051 0.2011 0.3745 0.2204 0.2040
13860 0.4233 0.4155 0.2090 0.3702 0.2143 0.2065
13865 0.3813 0.4322 0.1958 0.3823 0.1855 0.2364
13870 0.3937 0.4454 0.2289 0.3898 0.1648 0.2164
13875 0.3823 0.4379 0.2207 0.4005 0.1616 0.2172
13880 0.3745 0.4033 0.2168 0.4389 0.1577 0.1865
13885 0.3713 0.4048 0.2150 0.4389 0.1563 0.1897
13890 0.3713 0.4158 0.2246 0.4375 0.1467 0.1912
13895 0.3934 0.4122 0.2293 0.4236 0.1641 0.1830
13900 0.4372 0.4101 0.2282 0.3809 0.2090 0.1819
13905 0.4258 0.4126 0.2250 0.3866 0.2008 0.1876
13910 0.3774 0.4642 0.2179 0.3763 0.1595 0.2464
13915 0.3987 0.4760 0.2399 0.3653 0.1588 0.2360
13920 0.4016 0.4988 0.2481 0.3478 0.1534 0.2506
13925 0.3994 0.5020 0.2634 0.3621 0.1360 0.2385
13930 0.4119 0.5044 0.2599 0.3435 0.1520 0.2446
13935 0.4283 0.4696 0.2460 0.3482 0.1823 0.2236
13940 0.4475 0.4493 0.2496 0.3528 0.1979 0.1997
13945 0.4493 0.4478 0.2357 0.3386 0.2136 0.2122
13950 0.4308 0.4133 0.2314 0.3873 0.1994 0.1819
13955 0.4051 0.3941 0.2118 0.4126 0.1933 0.1823
13960 0.4229 0.4268 0.2428 0.3930 0.1801 0.1841
13965 0.4147 0.4176 0.2271 0.3948 0.1876 0.1905
13970 0.4528 0.4147 0.2446 0.3770 0.2083 0.1702
13975 0.4795 0.4058 0.2642 0.3788 0.2154 0.1417
13980 0.4941 0.4126 0.2727 0.3660 0.2214 0.1399
13985 0.5265 0.4158 0.2887 0.3464 0.2378 0.1271
13990 0.5358 0.4247 0.2973 0.3368 0.2385 0.1274
13995 0.5233 0.4183 0.2798 0.3382 0.2435 0.1385
