5000 0.3332 0.3297 0.1968 0.5340 0.1364 0.1329
5005 0.3363 0.3310 0.1994 0.5322 0.1369 0.1316
5010 0.3364 0.3326 0.2004 0.5314 0.1360 0.1322
5015 0.3374 0.3345 0.2033 0.5314 0.1342 0.1312
5020 0.3308 0.3293 0.1955 0.5354 0.1353 0.1338
5025 0.3341 0.3209 0.1914 0.5364 0.1427 0.1295
5030 0.3319 0.3193 0.1856 0.5343 0.1463 0.1338
5035 0.3333 0.3237 0.1850 0.5280 0.1482 0.1387
5040 0.3316 0.3193 0.1850 0.5341 0.1466 0.1343
5045 0.3347 0.3190 0.1850 0.5314 0.1497 0.1339
5050 0.3297 0.3232 0.1861 0.5332 0.1436 0.1371
5055 0.3219 0.3283 0.1792 0.5291 0.1427 0.1490
5060 0.3279 0.3233 0.1763 0.5251 0.1516 0.1471
5065 0.3294 0.3280 0.1783 0.5209 0.1511 0.1497
5070 0.3231 0.3293 0.1779 0.5256 0.1451 0.1513
5075 0.3228 0.3348 0.1795 0.5218 0.1433 0.1553
5080 0.3240 0.3392 0.1876 0.5244 0.1364 0.1516
5085 0.3244 0.3307 0.1867 0.5316 0.1377 0.1440
5090 0.3164 0.3191 0.1804 0.5449 0.1360 0.1387
5095 0.3241 0.3184 0.1888 0.5462 0.1353 0.1296
5100 0.3237 0.3175 0.1918 0.5505 0.1320 0.1258
5105 0.3354 0.3169 0.1974 0.5452 0.1379 0.1194
5110 0.3348 0.3142 0.1931 0.5440 0.1418 0.1211
5115 0.3333 0.3095 0.1834 0.5405 0.1499 0.1262
5120 0.3314 0.3201 0.1880 0.5365 0.1433 0.1321
5125 0.3210 0.3297 0.1871 0.5364 0.1339 0.1426
5130 0.3147 0.3264 0.1852 0.5440 0.1295 0.1413
5135 0.3009 0.3231 0.1759 0.5519 0.1250 0.1472
5140 0.2983 0.3259 0.1755 0.5513 0.1228 0.1504
5145 0.3041 0.3264 0.1772 0.5466 0.1269 0.1493
5150 0.3206 0.3239 0.1857 0.5412 0.1349 0.1382
5155 0.3379 0.3217 0.1918 0.5322 0.1462 0.1299
5160 0.3268 0.3281 0.1856 0.5306 0.1413 0.1426
5165 0.3204 0.3290 0.1884 0.5390 0.1320 0.1406
5170 0.3088 0.3196 0.1791 0.5507 0.1296 0.1405
5175 0.3088 0.3182 0.1803 0.5533 0.1285 0.1379
5180 0.2909 0.3148 0.1748 0.5691 0.1161 0.1400
5185 0.2960 0.3143 0.1723 0.5620 0.1237 0.1420
5190 0.3042 0.3250 0.1746 0.5453 0.1296 0.1504
5195 0.3097 0.3115 0.1752 0.5541 0.1344 0.1362
5200 0.3054 0.3099 0.1706 0.5553 0.1348 0.1393
5205 0.3085 0.2982 0.1650 0.5584 0.1435 0.1331
5210 0.3100 0.2952 0.1684 0.5631 0.1417 0.1268
5215 0.3135 0.2951 0.1668 0.5582 0.1467 0.1282
5220 0.3081 0.2884 0.1672 0.5708 0.1409 0.1211
5225 0.3010 0.2920 0.1665 0.5735 0.1346 0.1255
5230 0.3009 0.2912 0.1655 0.5735 0.1353 0.1256
5235 0.3062 0.2865 0.1644 0.5717 0.1418 0.1222
5240 0.3129 0.2884 0.1717 0.5705 0.1411 0.1166
5245 0.3169 0.2915 0.1702 0.5619 0.1467 0.1213
5250 0.3246 0.3058 0.1799 0.5495 0.1448 0.1259
5255 0.3323 0.3175 0.1929 0.5431 0.1393 0.1246
5260 0.3373 0.3274 0.1955 0.5309 0.1418 0.1318
5265 0.3454 0.3303 0.2004 0.5247 0.1450 0.1299
5270 0.3403 0.3271 0.1993 0.5319 0.1410 0.1278
5275 0.3299 0.3206 0.1950 0.5444 0.1349 0.1256
5280 0.3276 0.3153 0.1937 0.5507 0.1339 0.1216
5285 0.3277 0.3237 0.1954 0.5439 0.1324 0.1284
5290 0.3314 0.3249 0.1950 0.5387 0.1364 0.1299
5295 0.3299 0.3272 0.1915 0.5343 0.1384 0.1357
5300 0.3308 0.3285 0.1958 0.5364 0.1351 0.1327
5305 0.3272 0.3227 0.1847 0.5347 0.1426 0.1380
5310 0.3355 0.3263 0.1903 0.5285 0.1451 0.1360
5315 0.3386 0.3240 0.1921 0.5296 0.1464 0.1318
5320 0.3288 0.3319 0.1919 0.5312 0.1369 0.1400
5325 0.3333 0.3244 0.1902 0.5325 0.1431 0.1342
5330 0.3303 0.3196 0.1844 0.5345 0.1459 0.1352
5335 0.3372 0.3209 0.1836 0.5256 0.1535 0.1373
5340 0.3352 0.3201 0.1834 0.5280 0.1519 0.1368
5345 0.3397 0.3277 0.1841 0.5167 0.1556 0.1436
5350 0.3328 0.3276 0.1843 0.5239 0.1485 0.1433
5355 0.3423 0.3199 0.1932 0.5310 0.1491 0.1267
5360 0.3369 0.2998 0.1850 0.5483 0.1519 0.1148
5365 0.3244 0.2942 0.1790 0.5604 0.1454 0.1152
5370 0.3237 0.2930 0.1724 0.5557 0.1513 0.1206
5375 0.3227 0.2947 0.1723 0.5549 0.1504 0.1224
5380 0.3306 0.3084 0.1813 0.5424 0.1493 0.1271
5385 0.3312 0.3174 0.1869 0.5382 0.1444 0.1306
5390 0.3288 0.3263 0.1863 0.5312 0.1424 0.1400
5395 0.3205 0.3286 0.1876 0.5385 0.1329 0.1410
5400 0.3243 0.3221 0.1843 0.5380 0.1400 0.1378
5405 0.3120 0.3133 0.1849 0.5597 0.1271 0.1284
5410 0.3026 0.3094 0.1770 0.5651 0.1255 0.1324
5415 0.3069 0.3143 0.1822 0.5610 0.1247 0.1321
5420 0.3041 0.3219 0.1869 0.5608 0.1173 0.1351
5425 0.3014 0.3268 0.1825 0.5542 0.1189 0.1444
5430 0.3093 0.3243 0.1879 0.5544 0.1214 0.1364
5435 0.3093 0.3210 0.1878 0.5575 0.1215 0.1333
5440 0.3110 0.3230 0.1872 0.5533 0.1237 0.1357
5445 0.3035 0.3135 0.1863 0.5693 0.1171 0.1272
5450 0.3066 0.3157 0.1889 0.5666 0.1176 0.1268
5455 0.2986 0.3208 0.1950 0.5757 0.1036 0.1258
5460 0.3044 0.3197 0.1866 0.5625 0.1178 0.1331
5465 0.2956 0.3261 0.1839 0.5622 0.1117 0.1422
5470 0.2918 0.3237 0.1742 0.5586 0.1176 0.1495
5475 0.2943 0.3372 0.1785 0.5470 0.1158 0.1587
5480 0.3102 0.3289 0.1796 0.5405 0.1306 0.1493
5485 0.3188 0.3297 0.1760 0.5275 0.1428 0.1537
5490 0.3314 0.3335 0.1839 0.5190 0.1475 0.1497
5495 0.3338 0.3379 0.1918 0.5200 0.1420 0.1462
5500 0.3323 0.3293 0.1857 0.5241 0.1466 0.1436
5505 0.3259 0.3275 0.1794 0.5260 0.1466 0.1481
5510 0.3174 0.3164 0.1751 0.5413 0.1423 0.1413
5515 0.3209 0.3119 0.1768 0.5440 0.1441 0.1351
5520 0.3317 0.3099 0.1852 0.5435 0.1466 0.1247
5525 0.3310 0.3067 0.1900 0.5523 0.1410 0.1167
5530 0.3293 0.3004 0.1850 0.5554 0.1442 0.1153
5535 0.3261 0.2916 0.1818 0.5642 0.1442 0.1098
5540 0.3319 0.2837 0.1821 0.5665 0.1498 0.1016
5545 0.3293 0.2806 0.1821 0.5722 0.1472 0.0985
5550 0.3299 0.2828 0.1871 0.5744 0.1428 0.0957
5555 0.3410 0.2887 0.1862 0.5564 0.1548 0.1025
5560 0.3394 0.2862 0.1847 0.5591 0.1547 0.1015
5565 0.3397 0.2863 0.1786 0.5526 0.1612 0.1077
5570 0.3364 0.2899 0.1738 0.5475 0.1626 0.1161
5575 0.3394 0.2939 0.1778 0.5446 0.1615 0.1161
5580 0.3410 0.3090 0.1848 0.5347 0.1562 0.1242
5585 0.3414 0.3023 0.1858 0.5421 0.1556 0.1165
5590 0.3454 0.2949 0.1872 0.5469 0.1582 0.1077
5595 0.3373 0.2949 0.1863 0.5541 0.1510 0.1086
5600 0.3412 0.2974 0.1920 0.5535 0.1491 0.1054
5605 0.3329 0.2964 0.1946 0.5653 0.1383 0.1018
5610 0.3202 0.2949 0.1865 0.5713 0.1338 0.1085
5615 0.3219 0.2943 0.1890 0.5728 0.1329 0.1052
5620 0.3258 0.2907 0.1853 0.5688 0.1405 0.1054
5625 0.3244 0.2860 0.1814 0.5710 0.1429 0.1046
5630 0.3231 0.2794 0.1781 0.5755 0.1450 0.1014
5635 0.3223 0.2884 0.1849 0.5743 0.1374 0.1034
5640 0.3138 0.2956 0.1869 0.5775 0.1269 0.1087
5645 0.3241 0.3007 0.1945 0.5696 0.1296 0.1063
5650 0.3365 0.3029 0.1977 0.5582 0.1388 0.1052
5655 0.3484 0.3121 0.2048 0.5443 0.1436 0.1073
5660 0.3467 0.3148 0.2105 0.5489 0.1362 0.1043
5665 0.3417 0.3124 0.1999 0.5458 0.1418 0.1125
5670 0.3435 0.3152 0.2024 0.5436 0.1411 0.1129
5675 0.3360 0.3213 0.1996 0.5424 0.1364 0.1216
5680 0.3295 0.3168 0.1903 0.5440 0.1392 0.1264
5685 0.3254 0.3235 0.1956 0.5467 0.1298 0.1278
5690 0.3257 0.3166 0.1905 0.5482 0.1352 0.1262
5695 0.3298 0.3177 0.1931 0.5456 0.1368 0.1246
5700 0.3250 0.3206 0.1921 0.5465 0.1329 0.1285
5705 0.3268 0.3270 0.2031 0.5493 0.1237 0.1238
5710 0.3204 0.3205 0.1956 0.5548 0.1247 0.1249
5715 0.3290 0.3262 0.2074 0.5522 0.1216 0.1188
5720 0.3428 0.3365 0.2144 0.5350 0.1285 0.1222
5725 0.3471 0.3386 0.2185 0.5328 0.1286 0.1201
5730 0.3603 0.3285 0.2169 0.5282 0.1433 0.1116
5735 0.3696 0.3195 0.2089 0.5199 0.1606 0.1105
5740 0.3689 0.3165 0.2040 0.5186 0.1649 0.1125
5745 0.3629 0.3102 0.1969 0.5239 0.1659 0.1132
5750 0.3683 0.3201 0.1972 0.5088 0.1711 0.1229
5755 0.3707 0.3192 0.2025 0.5125 0.1683 0.1167
5760 0.3644 0.3281 0.1999 0.5074 0.1645 0.1282
5765 0.3683 0.3246 0.2011 0.5081 0.1672 0.1236
5770 0.3669 0.3270 0.2096 0.5158 0.1573 0.1174
5775 0.3577 0.3240 0.2060 0.5243 0.1517 0.1180
5780 0.3558 0.3227 0.2022 0.5238 0.1535 0.1205
5785 0.3466 0.3224 0.1965 0.5275 0.1501 0.1259
5790 0.3351 0.3330 0.1965 0.5284 0.1386 0.1365
5795 0.3306 0.3301 0.1898 0.5292 0.1408 0.1402
5800 0.3369 0.3355 0.1950 0.5226 0.1419 0.1405
5805 0.3462 0.3275 0.2004 0.5267 0.1458 0.1271
5810 0.3524 0.3179 0.1971 0.5267 0.1553 0.1209
5815 0.3453 0.3217 0.1960 0.5291 0.1493 0.1256
5820 0.3284 0.3146 0.1835 0.5405 0.1449 0.1311
5825 0.3171 0.3122 0.1805 0.5511 0.1366 0.1317
5830 0.3232 0.3280 0.1881 0.5369 0.1351 0.1399
5835 0.3195 0.3240 0.1840 0.5405 0.1355 0.1400
5840 0.3270 0.3221 0.1826 0.5336 0.1444 0.1395
5845 0.3272 0.3249 0.1870 0.5349 0.1402 0.1379
5850 0.3385 0.3266 0.1972 0.5322 0.1413 0.1294
5855 0.3391 0.3274 0.2038 0.5373 0.1353 0.1236
5860 0.3317 0.3280 0.2024 0.5426 0.1294 0.1256
5865 0.3292 0.3257 0.2009 0.5461 0.1282 0.1247
5870 0.3357 0.3382 0.2075 0.5336 0.1282 0.1307
5875 0.3403 0.3498 0.2073 0.5172 0.1330 0.1426
5880 0.3377 0.3443 0.2029 0.5209 0.1348 0.1414
5885 0.3343 0.3536 0.2057 0.5178 0.1286 0.1479
5890 0.3363 0.3550 0.2066 0.5154 0.1296 0.1484
5895 0.3334 0.3578 0.2071 0.5159 0.1263 0.1507
5900 0.3283 0.3563 0.2061 0.5216 0.1222 0.1502
5905 0.3219 0.3618 0.1968 0.5130 0.1251 0.1650
5910 0.3233 0.3558 0.1981 0.5190 0.1253 0.1577
5915 0.3270 0.3471 0.1991 0.5251 0.1278 0.1480
5920 0.3239 0.3450 0.1991 0.5302 0.1247 0.1459
5925 0.3268 0.3461 0.2040 0.5311 0.1228 0.1420
5930 0.3302 0.3418 0.2075 0.5355 0.1227 0.1343
5935 0.3206 0.3432 0.2004 0.5365 0.1202 0.1428
5940 0.3246 0.3436 0.2074 0.5391 0.1173 0.1362
5945 0.3283 0.3423 0.2069 0.5363 0.1214 0.1355
5950 0.3351 0.3405 0.2102 0.5346 0.1249 0.1303
5955 0.3466 0.3383 0.2089 0.5240 0.1377 0.1294
5960 0.3445 0.3351 0.2017 0.5221 0.1428 0.1334
5965 0.3434 0.3355 0.1965 0.5177 0.1468 0.1389
5970 0.3445 0.3277 0.1937 0.5214 0.1508 0.1340
5975 0.3245 0.3334 0.1932 0.5353 0.1313 0.1402
5980 0.3222 0.3346 0.1965 0.5398 0.1256 0.1380
5985 0.3151 0.3332 0.1920 0.5438 0.1231 0.1411
5990 0.3204 0.3351 0.1946 0.5391 0.1258 0.1405
5995 0.3210 0.3348 0.1976 0.5417 0.1235 0.1373
