0 0.2465 0.1965 0.0876 0.6447 0.1588 0.1088
5 0.2524 0.1930 0.0878 0.6424 0.1646 0.1052
10 0.2513 0.1992 0.0908 0.6403 0.1605 0.1084
15 0.2580 0.1980 0.0936 0.6376 0.1645 0.1044
20 0.2384 0.2058 0.0937 0.6496 0.1446 0.1120
25 0.2440 0.2152 0.0930 0.6337 0.1510 0.1222
30 0.2585 0.2244 0.0982 0.6153 0.1603 0.1262
35 0.2666 0.2303 0.1012 0.6043 0.1654 0.1291
40 0.2509 0.2423 0.1172 0.6240 0.1337 0.1251
45 0.2413 0.2369 0.1125 0.6344 0.1288 0.1244
50 0.2219 0.2315 0.1148 0.6613 0.1071 0.1168
55 0.2332 0.2320 0.1047 0.6395 0.1285 0.1273
60 0.2288 0.2251 0.0931 0.6392 0.1357 0.1320
65 0.2237 0.2253 0.0855 0.6365 0.1382 0.1398
70 0.2245 0.2250 0.0771 0.6276 0.1474 0.1478
75 0.2277 0.2180 0.0761 0.6304 0.1517 0.1419
80 0.2394 0.2210 0.0834 0.6229 0.1561 0.1376
85 0.2527 0.2146 0.1038 0.6365 0.1489 0.1108
90 0.2728 0.2099 0.1164 0.6337 0.1564 0.0934
95 0.2797 0.2141 0.1129 0.6191 0.1667 0.1012
100 0.2731 0.2330 0.1270 0.6208 0.1462 0.1061
105 0.2710 0.2356 0.1241 0.6174 0.1469 0.1116
110 0.2594 0.2478 0.1314 0.6241 0.1280 0.1164
115 0.2701 0.2585 0.1329 0.6043 0.1372 0.1256
120 0.2521 0.2458 0.1181 0.6202 0.1340 0.1277
125 0.2570 0.2369 0.1058 0.6119 0.1512 0.1311
130 0.2585 0.2387 0.1078 0.6106 0.1507 0.1309
135 0.2556 0.2355 0.1099 0.6188 0.1457 0.1256
140 0.2571 0.2426 0.1225 0.6228 0.1346 0.1201
145 0.2401 0.2433 0.1140 0.6307 0.1260 0.1292
150 0.2306 0.2352 0.1190 0.6533 0.1116 0.1161
155 0.2344 0.2225 0.1166 0.6597 0.1178 0.1059
160 0.2187 0.2152 0.1085 0.6746 0.1102 0.1067
165 0.2234 0.1991 0.0931 0.6706 0.1303 0.1059
170 0.2187 0.1788 0.0808 0.6833 0.1379 0.0980
175 0.2172 0.1722 0.0785 0.6891 0.1387 0.0937
180 0.2271 0.1951 0.0907 0.6685 0.1364 0.1044
185 0.2417 0.2094 0.0965 0.6453 0.1453 0.1129
190 0.2527 0.2300 0.1070 0.6243 0.1457 0.1230
195 0.2506 0.2372 0.1044 0.6167 0.1462 0.1328
200 0.2620 0.2451 0.1097 0.6027 0.1523 0.1353
205 0.2434 0.2512 0.1122 0.6176 0.1312 0.1390
210 0.2225 0.2335 0.1044 0.6484 0.1181 0.1291
215 0.2100 0.2271 0.1062 0.6691 0.1038 0.1209
220 0.2167 0.2308 0.1117 0.6642 0.1050 0.1190
225 0.2254 0.2346 0.1113 0.6513 0.1142 0.1233
230 0.2393 0.2408 0.1145 0.6344 0.1248 0.1264
235 0.2337 0.2503 0.1207 0.6368 0.1129 0.1296
240 0.2373 0.2686 0.1186 0.6127 0.1187 0.1500
245 0.2259 0.2652 0.1132 0.6222 0.1126 0.1520
250 0.2256 0.2608 0.1135 0.6272 0.1120 0.1472
255 0.2111 0.2398 0.0971 0.6462 0.1140 0.1427
260 0.2129 0.2399 0.1000 0.6472 0.1129 0.1399
265 0.2164 0.2404 0.0985 0.6417 0.1180 0.1419
270 0.2263 0.2385 0.1113 0.6464 0.1151 0.1273
275 0.2247 0.2509 0.1215 0.6459 0.1032 0.1294
280 0.2009 0.2577 0.1171 0.6584 0.0838 0.1407
285 0.1849 0.2521 0.0971 0.6601 0.0878 0.1550
290 0.1794 0.2480 0.0835 0.6561 0.0959 0.1645
295 0.1806 0.2372 0.0750 0.6572 0.1056 0.1622
300 0.2167 0.2215 0.0844 0.6462 0.1323 0.1370
305 0.2198 0.2222 0.0841 0.6421 0.1357 0.1381
310 0.2320 0.2257 0.0896 0.6319 0.1424 0.1361
315 0.2352 0.2269 0.1006 0.6385 0.1346 0.1264
320 0.2538 0.2166 0.1148 0.6444 0.1390 0.1018
325 0.2638 0.2143 0.1113 0.6331 0.1526 0.1030
330 0.2533 0.2143 0.1119 0.6443 0.1414 0.1024
335 0.2472 0.2141 0.1097 0.6484 0.1375 0.1044
340 0.2358 0.2242 0.1181 0.6581 0.1177 0.1061
345 0.2315 0.2359 0.1151 0.6476 0.1164 0.1209
350 0.2369 0.2234 0.1036 0.6433 0.1332 0.1198
355 0.2538 0.2221 0.1180 0.6421 0.1358 0.1041
360 0.2670 0.2146 0.1318 0.6502 0.1352 0.0828
365 0.2573 0.2241 0.1334 0.6520 0.1239 0.0907
370 0.2318 0.2303 0.1233 0.6612 0.1085 0.1070
375 0.2140 0.2387 0.1224 0.6697 0.0916 0.1163
380 0.2201 0.2521 0.1317 0.6595 0.0884 0.1204
385 0.2343 0.2634 0.1459 0.6482 0.0884 0.1175
390 0.2349 0.2689 0.1381 0.6344 0.0968 0.1308
395 0.2312 0.2684 0.1428 0.6432 0.0884 0.1256
400 0.2117 0.2611 0.1248 0.6520 0.0869 0.1363
405 0.2010 0.2379 0.1135 0.6746 0.0875 0.1244
410 0.2033 0.2332 0.1142 0.6776 0.0892 0.1190
415 0.2183 0.2437 0.1181 0.6561 0.1001 0.1256
420 0.2343 0.2577 0.1303 0.6383 0.1039 0.1274
425 0.2431 0.2562 0.1405 0.6412 0.1026 0.1157
430 0.2539 0.2539 0.1328 0.6249 0.1212 0.1212
435 0.2577 0.2474 0.1425 0.6374 0.1152 0.1049
440 0.2550 0.2333 0.1318 0.6435 0.1232 0.1015
445 0.2266 0.2370 0.1160 0.6523 0.1107 0.1210
450 0.2148 0.2408 0.1107 0.6551 0.1041 0.1302
455 0.2201 0.2347 0.1180 0.6632 0.1021 0.1168
460 0.2320 0.2484 0.1332 0.6528 0.0988 0.1152
465 0.2457 0.2551 0.1389 0.6380 0.1068 0.1163
470 0.2420 0.2625 0.1466 0.6421 0.0954 0.1158
475 0.2460 0.2620 0.1449 0.6369 0.1011 0.1171
480 0.2492 0.2593 0.1422 0.6337 0.1070 0.1171
485 0.2370 0.2425 0.1283 0.6488 0.1087 0.1142
490 0.2262 0.2416 0.1177 0.6499 0.1085 0.1239
495 0.2016 0.2340 0.1021 0.6665 0.0995 0.1318
500 0.1949 0.2349 0.1062 0.6764 0.0887 0.1286
505 0.2167 0.2280 0.1088 0.6641 0.1079 0.1192
510 0.2347 0.2367 0.1175 0.6461 0.1172 0.1192
515 0.2274 0.2466 0.1163 0.6423 0.1111 0.1303
520 0.2402 0.2564 0.1267 0.6301 0.1135 0.1297
525 0.2369 0.2623 0.1352 0.6360 0.1017 0.1271
530 0.2308 0.2718 0.1366 0.6340 0.0942 0.1352
535 0.2105 0.2588 0.1329 0.6636 0.0776 0.1259
540 0.1981 0.2562 0.1297 0.6754 0.0684 0.1265
545 0.2100 0.2442 0.1347 0.6805 0.0753 0.1094
550 0.2120 0.2349 0.1292 0.6824 0.0828 0.1056
555 0.2134 0.2317 0.1289 0.6839 0.0844 0.1027
560 0.2333 0.2352 0.1393 0.6708 0.0940 0.0959
565 0.2259 0.2573 0.1349 0.6517 0.0910 0.1224
570 0.2213 0.2705 0.1332 0.6414 0.0881 0.1373
575 0.2180 0.2664 0.1247 0.6403 0.0933 0.1417
580 0.2170 0.2541 0.1198 0.6487 0.0972 0.1343
585 0.2241 0.2382 0.1222 0.6600 0.1018 0.1160
590 0.2280 0.2553 0.1364 0.6531 0.0916 0.1189
595 0.2376 0.2487 0.1317 0.6453 0.1059 0.1171
600 0.2477 0.2614 0.1475 0.6385 0.1001 0.1139
605 0.2306 0.2588 0.1433 0.6539 0.0873 0.1155
610 0.2330 0.2481 0.1326 0.6514 0.1004 0.1155
615 0.2250 0.2398 0.1241 0.6594 0.1009 0.1157
620 0.2369 0.2306 0.1242 0.6568 0.1126 0.1064
625 0.2379 0.2244 0.1178 0.6555 0.1201 0.1065
630 0.2433 0.2114 0.1132 0.6586 0.1300 0.0982
635 0.2425 0.2061 0.1107 0.6621 0.1318 0.0954
640 0.2449 0.2064 0.1122 0.6609 0.1328 0.0942
645 0.2387 0.2274 0.1190 0.6529 0.1196 0.1084
650 0.2297 0.2402 0.1256 0.6557 0.1041 0.1146
655 0.2367 0.2440 0.1192 0.6385 0.1175 0.1248
660 0.2463 0.2591 0.1366 0.6312 0.1097 0.1225
665 0.2425 0.2631 0.1407 0.6351 0.1018 0.1224
670 0.2455 0.2582 0.1382 0.6345 0.1073 0.1200
675 0.2434 0.2640 0.1462 0.6388 0.0972 0.1178
680 0.2423 0.2684 0.1419 0.6312 0.1004 0.1265
685 0.2500 0.2757 0.1474 0.6217 0.1026 0.1283
690 0.2594 0.2696 0.1497 0.6206 0.1097 0.1200
695 0.2631 0.2638 0.1475 0.6206 0.1155 0.1163
700 0.2481 0.2551 0.1402 0.6369 0.1079 0.1149
705 0.2593 0.2445 0.1408 0.6371 0.1184 0.1036
710 0.2699 0.2341 0.1382 0.6342 0.1317 0.0959
715 0.2708 0.2398 0.1495 0.6389 0.1213 0.0902
720 0.2801 0.2504 0.1611 0.6305 0.1190 0.0893
725 0.2684 0.2466 0.1497 0.6347 0.1187 0.0969
730 0.2478 0.2622 0.1456 0.6356 0.1023 0.1166
735 0.2295 0.2693 0.1289 0.6301 0.1006 0.1404
740 0.2318 0.2676 0.1366 0.6371 0.0953 0.1311
745 0.2213 0.2803 0.1294 0.6278 0.0919 0.1509
750 0.2085 0.2724 0.1288 0.6479 0.0797 0.1436
755 0.2288 0.2550 0.1352 0.6514 0.0936 0.1198
760 0.2483 0.2561 0.1521 0.6478 0.0962 0.1039
765 0.2530 0.2521 0.1456 0.6405 0.1075 0.1065
770 0.2294 0.2495 0.1148 0.6359 0.1146 0.1347
775 0.2120 0.2593 0.1166 0.6453 0.0954 0.1427
780 0.2021 0.2602 0.1142 0.6519 0.0879 0.1460
785 0.2032 0.2699 0.1292 0.6561 0.0739 0.1407
790 0.2120 0.2661 0.1289 0.6508 0.0831 0.1372
795 0.2224 0.2596 0.1315 0.6496 0.0908 0.1280
800 0.2262 0.2637 0.1385 0.6487 0.0876 0.1251
805 0.2326 0.2594 0.1344 0.6424 0.0982 0.1250
810 0.2436 0.2457 0.1437 0.6545 0.0998 0.1020
815 0.2498 0.2434 0.1414 0.6482 0.1084 0.1020
820 0.2539 0.2414 0.1370 0.6417 0.1169 0.1044
825 0.2506 0.2370 0.1274 0.6398 0.1232 0.1096
830 0.2487 0.2507 0.1329 0.6334 0.1158 0.1178
835 0.2230 0.2475 0.1343 0.6638 0.0887 0.1132
840 0.2265 0.2481 0.1379 0.6633 0.0886 0.1102
845 0.2271 0.2373 0.1353 0.6709 0.0918 0.1020
850 0.2300 0.2387 0.1370 0.6683 0.0930 0.1017
855 0.2294 0.2420 0.1239 0.6525 0.1055 0.1181
860 0.2280 0.2629 0.1317 0.6408 0.0963 0.1312
865 0.2306 0.2704 0.1305 0.6295 0.1001 0.1399
870 0.2419 0.2760 0.1286 0.6107 0.1132 0.1474
875 0.2586 0.2908 0.1393 0.5898 0.1193 0.1515
880 0.2458 0.2815 0.1334 0.6060 0.1125 0.1481
885 0.2606 0.2763 0.1337 0.5967 0.1270 0.1427
890 0.2562 0.2561 0.1225 0.6103 0.1337 0.1335
895 0.2664 0.2733 0.1276 0.5879 0.1389 0.1457
900 0.2558 0.2704 0.1279 0.6017 0.1279 0.1425
905 0.2428 0.2737 0.1273 0.6107 0.1155 0.1465
910 0.2164 0.2631 0.1204 0.6409 0.0960 0.1427
915 0.2123 0.2733 0.1201 0.6345 0.0922 0.1532
920 0.2032 0.2696 0.1094 0.6366 0.0937 0.1602
925 0.2289 0.2782 0.1253 0.6182 0.1036 0.1529
930 0.2244 0.2830 0.1254 0.6180 0.0989 0.1576
935 0.2263 0.2791 0.1193 0.6139 0.1070 0.1597
940 0.2425 0.2628 0.1250 0.6197 0.1175 0.1378
945 0.2387 0.2564 0.1148 0.6197 0.1239 0.1416
950 0.2519 0.2553 0.1171 0.6098 0.1349 0.1382
955 0.2510 0.2547 0.1251 0.6194 0.1259 0.1296
960 0.2449 0.2733 0.1425 0.6243 0.1024 0.1308
965 0.2539 0.2516 0.1200 0.6144 0.1340 0.1317
970 0.2536 0.2451 0.1142 0.6155 0.1395 0.1309
975 0.2573 0.2369 0.1041 0.6100 0.1532 0.1328
980 0.2620 0.2285 0.1058 0.6153 0.1562 0.1227
985 0.2611 0.2373 0.1119 0.6135 0.1492 0.1254
990 0.2634 0.2353 0.1088 0.6101 0.1545 0.1265
995 0.2623 0.2390 0.1146 0.6133 0.1477 0.1244
