0 0.2303 0.1576 0.0550 0.6671 0.1753 0.1026
5 0.2317 0.1506 0.0564 0.6741 0.1753 0.0942
10 0.2315 0.1544 0.0537 0.6677 0.1779 0.1007
15 0.2472 0.1923 0.0668 0.6272 0.1805 0.1256
20 0.2783 0.2231 0.0837 0.5822 0.1946 0.1395
25 0.2850 0.2294 0.0921 0.5777 0.1930 0.1373
30 0.3006 0.2333 0.1135 0.5796 0.1870 0.1198
35 0.2948 0.2425 0.1335 0.5963 0.1613 0.1090
40 0.2865 0.2568 0.1285 0.5851 0.1581 0.1283
45 0.2865 0.2757 0.1344 0.5722 0.1521 0.1413
50 0.3199 0.2725 0.1559 0.5635 0.1640 0.1166
55 0.3179 0.3111 0.1739 0.5449 0.1440 0.1372
60 0.3271 0.3082 0.1734 0.5382 0.1536 0.1347
65 0.3143 0.3411 0.1768 0.5214 0.1375 0.1643
70 0.3245 0.3442 0.1873 0.5187 0.1372 0.1568
75 0.3112 0.3393 0.1795 0.5290 0.1317 0.1597
80 0.3181 0.2992 0.1695 0.5522 0.1486 0.1297
85 0.3096 0.2695 0.1626 0.5836 0.1469 0.1068
90 0.3053 0.2529 0.1568 0.5987 0.1485 0.0960
95 0.3070 0.2730 0.1715 0.5915 0.1355 0.1015
100 0.3064 0.2958 0.1791 0.5769 0.1273 0.1168
105 0.3062 0.3085 0.1774 0.5627 0.1288 0.1311
110 0.2961 0.3315 0.1766 0.5490 0.1195 0.1549
115 0.3036 0.3498 0.1864 0.5330 0.1172 0.1634
120 0.2843 0.3516 0.1684 0.5325 0.1158 0.1832
125 0.2858 0.3303 0.1453 0.5292 0.1405 0.1850
130 0.2964 0.3396 0.1545 0.5185 0.1419 0.1850
135 0.2888 0.3426 0.1573 0.5258 0.1315 0.1853
140 0.2894 0.3469 0.1646 0.5283 0.1248 0.1823
145 0.2765 0.3437 0.1553 0.5351 0.1212 0.1884
150 0.2820 0.3123 0.1361 0.5418 0.1459 0.1762
155 0.2660 0.2864 0.1233 0.5709 0.1427 0.1631
160 0.2862 0.2751 0.1248 0.5635 0.1614 0.1503
165 0.2797 0.2722 0.1183 0.5664 0.1614 0.1539
170 0.2966 0.2986 0.1515 0.5563 0.1451 0.1471
175 0.3240 0.2987 0.1597 0.5370 0.1643 0.1390
180 0.3318 0.3150 0.1713 0.5245 0.1605 0.1437
185 0.3224 0.2830 0.1294 0.5240 0.1930 0.1536
190 0.3228 0.2899 0.1285 0.5158 0.1943 0.1614
195 0.3242 0.2734 0.1270 0.5293 0.1972 0.1465
200 0.3138 0.2794 0.1315 0.5383 0.1823 0.1478
205 0.3275 0.2780 0.1483 0.5428 0.1792 0.1297
210 0.3531 0.2551 0.1545 0.5463 0.1986 0.1006
215 0.3820 0.2460 0.1562 0.5283 0.2257 0.0898
220 0.3774 0.2294 0.1401 0.5333 0.2373 0.0893
225 0.3836 0.2222 0.1370 0.5312 0.2466 0.0852
230 0.3923 0.2279 0.1414 0.5213 0.2509 0.0864
235 0.3845 0.2407 0.1436 0.5184 0.2410 0.0971
240 0.3913 0.2629 0.1526 0.4984 0.2387 0.1103
245 0.3678 0.2663 0.1449 0.5109 0.2228 0.1213
250 0.3411 0.2654 0.1370 0.5306 0.2041 0.1283
255 0.3455 0.2658 0.1279 0.5165 0.2176 0.1379
260 0.3216 0.2817 0.1370 0.5338 0.1846 0.1446
265 0.3077 0.2981 0.1419 0.5360 0.1658 0.1562
270 0.3143 0.2977 0.1495 0.5376 0.1648 0.1481
275 0.3288 0.3106 0.1657 0.5263 0.1631 0.1449
280 0.3359 0.3196 0.1808 0.5252 0.1552 0.1389
285 0.3356 0.3268 0.1719 0.5095 0.1637 0.1549
290 0.3631 0.3429 0.1843 0.4783 0.1788 0.1587
295 0.3810 0.3458 0.1792 0.4524 0.2018 0.1666
300 0.3804 0.3535 0.1928 0.4589 0.1876 0.1606
305 0.3762 0.3210 0.1753 0.4781 0.2009 0.1457
310 0.3757 0.3102 0.1739 0.4880 0.2018 0.1363
315 0.3580 0.2843 0.1491 0.5068 0.2090 0.1352
320 0.3725 0.2943 0.1520 0.4851 0.2205 0.1424
325 0.3675 0.2995 0.1506 0.4836 0.2169 0.1489
330 0.3272 0.3006 0.1357 0.5078 0.1916 0.1649
335 0.2873 0.3120 0.1172 0.5179 0.1701 0.1948
340 0.2777 0.3085 0.1321 0.5460 0.1456 0.1763
345 0.2958 0.3439 0.1553 0.5156 0.1405 0.1885
350 0.3242 0.3376 0.1541 0.4923 0.1701 0.1835
355 0.3271 0.3347 0.1422 0.4804 0.1849 0.1925
360 0.3248 0.3297 0.1417 0.4873 0.1831 0.1879
365 0.3166 0.3219 0.1353 0.4969 0.1812 0.1866
370 0.3275 0.3106 0.1370 0.4989 0.1905 0.1736
375 0.3286 0.3041 0.1305 0.4978 0.1981 0.1736
380 0.3131 0.3196 0.1224 0.4897 0.1907 0.1972
385 0.3123 0.3182 0.1213 0.4908 0.1910 0.1969
390 0.3022 0.3163 0.1292 0.5107 0.1730 0.1870
395 0.3129 0.2969 0.1279 0.5181 0.1850 0.1690
400 0.3201 0.2954 0.1414 0.5260 0.1786 0.1539
405 0.3339 0.2716 0.1370 0.5315 0.1969 0.1346
410 0.3283 0.2762 0.1331 0.5286 0.1952 0.1431
415 0.3446 0.2820 0.1398 0.5132 0.2048 0.1422
420 0.3496 0.3314 0.1573 0.4763 0.1923 0.1741
425 0.3510 0.3419 0.1518 0.4589 0.1992 0.1901
430 0.3478 0.3623 0.1683 0.4582 0.1795 0.1940
435 0.3457 0.3434 0.1408 0.4518 0.2048 0.2026
440 0.3446 0.3629 0.1489 0.4414 0.1957 0.2140
445 0.3513 0.3682 0.1515 0.4319 0.1998 0.2167
450 0.3414 0.3533 0.1456 0.4508 0.1959 0.2077
455 0.3399 0.3422 0.1427 0.4606 0.1972 0.1995
460 0.3323 0.3019 0.1267 0.4925 0.2056 0.1753
465 0.3589 0.3036 0.1364 0.4739 0.2225 0.1672
470 0.3815 0.3108 0.1631 0.4708 0.2184 0.1477
475 0.3771 0.3406 0.1818 0.4641 0.1952 0.1588
480 0.3820 0.3615 0.1907 0.4472 0.1913 0.1709
485 0.3987 0.3521 0.1908 0.4400 0.2079 0.1613
490 0.3905 0.3617 0.1916 0.4394 0.1989 0.1701
495 0.4027 0.3458 0.1876 0.4391 0.2151 0.1582
500 0.4018 0.3408 0.1966 0.4540 0.2052 0.1442
505 0.3945 0.3422 0.1934 0.4568 0.2010 0.1488
510 0.3836 0.3522 0.1896 0.4537 0.1940 0.1626
515 0.3745 0.3714 0.1919 0.4460 0.1826 0.1795
520 0.3760 0.3669 0.1768 0.4339 0.1992 0.1901
525 0.3713 0.3835 0.1715 0.4167 0.1998 0.2120
530 0.3757 0.3847 0.1817 0.4213 0.1940 0.2030
535 0.3865 0.3728 0.1827 0.4234 0.2038 0.1901
540 0.4007 0.3763 0.1934 0.4164 0.2073 0.1829
545 0.3876 0.3653 0.1783 0.4254 0.2093 0.1870
550 0.3746 0.3289 0.1542 0.4507 0.2204 0.1747
555 0.3547 0.3192 0.1419 0.4681 0.2128 0.1773
560 0.3486 0.2980 0.1239 0.4774 0.2247 0.1741
565 0.3512 0.3112 0.1289 0.4665 0.2222 0.1823
570 0.3623 0.3161 0.1453 0.4668 0.2170 0.1709
575 0.3419 0.3134 0.1448 0.4896 0.1971 0.1686
580 0.3498 0.2948 0.1326 0.4880 0.2172 0.1622
585 0.3426 0.3140 0.1352 0.4786 0.2074 0.1788
590 0.3336 0.3129 0.1276 0.4810 0.2061 0.1853
595 0.3298 0.3065 0.1193 0.4830 0.2105 0.1872
600 0.3210 0.2936 0.1209 0.5063 0.2001 0.1727
605 0.3195 0.2820 0.1352 0.5338 0.1843 0.1468
610 0.3542 0.2679 0.1453 0.5231 0.2090 0.1227
615 0.3807 0.2811 0.1513 0.4896 0.2294 0.1297
620 0.3989 0.2637 0.1398 0.4772 0.2591 0.1239
625 0.4098 0.2696 0.1497 0.4702 0.2602 0.1200
630 0.4222 0.2577 0.1527 0.4728 0.2695 0.1050
635 0.4374 0.2721 0.1875 0.4780 0.2500 0.0846
640 0.4269 0.2698 0.1855 0.4888 0.2414 0.0843
645 0.4246 0.2844 0.1911 0.4821 0.2335 0.0933
650 0.4108 0.2660 0.1742 0.4975 0.2365 0.0918
655 0.3897 0.2736 0.1646 0.5013 0.2251 0.1090
660 0.3670 0.2838 0.1494 0.4986 0.2176 0.1344
665 0.3460 0.2864 0.1369 0.5045 0.2091 0.1495
670 0.3253 0.2958 0.1424 0.5213 0.1829 0.1535
675 0.3475 0.3164 0.1565 0.4926 0.1910 0.1599
680 0.3641 0.3239 0.1745 0.4865 0.1896 0.1494
685 0.3797 0.3251 0.1655 0.4608 0.2141 0.1596
690 0.3829 0.3192 0.1593 0.4572 0.2236 0.1599
695 0.3704 0.3057 0.1536 0.4775 0.2167 0.1521
700 0.3618 0.2904 0.1422 0.4900 0.2196 0.1481
705 0.3422 0.2977 0.1312 0.4914 0.2109 0.1664
710 0.3515 0.2803 0.1180 0.4862 0.2335 0.1623
715 0.3521 0.2832 0.1352 0.4999 0.2169 0.1480
720 0.3663 0.2876 0.1442 0.4903 0.2221 0.1434
725 0.3573 0.2968 0.1506 0.4966 0.2067 0.1462
730 0.3586 0.3067 0.1542 0.4889 0.2044 0.1524
735 0.3461 0.2939 0.1471 0.5071 0.1991 0.1468
740 0.3507 0.2890 0.1390 0.4993 0.2117 0.1500
745 0.3486 0.2814 0.1317 0.5018 0.2169 0.1497
750 0.3378 0.3074 0.1408 0.4957 0.1969 0.1666
755 0.3454 0.3070 0.1535 0.5011 0.1919 0.1535
760 0.3688 0.3100 0.1545 0.4757 0.2143 0.1555
765 0.3588 0.3161 0.1477 0.4728 0.2111 0.1684
770 0.3705 0.3268 0.1559 0.4586 0.2146 0.1709
775 0.3637 0.3429 0.1757 0.4691 0.1879 0.1672
780 0.3746 0.3310 0.1718 0.4661 0.2029 0.1593
785 0.3685 0.3285 0.1610 0.4640 0.2076 0.1675
790 0.3730 0.3204 0.1663 0.4729 0.2067 0.1541
795 0.3582 0.3329 0.1724 0.4813 0.1858 0.1605
800 0.3292 0.3516 0.1806 0.4998 0.1486 0.1710
805 0.3315 0.3454 0.1846 0.5077 0.1469 0.1608
810 0.3217 0.3509 0.1751 0.5025 0.1466 0.1757
815 0.3300 0.3364 0.1643 0.4979 0.1657 0.1721
820 0.3280 0.3294 0.1610 0.5036 0.1670 0.1684
825 0.3329 0.3396 0.1584 0.4859 0.1745 0.1812
830 0.3237 0.3533 0.1536 0.4766 0.1701 0.1997
835 0.3535 0.3355 0.1606 0.4717 0.1928 0.1748
840 0.3673 0.3458 0.1666 0.4534 0.2007 0.1792
845 0.3792 0.3277 0.1718 0.4649 0.2074 0.1559
850 0.3774 0.3579 0.1870 0.4518 0.1904 0.1709
855 0.3563 0.3477 0.1757 0.4717 0.1806 0.1719
860 0.3460 0.3347 0.1678 0.4871 0.1782 0.1669
865 0.3530 0.3204 0.1670 0.4937 0.1859 0.1533
870 0.3402 0.3118 0.1655 0.5135 0.1747 0.1463
875 0.3535 0.3067 0.1696 0.5095 0.1838 0.1370
880 0.3503 0.3211 0.1861 0.5147 0.1642 0.1350
885 0.3742 0.3349 0.2061 0.4970 0.1681 0.1288
890 0.4079 0.3420 0.2294 0.4795 0.1785 0.1126
895 0.4242 0.3713 0.2535 0.4580 0.1707 0.1178
900 0.4237 0.3609 0.2489 0.4643 0.1748 0.1120
905 0.4425 0.3112 0.2234 0.4697 0.2190 0.0878
910 0.4252 0.3070 0.2169 0.4847 0.2084 0.0901
915 0.4156 0.3088 0.2041 0.4797 0.2116 0.1047
920 0.4217 0.3003 0.1962 0.4742 0.2256 0.1041
925 0.4251 0.3275 0.2070 0.4544 0.2181 0.1206
930 0.4188 0.3329 0.2068 0.4551 0.2120 0.1260
935 0.4063 0.3562 0.2090 0.4464 0.1974 0.1472
940 0.4068 0.3682 0.2103 0.4353 0.1965 0.1579
945 0.3874 0.3403 0.1922 0.4644 0.1952 0.1481
950 0.3815 0.3222 0.1792 0.4755 0.2023 0.1430
955 0.3938 0.3128 0.1814 0.4748 0.2125 0.1314
960 0.3783 0.3097 0.1594 0.4714 0.2189 0.1503
965 0.3786 0.2939 0.1523 0.4798 0.2263 0.1416
970 0.3617 0.3193 0.1545 0.4736 0.2071 0.1648
975 0.3760 0.3129 0.1638 0.4749 0.2122 0.1491
980 0.3724 0.3231 0.1719 0.4765 0.2004 0.1512
985 0.3728 0.3240 0.1702 0.4734 0.2026 0.1538
990 0.3751 0.3282 0.1744 0.4711 0.2007 0.1538
995 0.3784 0.3289 0.1753 0.4679 0.2032 0.1536
1000 0.4045 0.3827 0.2154 0.4281 0.1891 0.1674
1005 0.3998 0.3810 0.2096 0.4287 0.1902 0.1715
1010 0.4039 0.3841 0.2076 0.4196 0.1963 0.1765
1015 0.3868 0.3830 0.2061 0.4362 0.1808 0.1770
1020 0.3888 0.3801 0.2038 0.4348 0.1850 0.1763
1025 0.3922 0.3554 0.2114 0.4638 0.1808 0.1440
1030 0.4272 0.3487 0.2111 0.4351 0.2161 0.1376
1035 0.4326 0.3286 0.2097 0.4486 0.2228 0.1189
1040 0.4563 0.3327 0.2222 0.4332 0.2341 0.1105
1045 0.4507 0.3509 0.2410 0.4394 0.2097 0.1099
1050 0.4493 0.3673 0.2410 0.4243 0.2084 0.1264
1055 0.4476 0.3708 0.2280 0.4095 0.2196 0.1428
1060 0.4254 0.3719 0.2079 0.4106 0.2175 0.1640
1065 0.4255 0.3777 0.2141 0.4109 0.2114 0.1635
1070 0.4082 0.3661 0.2103 0.4361 0.1978 0.1558
1075 0.4193 0.3434 0.2094 0.4467 0.2099 0.1340
1080 0.4103 0.3288 0.2039 0.4649 0.2064 0.1248
1085 0.4202 0.3062 0.2045 0.4781 0.2157 0.1017
1090 0.4143 0.2972 0.1888 0.4774 0.2254 0.1084
1095 0.4045 0.2980 0.1716 0.4691 0.2329 0.1264
1100 0.3757 0.3018 0.1587 0.4812 0.2170 0.1431
1105 0.3669 0.2971 0.1558 0.4918 0.2111 0.1413
1110 0.3632 0.2855 0.1436 0.4949 0.2196 0.1419
1115 0.3661 0.3012 0.1556 0.4883 0.2105 0.1456
1120 0.3798 0.2928 0.1610 0.4883 0.2189 0.1318
1125 0.3815 0.3019 0.1632 0.4798 0.2183 0.1387
1130 0.3864 0.3035 0.1861 0.4963 0.2003 0.1174
1135 0.3777 0.2756 0.1599 0.5066 0.2178 0.1157
1140 0.3589 0.2942 0.1748 0.5217 0.1841 0.1193
1145 0.3545 0.3144 0.1704 0.5014 0.1841 0.1440
1150 0.3830 0.3231 0.1931 0.4870 0.1899 0.1300
1155 0.3908 0.3446 0.1936 0.4582 0.1972 0.1510
1160 0.4121 0.3588 0.2026 0.4316 0.2096 0.1562
1165 0.3887 0.3609 0.1927 0.4431 0.1960 0.1683
1170 0.3730 0.3554 0.1911 0.4627 0.1818 0.1643
1175 0.3748 0.3754 0.2018 0.4516 0.1730 0.1736
1180 0.3858 0.3818 0.2087 0.4411 0.1771 0.1731
1185 0.3881 0.3634 0.1826 0.4312 0.2055 0.1808
1190 0.3644 0.3487 0.1529 0.4397 0.2116 0.1959
1195 0.3597 0.3460 0.1463 0.4406 0.2134 0.1997
1200 0.3675 0.3501 0.1591 0.4415 0.2084 0.1910
1205 0.3923 0.3551 0.1927 0.4452 0.1997 0.1625
1210 0.3995 0.3480 0.2116 0.4641 0.1879 0.1364
1215 0.3789 0.3231 0.1988 0.4967 0.1802 0.1244
1220 0.3655 0.3064 0.1800 0.5082 0.1855 0.1264
1225 0.3539 0.2920 0.1646 0.5187 0.1893 0.1274
1230 0.3608 0.2814 0.1661 0.5240 0.1946 0.1152
1235 0.3909 0.2876 0.1715 0.4929 0.2195 0.1161
1240 0.4132 0.3211 0.1902 0.4559 0.2230 0.1309
1245 0.4009 0.3535 0.1841 0.4298 0.2167 0.1693
1250 0.4208 0.3574 0.1937 0.4155 0.2271 0.1637
1255 0.4091 0.3512 0.2003 0.4400 0.2088 0.1509
1260 0.4108 0.3263 0.2007 0.4636 0.2100 0.1256
1265 0.3949 0.3182 0.1890 0.4758 0.2059 0.1292
1270 0.3940 0.3157 0.1782 0.4685 0.2158 0.1375
1275 0.3855 0.3349 0.1782 0.4579 0.2073 0.1567
1280 0.3641 0.3263 0.1686 0.4781 0.1955 0.1578
1285 0.3530 0.3431 0.1878 0.4917 0.1652 0.1553
1290 0.3390 0.3603 0.1905 0.4912 0.1485 0.1698
1295 0.3478 0.3595 0.1852 0.4778 0.1626 0.1744
1300 0.3474 0.3844 0.1917 0.4600 0.1556 0.1927
1305 0.3492 0.4140 0.2087 0.4455 0.1405 0.2053
1310 0.3621 0.4226 0.2172 0.4324 0.1449 0.2055
1315 0.3676 0.4397 0.2390 0.4316 0.1286 0.2007
1320 0.3609 0.4312 0.2440 0.4519 0.1169 0.1872
1325 0.3637 0.4199 0.2381 0.4545 0.1256 0.1818
1330 0.3699 0.3955 0.2225 0.4571 0.1474 0.1730
1335 0.3571 0.3728 0.2001 0.4702 0.1570 0.1727
1340 0.3653 0.3666 0.2096 0.4777 0.1558 0.1570
1345 0.3585 0.3602 0.2099 0.4912 0.1486 0.1503
1350 0.3499 0.3431 0.1989 0.5059 0.1510 0.1442
1355 0.3440 0.3448 0.1981 0.5094 0.1459 0.1466
1360 0.3324 0.3303 0.1853 0.5226 0.1471 0.1449
1365 0.3474 0.3184 0.1750 0.5092 0.1724 0.1434
1370 0.3535 0.3010 0.1635 0.5091 0.1899 0.1375
1375 0.3571 0.2800 0.1462 0.5091 0.2109 0.1338
1380 0.3512 0.2893 0.1355 0.4950 0.2157 0.1538
1385 0.3422 0.3108 0.1465 0.4935 0.1957 0.1643
1390 0.3592 0.3439 0.1632 0.4601 0.1960 0.1806
1395 0.3603 0.3525 0.1756 0.4627 0.1847 0.1770
1400 0.3571 0.3374 0.1622 0.4676 0.1949 0.1753
1405 0.3554 0.3390 0.1741 0.4797 0.1814 0.1649
1410 0.3503 0.3446 0.1794 0.4845 0.1709 0.1652
1415 0.3599 0.3533 0.1812 0.4681 0.1786 0.1721
1420 0.3675 0.3513 0.1814 0.4626 0.1861 0.1699
1425 0.3890 0.3617 0.1943 0.4437 0.1946 0.1674
1430 0.4027 0.3603 0.2068 0.4438 0.1959 0.1535
1435 0.3935 0.3660 0.2023 0.4428 0.1913 0.1637
1440 0.4019 0.3742 0.2103 0.4342 0.1916 0.1638
1445 0.3940 0.3710 0.2000 0.4350 0.1940 0.1710
1450 0.3943 0.3900 0.2035 0.4191 0.1908 0.1866
1455 0.3791 0.3653 0.1908 0.4464 0.1882 0.1745
1460 0.3821 0.3486 0.1800 0.4493 0.2021 0.1686
1465 0.3884 0.3393 0.1773 0.4496 0.2111 0.1620
1470 0.4056 0.3507 0.1908 0.4345 0.2148 0.1599
1475 0.4169 0.3720 0.2080 0.4191 0.2088 0.1640
1480 0.4298 0.3672 0.2248 0.4278 0.2050 0.1424
1485 0.4327 0.3725 0.2289 0.4237 0.2038 0.1436
1490 0.4323 0.3661 0.2250 0.4266 0.2073 0.1411
1495 0.4146 0.3574 0.2129 0.4409 0.2016 0.1445
1500 0.4083 0.3841 0.2306 0.4382 0.1777 0.1535
1505 0.3881 0.3801 0.2224 0.4542 0.1657 0.1578
1510 0.3737 0.3731 0.2176 0.4708 0.1561 0.1555
1515 0.3599 0.3519 0.2030 0.4912 0.1568 0.1489
1520 0.3571 0.3516 0.1852 0.4765 0.1719 0.1664
1525 0.3728 0.3445 0.1856 0.4684 0.1872 0.1588
1530 0.3609 0.3408 0.1728 0.4711 0.1881 0.1680
1535 0.3414 0.3597 0.1693 0.4682 0.1721 0.1904
1540 0.3367 0.3531 0.1638 0.4740 0.1728 0.1893
1545 0.3467 0.3599 0.1789 0.4723 0.1678 0.1809
1550 0.3390 0.3624 0.1699 0.4685 0.1690 0.1925
1555 0.3339 0.3597 0.1684 0.4748 0.1655 0.1913
1560 0.3338 0.3647 0.1766 0.4781 0.1571 0.1881
1565 0.3306 0.3545 0.1716 0.4865 0.1590 0.1829
1570 0.3413 0.3626 0.1802 0.4763 0.1611 0.1824
1575 0.3560 0.3378 0.1602 0.4664 0.1959 0.1776
1580 0.3538 0.3237 0.1635 0.4861 0.1902 0.1602
1585 0.3562 0.3144 0.1585 0.4879 0.1977 0.1559
1590 0.3446 0.3004 0.1527 0.5077 0.1919 0.1477
1595 0.3414 0.3150 0.1471 0.4906 0.1943 0.1680
1600 0.3472 0.3173 0.1485 0.4839 0.1988 0.1689
1605 0.3449 0.3233 0.1608 0.4926 0.1841 0.1625
1610 0.3503 0.3374 0.1863 0.4986 0.1640 0.1512
1615 0.3663 0.3469 0.2001 0.4870 0.1661 0.1468
1620 0.3631 0.3509 0.2102 0.4963 0.1529 0.1407
1625 0.3760 0.3525 0.2244 0.4958 0.1517 0.1282
1630 0.3890 0.3489 0.2143 0.4765 0.1747 0.1346
1635 0.3905 0.3291 0.2026 0.4830 0.1879 0.1265
1640 0.3855 0.3224 0.1878 0.4800 0.1977 0.1346
1645 0.3605 0.3135 0.1680 0.4940 0.1925 0.1456
1650 0.3603 0.3347 0.1827 0.4877 0.1776 0.1520
1655 0.3467 0.3353 0.1774 0.4954 0.1693 0.1579
1660 0.3595 0.3477 0.1869 0.4797 0.1727 0.1608
1665 0.3702 0.3727 0.1928 0.4499 0.1774 0.1799
1670 0.3867 0.3643 0.1910 0.4400 0.1957 0.1733
1675 0.3845 0.3842 0.1980 0.4292 0.1866 0.1863
1680 0.3856 0.3582 0.1930 0.4492 0.1927 0.1652
1685 0.3876 0.3515 0.1911 0.4521 0.1965 0.1603
1690 0.3823 0.3356 0.1710 0.4531 0.2112 0.1646
1695 0.3852 0.3509 0.1675 0.4315 0.2176 0.1834
1700 0.3792 0.3557 0.1674 0.4324 0.2119 0.1884
1705 0.3765 0.3556 0.1681 0.4361 0.2084 0.1875
1710 0.3844 0.3621 0.1747 0.4281 0.2097 0.1875
1715 0.4121 0.3429 0.1748 0.4198 0.2373 0.1681
1720 0.4051 0.3461 0.1731 0.4219 0.2320 0.1730
1725 0.4155 0.3542 0.1954 0.4257 0.2201 0.1588
1730 0.3993 0.3666 0.2004 0.4345 0.1989 0.1661
1735 0.4027 0.3766 0.2071 0.4278 0.1955 0.1695
1740 0.4141 0.3734 0.1954 0.4079 0.2187 0.1780
1745 0.4312 0.3660 0.2021 0.4050 0.2291 0.1638
1750 0.4313 0.3655 0.1962 0.3993 0.2352 0.1693
1755 0.4257 0.3617 0.1988 0.4114 0.2269 0.1629
1760 0.4205 0.3643 0.2106 0.4258 0.2099 0.1536
1765 0.4179 0.3512 0.2056 0.4365 0.2123 0.1456
1770 0.4004 0.3428 0.2077 0.4646 0.1927 0.1350
1775 0.3885 0.3393 0.2041 0.4763 0.1844 0.1352
1780 0.3627 0.3419 0.1876 0.4830 0.1751 0.1542
1785 0.3951 0.3454 0.2004 0.4600 0.1946 0.1449
1790 0.3906 0.3422 0.1925 0.4597 0.1981 0.1497
1795 0.4079 0.3458 0.1911 0.4374 0.2167 0.1547
1800 0.3914 0.3507 0.1904 0.4483 0.2010 0.1603
1805 0.3742 0.3434 0.1727 0.4551 0.2015 0.1707
1810 0.3560 0.3272 0.1599 0.4766 0.1962 0.1674
1815 0.3603 0.3272 0.1657 0.4781 0.1946 0.1616
1820 0.3576 0.3251 0.1799 0.4972 0.1777 0.1453
1825 0.3509 0.3271 0.1734 0.4955 0.1774 0.1536
1830 0.3371 0.3402 0.1850 0.5077 0.1521 0.1552
1835 0.3541 0.3332 0.1969 0.5097 0.1571 0.1363
1840 0.3672 0.3448 0.1997 0.4877 0.1675 0.1451
1845 0.3752 0.3583 0.1984 0.4649 0.1768 0.1599
1850 0.3824 0.3437 0.1859 0.4598 0.1965 0.1578
1855 0.4034 0.3448 0.1959 0.4476 0.2076 0.1489
1860 0.3981 0.3432 0.1936 0.4522 0.2045 0.1497
1865 0.4073 0.3571 0.1968 0.4324 0.2105 0.1603
1870 0.4138 0.3661 0.1984 0.4185 0.2154 0.1677
1875 0.4077 0.3826 0.2056 0.4153 0.2021 0.1770
1880 0.3996 0.3714 0.1920 0.4210 0.2076 0.1794
1885 0.3813 0.4146 0.2218 0.4258 0.1596 0.1928
1890 0.3861 0.3990 0.2254 0.4403 0.1606 0.1736
1895 0.4030 0.4127 0.2285 0.4127 0.1745 0.1843
1900 0.4216 0.3949 0.2365 0.4201 0.1850 0.1584
1905 0.4464 0.3917 0.2375 0.3993 0.2090 0.1542
1910 0.4425 0.4022 0.2385 0.3938 0.2039 0.1637
1915 0.4423 0.3920 0.2381 0.4037 0.2042 0.1539
1920 0.4191 0.3890 0.2285 0.4204 0.1907 0.1605
1925 0.3990 0.3906 0.2234 0.4338 0.1756 0.1672
1930 0.3839 0.3891 0.2106 0.4376 0.1733 0.1785
1935 0.3594 0.3964 0.2073 0.4515 0.1521 0.1891
1940 0.3801 0.3996 0.2114 0.4316 0.1687 0.1882
1945 0.3932 0.3832 0.2044 0.4280 0.1888 0.1788
1950 0.4198 0.3925 0.2135 0.4013 0.2062 0.1789
1955 0.4309 0.3704 0.2059 0.4047 0.2250 0.1645
1960 0.4283 0.3563 0.1998 0.4152 0.2285 0.1565
1965 0.4457 0.3464 0.2151 0.4230 0.2306 0.1314
1970 0.4408 0.3408 0.2233 0.4417 0.2175 0.1175
1975 0.4502 0.3451 0.2343 0.4390 0.2160 0.1108
1980 0.4191 0.3317 0.2080 0.4572 0.2111 0.1236
1985 0.3980 0.3439 0.2032 0.4614 0.1948 0.1407
1990 0.3975 0.3387 0.2021 0.4659 0.1954 0.1366
1995 0.3929 0.3410 0.2045 0.4707 0.1884 0.1364
2000 0.3678 0.3442 0.1853 0.4734 0.1824 0.1588
2005 0.3652 0.3461 0.1940 0.4827 0.1712 0.1521
2010 0.3658 0.3499 0.1940 0.4783 0.1718 0.1559
2015 0.3646 0.3522 0.1994 0.4825 0.1652 0.1529
2020 0.3670 0.3754 0.2112 0.4688 0.1558 0.1642
2025 0.3786 0.3567 0.1983 0.4630 0.1803 0.1584
2030 0.4030 0.3467 0.2004 0.4507 0.2026 0.1463
2035 0.4318 0.3583 0.2224 0.4323 0.2094 0.1360
2040 0.4300 0.3477 0.2288 0.4512 0.2012 0.1189
2045 0.4198 0.3452 0.2347 0.4697 0.1850 0.1105
2050 0.4048 0.3259 0.2254 0.4947 0.1794 0.1004
2055 0.3928 0.3297 0.2219 0.4995 0.1709 0.1078
2060 0.3916 0.3461 0.2170 0.4793 0.1745 0.1291
2065 0.3824 0.3368 0.2035 0.4842 0.1789 0.1334
2070 0.3638 0.3442 0.1856 0.4777 0.1782 0.1585
2075 0.3567 0.3455 0.1722 0.4701 0.1844 0.1733
2080 0.3675 0.3556 0.1808 0.4577 0.1867 0.1748
2085 0.3967 0.3416 0.2015 0.4632 0.1952 0.1401
2090 0.4082 0.3272 0.2128 0.4774 0.1954 0.1145
2095 0.4181 0.3449 0.2221 0.4591 0.1960 0.1228
2100 0.4135 0.3624 0.2295 0.4536 0.1840 0.1329
2105 0.4185 0.3798 0.2358 0.4374 0.1827 0.1440
2110 0.4094 0.3844 0.2384 0.4446 0.1710 0.1460
2115 0.4114 0.3794 0.2398 0.4490 0.1716 0.1396
2120 0.3975 0.3804 0.2263 0.4484 0.1712 0.1541
2125 0.3687 0.3818 0.2131 0.4626 0.1556 0.1687
2130 0.3681 0.3582 0.1939 0.4676 0.1742 0.1643
2135 0.3733 0.3541 0.1957 0.4684 0.1776 0.1584
2140 0.3801 0.3391 0.1923 0.4731 0.1878 0.1468
2145 0.3884 0.3376 0.1998 0.4739 0.1885 0.1378
2150 0.3847 0.3353 0.2039 0.4839 0.1808 0.1314
2155 0.3820 0.3394 0.2091 0.4877 0.1728 0.1303
2160 0.3781 0.3487 0.2189 0.4920 0.1593 0.1299
2165 0.3684 0.3371 0.1948 0.4893 0.1736 0.1424
2170 0.3865 0.3341 0.1984 0.4778 0.1881 0.1357
2175 0.3826 0.3292 0.1927 0.4809 0.1899 0.1366
2180 0.3911 0.3242 0.1986 0.4833 0.1925 0.1256
2185 0.3829 0.3158 0.1998 0.5011 0.1831 0.1160
2190 0.3899 0.3259 0.2205 0.5048 0.1693 0.1053
2195 0.3842 0.3391 0.2202 0.4969 0.1640 0.1189
2200 0.3938 0.3554 0.2236 0.4743 0.1702 0.1318
2205 0.4111 0.3515 0.2209 0.4583 0.1902 0.1306
2210 0.3852 0.3475 0.2105 0.4778 0.1747 0.1370
2215 0.3632 0.3457 0.2120 0.5031 0.1512 0.1337
2220 0.3571 0.3347 0.2035 0.5117 0.1536 0.1312
2225 0.3660 0.3510 0.2216 0.5046 0.1443 0.1294
2230 0.3786 0.3714 0.2277 0.4777 0.1509 0.1437
2235 0.3833 0.3733 0.2151 0.4585 0.1683 0.1582
2240 0.3906 0.3810 0.2090 0.4373 0.1817 0.1721
2245 0.3838 0.3897 0.2195 0.4460 0.1643 0.1702
2250 0.3876 0.3757 0.2148 0.4515 0.1728 0.1610
2255 0.3664 0.3763 0.2105 0.4678 0.1559 0.1658
2260 0.3693 0.3573 0.1994 0.4728 0.1699 0.1579
2265 0.3692 0.3570 0.1962 0.4701 0.1730 0.1608
2270 0.3928 0.3304 0.1966 0.4734 0.1962 0.1338
2275 0.3943 0.3437 0.2216 0.4836 0.1727 0.1221
2280 0.3731 0.3495 0.2247 0.5021 0.1485 0.1248
2285 0.3798 0.3771 0.2414 0.4845 0.1384 0.1357
2290 0.3698 0.3746 0.2254 0.4810 0.1443 0.1492
2295 0.3649 0.3891 0.2256 0.4716 0.1393 0.1635
2300 0.3708 0.3797 0.2291 0.4786 0.1417 0.1506
2305 0.3736 0.3670 0.2268 0.4862 0.1468 0.1402
2310 0.3781 0.3653 0.2260 0.4825 0.1521 0.1393
2315 0.3637 0.3451 0.2080 0.4993 0.1556 0.1370
2320 0.3489 0.3374 0.2074 0.5211 0.1414 0.1300
2325 0.3560 0.3339 0.2004 0.5104 0.1556 0.1335
2330 0.3632 0.3350 0.2079 0.5097 0.1553 0.1271
2335 0.3687 0.3484 0.2146 0.4975 0.1541 0.1338
2340 0.3752 0.3487 0.2154 0.4914 0.1599 0.1334
2345 0.3797 0.3498 0.2297 0.5002 0.1500 0.1201
2350 0.3720 0.3350 0.2239 0.5168 0.1481 0.1111
2355 0.3765 0.3128 0.2122 0.5229 0.1643 0.1006
2360 0.3934 0.3196 0.2309 0.5179 0.1625 0.0887
2365 0.3951 0.3245 0.2326 0.5130 0.1625 0.0919
2370 0.3708 0.3283 0.2294 0.5303 0.1414 0.0989
2375 0.3858 0.3274 0.2279 0.5147 0.1579 0.0995
2380 0.3809 0.3493 0.2393 0.5091 0.1416 0.1100
2385 0.3945 0.3496 0.2353 0.4912 0.1591 0.1143
2390 0.3973 0.3544 0.2387 0.4870 0.1587 0.1157
2395 0.3810 0.3631 0.2315 0.4874 0.1495 0.1315
2400 0.3629 0.3653 0.2190 0.4908 0.1439 0.1463
2405 0.3393 0.3516 0.2080 0.5171 0.1312 0.1436
2410 0.3570 0.3314 0.2131 0.5248 0.1439 0.1183
2415 0.3711 0.3364 0.2164 0.5089 0.1547 0.1200
2420 0.3838 0.3333 0.2330 0.5159 0.1507 0.1003
2425 0.3999 0.3449 0.2452 0.5004 0.1547 0.0997
2430 0.3852 0.3568 0.2417 0.4998 0.1434 0.1151
2435 0.3698 0.3557 0.2327 0.5072 0.1370 0.1230
2440 0.3675 0.3452 0.2175 0.5048 0.1500 0.1277
2445 0.3720 0.3317 0.2119 0.5082 0.1602 0.1198
2450 0.3629 0.3390 0.2122 0.5103 0.1507 0.1268
2455 0.3632 0.3370 0.2160 0.5158 0.1472 0.1210
2460 0.3591 0.3437 0.2239 0.5211 0.1352 0.1198
2465 0.3815 0.3443 0.2308 0.5050 0.1507 0.1135
2470 0.3909 0.3550 0.2388 0.4929 0.1521 0.1161
2475 0.3780 0.3676 0.2300 0.4844 0.1480 0.1376
2480 0.3746 0.3772 0.2324 0.4806 0.1422 0.1448
2485 0.3647 0.3711 0.2280 0.4922 0.1367 0.1431
2490 0.3542 0.3656 0.2289 0.5091 0.1253 0.1367
2495 0.3576 0.3745 0.2291 0.4970 0.1285 0.1454
2500 0.3455 0.3510 0.2108 0.5143 0.1347 0.1402
2505 0.3536 0.3411 0.2169 0.5222 0.1367 0.1242
2510 0.3646 0.3574 0.2248 0.5028 0.1398 0.1326
2515 0.3557 0.3570 0.2195 0.5068 0.1363 0.1375
2520 0.3717 0.3623 0.2260 0.4920 0.1457 0.1363
2525 0.3675 0.3784 0.2364 0.4905 0.1311 0.1421
2530 0.3547 0.3926 0.2311 0.4838 0.1236 0.1616
2535 0.3406 0.3977 0.2337 0.4954 0.1070 0.1640
2540 0.3368 0.3816 0.2210 0.5025 0.1158 0.1606
2545 0.3606 0.3658 0.2346 0.5082 0.1260 0.1312
2550 0.3672 0.3595 0.2301 0.5034 0.1370 0.1294
2555 0.3725 0.3458 0.2205 0.5022 0.1520 0.1253
2560 0.3931 0.3388 0.2163 0.4844 0.1768 0.1225
2565 0.3882 0.3544 0.2195 0.4769 0.1687 0.1349
2570 0.3800 0.3809 0.2269 0.4661 0.1530 0.1539
2575 0.3775 0.3874 0.2247 0.4597 0.1529 0.1628
2580 0.3743 0.3858 0.2410 0.4809 0.1334 0.1448
2585 0.3541 0.3717 0.2297 0.5039 0.1244 0.1421
2590 0.3627 0.3929 0.2451 0.4894 0.1177 0.1478
2595 0.3519 0.3850 0.2445 0.5075 0.1075 0.1405
2600 0.3582 0.3874 0.2431 0.4975 0.1151 0.1443
2605 0.3535 0.3867 0.2468 0.5066 0.1067 0.1399
2610 0.3641 0.3679 0.2413 0.5092 0.1228 0.1267
2615 0.3678 0.3528 0.2237 0.5031 0.1440 0.1291
2620 0.3643 0.3519 0.2201 0.5039 0.1442 0.1318
2625 0.3751 0.3342 0.2094 0.5001 0.1657 0.1248
2630 0.3847 0.3224 0.2056 0.4986 0.1791 0.1168
2635 0.3751 0.3242 0.2096 0.5103 0.1655 0.1146
2640 0.3919 0.3458 0.2416 0.5039 0.1503 0.1043
2645 0.3765 0.3673 0.2344 0.4906 0.1421 0.1329
2650 0.3967 0.3813 0.2495 0.4714 0.1472 0.1318
2655 0.4021 0.3730 0.2501 0.4751 0.1520 0.1228
2660 0.4012 0.3757 0.2532 0.4763 0.1480 0.1225
2665 0.3970 0.3724 0.2506 0.4812 0.1465 0.1218
2670 0.4012 0.3504 0.2347 0.4832 0.1664 0.1157
2675 0.3847 0.3533 0.2277 0.4897 0.1570 0.1256
2680 0.3865 0.3615 0.2309 0.4829 0.1556 0.1306
2685 0.4102 0.3641 0.2369 0.4626 0.1733 0.1273
2690 0.4162 0.3781 0.2554 0.4611 0.1608 0.1227
2695 0.4236 0.3748 0.2518 0.4534 0.1718 0.1230
2700 0.3946 0.3560 0.2498 0.4992 0.1448 0.1062
2705 0.3914 0.3641 0.2477 0.4922 0.1437 0.1164
2710 0.3903 0.3707 0.2507 0.4897 0.1396 0.1200
2715 0.4013 0.3591 0.2605 0.5001 0.1408 0.0986
2720 0.3993 0.3754 0.2708 0.4961 0.1285 0.1046
2725 0.4045 0.3722 0.2634 0.4867 0.1411 0.1088
2730 0.3986 0.3836 0.2658 0.4836 0.1328 0.1178
2735 0.3853 0.3923 0.2468 0.4691 0.1385 0.1456
2740 0.3583 0.3943 0.2375 0.4848 0.1209 0.1568
2745 0.3400 0.4053 0.2358 0.4905 0.1043 0.1695
2750 0.3506 0.4114 0.2408 0.4789 0.1097 0.1706
2755 0.3774 0.3993 0.2597 0.4830 0.1177 0.1396
2760 0.4044 0.3881 0.2647 0.4723 0.1396 0.1233
2765 0.4095 0.3652 0.2571 0.4824 0.1524 0.1081
2770 0.3845 0.3503 0.2242 0.4894 0.1603 0.1260
2775 0.3911 0.3634 0.2326 0.4781 0.1585 0.1308
2780 0.3752 0.3679 0.2300 0.4868 0.1453 0.1379
2785 0.3661 0.3690 0.2279 0.4928 0.1382 0.1411
2790 0.3574 0.3757 0.2326 0.4995 0.1248 0.1431
2795 0.3448 0.3641 0.2244 0.5155 0.1204 0.1398
2800 0.3484 0.3359 0.2236 0.5392 0.1248 0.1123
2805 0.3507 0.3307 0.2183 0.5368 0.1324 0.1125
2810 0.3489 0.3300 0.2210 0.5421 0.1279 0.1090
2815 0.3682 0.3285 0.2186 0.5219 0.1497 0.1099
2820 0.3923 0.3236 0.2245 0.5086 0.1678 0.0991
2825 0.4016 0.3314 0.2271 0.4941 0.1745 0.1043
2830 0.3862 0.3469 0.2286 0.4955 0.1576 0.1183
2835 0.3893 0.3516 0.2280 0.4871 0.1613 0.1236
2840 0.3804 0.3439 0.2289 0.5046 0.1515 0.1149
2845 0.3778 0.3522 0.2332 0.5031 0.1446 0.1190
2850 0.3867 0.3579 0.2359 0.4914 0.1507 0.1219
2855 0.3853 0.3513 0.2365 0.4999 0.1488 0.1148
2860 0.3621 0.3818 0.2376 0.4937 0.1245 0.1442
2865 0.3789 0.3845 0.2419 0.4784 0.1370 0.1427
2870 0.3922 0.3903 0.2466 0.4641 0.1456 0.1437
2875 0.3955 0.3890 0.2425 0.4580 0.1530 0.1465
2880 0.3801 0.3929 0.2256 0.4525 0.1545 0.1674
2885 0.3943 0.3827 0.2251 0.4481 0.1692 0.1576
2890 0.3909 0.3714 0.2084 0.4460 0.1826 0.1631
2895 0.3973 0.3571 0.2074 0.4530 0.1899 0.1497
2900 0.3938 0.3576 0.1989 0.4475 0.1949 0.1587
2905 0.3960 0.3632 0.2080 0.4489 0.1879 0.1552
2910 0.3807 0.3759 0.2175 0.4609 0.1632 0.1584
2915 0.3681 0.3717 0.2219 0.4821 0.1462 0.1498
2920 0.3493 0.3734 0.2192 0.4964 0.1302 0.1542
2925 0.3623 0.3871 0.2288 0.4793 0.1335 0.1584
2930 0.3559 0.3945 0.2204 0.4701 0.1355 0.1741
2935 0.3608 0.3993 0.2256 0.4655 0.1352 0.1738
2940 0.3673 0.4091 0.2414 0.4650 0.1259 0.1677
2945 0.3629 0.3957 0.2253 0.4667 0.1376 0.1704
2950 0.3809 0.3906 0.2335 0.4620 0.1474 0.1571
2955 0.3928 0.3771 0.2285 0.4586 0.1643 0.1486
2960 0.4002 0.3852 0.2373 0.4519 0.1629 0.1478
2965 0.3919 0.3574 0.2094 0.4601 0.1824 0.1480
2970 0.3788 0.3486 0.2055 0.4781 0.1733 0.1431
2975 0.3928 0.3446 0.2036 0.4662 0.1891 0.1410
2980 0.3954 0.3589 0.1997 0.4454 0.1957 0.1593
2985 0.3801 0.3685 0.1984 0.4498 0.1817 0.1701
2990 0.3784 0.3664 0.1962 0.4513 0.1823 0.1702
2995 0.3810 0.3681 0.1940 0.4449 0.1870 0.1741
3000 0.4210 0.3772 0.2311 0.4329 0.1899 0.1462
3005 0.4265 0.3812 0.2376 0.4300 0.1888 0.1436
3010 0.4283 0.3826 0.2405 0.4297 0.1878 0.1421
3015 0.4242 0.3824 0.2436 0.4370 0.1806 0.1389
3020 0.3958 0.3923 0.2365 0.4484 0.1593 0.1558
3025 0.4034 0.3896 0.2361 0.4431 0.1674 0.1535
3030 0.4044 0.3836 0.2358 0.4478 0.1686 0.1478
3035 0.3948 0.3937 0.2449 0.4565 0.1498 0.1488
3040 0.3945 0.4027 0.2536 0.4565 0.1408 0.1491
3045 0.3948 0.4091 0.2507 0.4469 0.1440 0.1584
3050 0.3884 0.4150 0.2506 0.4472 0.1378 0.1645
3055 0.4077 0.4188 0.2676 0.4411 0.1401 0.1512
3060 0.3983 0.4129 0.2644 0.4533 0.1338 0.1485
3065 0.4015 0.4260 0.2707 0.4432 0.1308 0.1553
3070 0.4066 0.4121 0.2622 0.4434 0.1445 0.1500
3075 0.3906 0.4015 0.2509 0.4588 0.1398 0.1506
3080 0.3900 0.3824 0.2484 0.4760 0.1416 0.1340
3085 0.4137 0.3920 0.2524 0.4467 0.1613 0.1396
3090 0.3957 0.3806 0.2449 0.4687 0.1507 0.1357
3095 0.4034 0.3856 0.2545 0.4655 0.1489 0.1311
3100 0.4022 0.3727 0.2465 0.4716 0.1558 0.1262
3105 0.3955 0.3850 0.2442 0.4636 0.1513 0.1408
3110 0.3724 0.3762 0.2263 0.4778 0.1460 0.1498
3115 0.3548 0.3902 0.2280 0.4830 0.1268 0.1622
3120 0.3557 0.3887 0.2237 0.4793 0.1320 0.1649
3125 0.3655 0.3896 0.2242 0.4691 0.1413 0.1654
3130 0.3673 0.3870 0.2216 0.4673 0.1457 0.1654
3135 0.3635 0.3824 0.2173 0.4714 0.1462 0.1651
3140 0.3690 0.3806 0.2125 0.4629 0.1565 0.1681
3145 0.3816 0.3821 0.2102 0.4464 0.1715 0.1719
3150 0.3841 0.3859 0.2077 0.4377 0.1763 0.1782
3155 0.4056 0.3806 0.2183 0.4321 0.1873 0.1623
3160 0.4175 0.3897 0.2315 0.4243 0.1859 0.1582
3165 0.4161 0.4073 0.2379 0.4146 0.1782 0.1693
3170 0.4120 0.4004 0.2369 0.4245 0.1751 0.1635
3175 0.4036 0.3928 0.2201 0.4237 0.1835 0.1727
3180 0.4037 0.3881 0.2282 0.4364 0.1756 0.1599
3185 0.4013 0.4112 0.2369 0.4243 0.1645 0.1744
3190 0.4152 0.4167 0.2419 0.4100 0.1733 0.1748
3195 0.4059 0.4210 0.2483 0.4214 0.1576 0.1727
3200 0.3737 0.4031 0.2207 0.4438 0.1530 0.1824
3205 0.3606 0.3634 0.2176 0.4937 0.1430 0.1457
3210 0.3704 0.3445 0.2213 0.5065 0.1491 0.1232
3215 0.3916 0.3414 0.2379 0.5050 0.1536 0.1035
3220 0.4088 0.3608 0.2547 0.4851 0.1541 0.1061
3225 0.4138 0.3681 0.2580 0.4761 0.1558 0.1100
3230 0.4237 0.3882 0.2619 0.4499 0.1619 0.1264
3235 0.4237 0.3882 0.2527 0.4408 0.1710 0.1355
3240 0.4012 0.4138 0.2463 0.4313 0.1549 0.1675
3245 0.4016 0.4393 0.2586 0.4178 0.1430 0.1806
3250 0.4234 0.4388 0.2647 0.4025 0.1587 0.1741
3255 0.4480 0.4438 0.2762 0.3844 0.1718 0.1677
3260 0.4350 0.4368 0.2676 0.3958 0.1674 0.1692
3265 0.4292 0.4444 0.2669 0.3932 0.1623 0.1776
3270 0.4127 0.4397 0.2515 0.3990 0.1613 0.1882
3275 0.4045 0.4336 0.2498 0.4117 0.1547 0.1838
3280 0.3923 0.4219 0.2300 0.4158 0.1623 0.1919
3285 0.3960 0.4150 0.2265 0.4155 0.1695 0.1885
3290 0.4193 0.4074 0.2330 0.4063 0.1863 0.1744
3295 0.4280 0.3928 0.2419 0.4211 0.1861 0.1509
3300 0.4297 0.3916 0.2580 0.4368 0.1716 0.1335
3305 0.4144 0.3902 0.2449 0.4403 0.1695 0.1453
3310 0.4034 0.3820 0.2369 0.4515 0.1666 0.1451
3315 0.4030 0.3780 0.2410 0.4600 0.1620 0.1370
3320 0.4091 0.3937 0.2364 0.4336 0.1727 0.1573
3325 0.4094 0.4143 0.2353 0.4117 0.1741 0.1789
3330 0.4118 0.4297 0.2358 0.3943 0.1760 0.1939
3335 0.4076 0.4374 0.2411 0.3961 0.1664 0.1963
3340 0.4047 0.4454 0.2352 0.3852 0.1695 0.2102
3345 0.4105 0.4499 0.2341 0.3737 0.1763 0.2158
3350 0.3879 0.4387 0.2337 0.4071 0.1542 0.2050
3355 0.3855 0.4137 0.2210 0.4219 0.1645 0.1927
3360 0.3967 0.4012 0.2271 0.4292 0.1696 0.1741
3365 0.3786 0.3919 0.2204 0.4499 0.1582 0.1715
3370 0.3641 0.3913 0.1962 0.4408 0.1680 0.1951
3375 0.3487 0.4124 0.1919 0.4307 0.1568 0.2205
3380 0.3413 0.4193 0.1786 0.4181 0.1626 0.2407
3385 0.3390 0.4246 0.1849 0.4213 0.1541 0.2398
3390 0.3253 0.4271 0.1969 0.4446 0.1283 0.2301
3395 0.3378 0.4324 0.2144 0.4443 0.1233 0.2180
3400 0.3365 0.4437 0.2224 0.4422 0.1142 0.2213
3405 0.3362 0.4422 0.2212 0.4428 0.1151 0.2210
3410 0.3239 0.4275 0.2146 0.4632 0.1093 0.2129
3415 0.3312 0.4214 0.2128 0.4601 0.1184 0.2087
3420 0.3254 0.4098 0.2045 0.4693 0.1209 0.2053
3425 0.3109 0.4134 0.1930 0.4687 0.1180 0.2204
3430 0.3259 0.4002 0.1920 0.4659 0.1338 0.2082
3435 0.3216 0.3960 0.1948 0.4772 0.1268 0.2012
3440 0.3577 0.4100 0.2105 0.4428 0.1472 0.1995
3445 0.3752 0.4091 0.2134 0.4291 0.1619 0.1957
3450 0.3844 0.4187 0.2114 0.4083 0.1730 0.2073
3455 0.3731 0.4294 0.2116 0.4091 0.1616 0.2178
3460 0.3693 0.4205 0.2135 0.4237 0.1558 0.2070
3465 0.3806 0.4073 0.2154 0.4275 0.1652 0.1919
3470 0.3905 0.4208 0.2369 0.4255 0.1536 0.1840
3475 0.3833 0.3996 0.2347 0.4518 0.1486 0.1649
3480 0.3733 0.3832 0.2236 0.4672 0.1497 0.1596
3485 0.3716 0.3789 0.2233 0.4728 0.1483 0.1556
3490 0.3676 0.3768 0.2120 0.4676 0.1556 0.1648
3495 0.3669 0.3634 0.2084 0.4781 0.1585 0.1550
3500 0.3699 0.3624 0.1992 0.4668 0.1707 0.1632
3505 0.3649 0.3632 0.1963 0.4682 0.1686 0.1669
3510 0.3660 0.3528 0.1904 0.4716 0.1756 0.1625
3515 0.3637 0.3376 0.1951 0.4938 0.1686 0.1425
3520 0.3765 0.3486 0.2045 0.4795 0.1719 0.1440
3525 0.3783 0.3635 0.2074 0.4656 0.1709 0.1561
3530 0.3884 0.3874 0.2149 0.4391 0.1734 0.1725
3535 0.3789 0.3862 0.2064 0.4412 0.1725 0.1799
3540 0.3679 0.3964 0.2137 0.4493 0.1542 0.1827
3545 0.3493 0.3972 0.1969 0.4504 0.1524 0.2003
3550 0.3623 0.3946 0.2077 0.4508 0.1545 0.1869
3555 0.3448 0.3881 0.1955 0.4627 0.1492 0.1925
3560 0.3480 0.3748 0.1984 0.4757 0.1495 0.1763
3565 0.3454 0.3530 0.1834 0.4850 0.1620 0.1696
3570 0.3405 0.3536 0.1888 0.4947 0.1517 0.1648
3575 0.3432 0.3742 0.1994 0.4819 0.1439 0.1748
3580 0.3371 0.3752 0.1905 0.4781 0.1466 0.1847
3585 0.3739 0.3906 0.2176 0.4531 0.1562 0.1730
3590 0.3701 0.4063 0.2234 0.4470 0.1466 0.1829
3595 0.3807 0.4060 0.2216 0.4348 0.1591 0.1844
3600 0.3816 0.4044 0.2414 0.4554 0.1402 0.1629
3605 0.3826 0.4146 0.2413 0.4441 0.1413 0.1733
3610 0.3951 0.4237 0.2533 0.4345 0.1417 0.1704
3615 0.3977 0.4239 0.2594 0.4379 0.1382 0.1645
3620 0.4088 0.4149 0.2475 0.4239 0.1613 0.1674
3625 0.4088 0.3958 0.2341 0.4295 0.1747 0.1617
3630 0.3998 0.4044 0.2344 0.4303 0.1654 0.1699
3635 0.3749 0.4217 0.2273 0.4306 0.1477 0.1945
3640 0.3556 0.4275 0.2239 0.4408 0.1317 0.2036
3645 0.3535 0.4274 0.2277 0.4469 0.1257 0.1997
3650 0.3670 0.4118 0.2388 0.4600 0.1282 0.1730
3655 0.3629 0.4031 0.2399 0.4739 0.1230 0.1632
3660 0.3670 0.4188 0.2396 0.4537 0.1274 0.1792
3665 0.3714 0.4182 0.2280 0.4383 0.1434 0.1902
3670 0.3839 0.4277 0.2399 0.4283 0.1440 0.1878
3675 0.4034 0.4315 0.2430 0.4080 0.1605 0.1885
3680 0.4066 0.4324 0.2420 0.4030 0.1646 0.1904
3685 0.4283 0.4258 0.2562 0.4021 0.1721 0.1696
3690 0.4102 0.4111 0.2487 0.4275 0.1614 0.1623
3695 0.3946 0.4141 0.2458 0.4371 0.1488 0.1683
3700 0.3873 0.3890 0.2247 0.4484 0.1626 0.1643
3705 0.3624 0.3737 0.2041 0.4679 0.1584 0.1696
3710 0.3724 0.3614 0.2122 0.4784 0.1602 0.1492
3715 0.3798 0.3608 0.2134 0.4728 0.1664 0.1474
3720 0.3728 0.3655 0.2050 0.4667 0.1678 0.1605
3725 0.3664 0.3673 0.2106 0.4769 0.1558 0.1567
3730 0.3660 0.3926 0.2114 0.4528 0.1545 0.1812
3735 0.3698 0.4098 0.2419 0.4623 0.1279 0.1680
3740 0.3827 0.4170 0.2567 0.4569 0.1260 0.1603
3745 0.3719 0.3858 0.2391 0.4815 0.1328 0.1466
3750 0.3812 0.3813 0.2408 0.4783 0.1404 0.1405
3755 0.3842 0.3704 0.2266 0.4720 0.1576 0.1437
3760 0.3887 0.3661 0.2184 0.4636 0.1702 0.1477
3765 0.3855 0.3733 0.2155 0.4568 0.1699 0.1578
3770 0.3803 0.3820 0.2227 0.4604 0.1576 0.1593
3775 0.3716 0.3868 0.2116 0.4531 0.1600 0.1753
3780 0.3859 0.3731 0.2187 0.4597 0.1672 0.1544
3785 0.3935 0.3804 0.2172 0.4432 0.1763 0.1632
3790 0.3963 0.3839 0.2306 0.4504 0.1657 0.1533
3795 0.4028 0.3765 0.2303 0.4510 0.1725 0.1462
3800 0.4030 0.3673 0.2164 0.4461 0.1866 0.1509
3805 0.4146 0.3585 0.2198 0.4467 0.1948 0.1387
3810 0.4219 0.3428 0.2079 0.4432 0.2140 0.1349
3815 0.4135 0.3406 0.2065 0.4524 0.2070 0.1341
3820 0.4044 0.3499 0.2193 0.4650 0.1850 0.1306
3825 0.3812 0.3579 0.2151 0.4760 0.1661 0.1428
3830 0.3893 0.3754 0.2244 0.4597 0.1649 0.1510
3835 0.3708 0.3946 0.2247 0.4592 0.1462 0.1699
3840 0.3748 0.3952 0.2362 0.4662 0.1385 0.1590
3845 0.3792 0.4059 0.2381 0.4530 0.1411 0.1678
3850 0.3783 0.3859 0.2198 0.4556 0.1585 0.1661
3855 0.3784 0.3838 0.2213 0.4591 0.1571 0.1625
3860 0.3687 0.3684 0.2119 0.4748 0.1568 0.1565
3865 0.3632 0.3646 0.2047 0.4769 0.1585 0.1599
3870 0.3707 0.3688 0.2003 0.4608 0.1704 0.1686
3875 0.3655 0.3602 0.1879 0.4623 0.1776 0.1722
3880 0.3672 0.3553 0.1863 0.4638 0.1809 0.1690
3885 0.3733 0.3361 0.1776 0.4682 0.1957 0.1585
3890 0.3771 0.3272 0.1811 0.4768 0.1960 0.1462
3895 0.3772 0.3379 0.1936 0.4784 0.1837 0.1443
3900 0.3676 0.3600 0.2053 0.4777 0.1623 0.1547
3905 0.3676 0.3765 0.1989 0.4548 0.1687 0.1776
3910 0.3539 0.3722 0.1817 0.4556 0.1722 0.1905
3915 0.3679 0.3806 0.1853 0.4368 0.1826 0.1952
3920 0.3710 0.3620 0.1783 0.4454 0.1927 0.1837
3925 0.3684 0.3536 0.1715 0.4495 0.1969 0.1821
3930 0.3824 0.3246 0.1698 0.4627 0.2126 0.1549
3935 0.3902 0.3292 0.1991 0.4797 0.1911 0.1302
3940 0.3810 0.3614 0.2000 0.4576 0.1811 0.1614
3945 0.3917 0.3853 0.2202 0.4432 0.1715 0.1651
3950 0.3724 0.3986 0.2210 0.4501 0.1513 0.1776
3955 0.3807 0.3856 0.2172 0.4508 0.1635 0.1684
3960 0.3707 0.3772 0.2116 0.4636 0.1591 0.1657
3965 0.3752 0.3358 0.1829 0.4719 0.1923 0.1529
3970 0.3783 0.3248 0.1681 0.4650 0.2102 0.1567
3975 0.3778 0.3211 0.1634 0.4644 0.2144 0.1578
3980 0.3815 0.3282 0.1776 0.4679 0.2039 0.1506
3985 0.3710 0.3376 0.1841 0.4755 0.1869 0.1535
3990 0.3682 0.3399 0.1882 0.4801 0.1800 0.1517
3995 0.3760 0.3368 0.1902 0.4774 0.1858 0.1466
4000 0.3542 0.3481 0.1706 0.4682 0.1837 0.1776
4005 0.3579 0.3474 0.1763 0.4711 0.1815 0.1710
4010 0.3567 0.3435 0.1773 0.4771 0.1794 0.1663
4015 0.3599 0.3469 0.1831 0.4763 0.1768 0.1638
4020 0.3704 0.3618 0.1934 0.4612 0.1770 0.1684
4025 0.3845 0.3681 0.2103 0.4577 0.1742 0.1578
4030 0.3984 0.3788 0.2212 0.4440 0.1773 0.1576
4035 0.4111 0.3754 0.2260 0.4396 0.1850 0.1494
4040 0.4161 0.3402 0.2180 0.4617 0.1981 0.1222
4045 0.4178 0.3370 0.2087 0.4539 0.2091 0.1283
4050 0.4057 0.3251 0.1951 0.4643 0.2106 0.1300
4055 0.4012 0.3251 0.1861 0.4598 0.2151 0.1390
4060 0.3946 0.3192 0.1753 0.4615 0.2193 0.1439
4065 0.3963 0.3306 0.1754 0.4486 0.2209 0.1552
4070 0.3871 0.3483 0.1809 0.4455 0.2062 0.1674
4075 0.3879 0.3664 0.2006 0.4463 0.1873 0.1658
4080 0.3783 0.3861 0.1978 0.4335 0.1805 0.1882
4085 0.3611 0.3931 0.1928 0.4387 0.1683 0.2003
4090 0.3606 0.3908 0.1952 0.4438 0.1654 0.1955
4095 0.3634 0.3570 0.1843 0.4640 0.1791 0.1727
4100 0.3652 0.3570 0.1928 0.4707 0.1724 0.1642
4105 0.3562 0.3515 0.1896 0.4819 0.1666 0.1619
4110 0.3608 0.3609 0.2024 0.4807 0.1584 0.1585
4115 0.3507 0.3518 0.1902 0.4877 0.1605 0.1616
4120 0.3492 0.3585 0.1980 0.4903 0.1512 0.1605
4125 0.3512 0.3528 0.1981 0.4941 0.1530 0.1547
4130 0.3644 0.3551 0.2020 0.4824 0.1625 0.1532
4135 0.3713 0.3606 0.1957 0.4638 0.1756 0.1649
4140 0.3981 0.3660 0.2029 0.4388 0.1952 0.1631
4145 0.3864 0.3762 0.1983 0.4358 0.1881 0.1779
4150 0.3908 0.3650 0.1971 0.4412 0.1937 0.1680
4155 0.3945 0.3560 0.2099 0.4594 0.1846 0.1462
4160 0.4106 0.3724 0.2199 0.4370 0.1907 0.1524
4165 0.4024 0.3823 0.2187 0.4341 0.1837 0.1635
4170 0.3992 0.3850 0.2085 0.4243 0.1907 0.1765
4175 0.3868 0.4074 0.2117 0.4175 0.1751 0.1957
4180 0.3890 0.3887 0.2144 0.4368 0.1745 0.1742
4185 0.3864 0.3932 0.2149 0.4353 0.1715 0.1783
4190 0.3763 0.3885 0.1904 0.4255 0.1859 0.1981
4195 0.3841 0.3993 0.1928 0.4094 0.1913 0.2065
4200 0.3909 0.4073 0.2024 0.4042 0.1885 0.2048
4205 0.3996 0.3984 0.2070 0.4089 0.1927 0.1914
4210 0.3989 0.3818 0.1885 0.4079 0.2103 0.1933
4215 0.3897 0.3704 0.1843 0.4242 0.2055 0.1861
4220 0.3704 0.3571 0.1887 0.4612 0.1817 0.1684
4225 0.3631 0.3647 0.1888 0.4611 0.1742 0.1759
4230 0.3810 0.3676 0.1908 0.4422 0.1902 0.1768
4235 0.3775 0.3536 0.1823 0.4512 0.1952 0.1713
4240 0.3733 0.3594 0.1841 0.4515 0.1891 0.1753
4245 0.3719 0.3527 0.1800 0.4554 0.1919 0.1727
4250 0.3600 0.3487 0.1803 0.4716 0.1797 0.1684
4255 0.3672 0.3624 0.1823 0.4527 0.1849 0.1802
4260 0.3664 0.3620 0.1818 0.4534 0.1846 0.1802
4265 0.3845 0.3554 0.1954 0.4554 0.1891 0.1600
4270 0.3951 0.3531 0.2105 0.4623 0.1846 0.1427
