19000 0.4055 0.3752 0.1335 0.3528 0.2720 0.2417
19005 0.4044 0.3802 0.1424 0.3578 0.2620 0.2378
19010 0.4080 0.3774 0.1549 0.3695 0.2531 0.2225
19015 0.3923 0.3670 0.1456 0.3863 0.2467 0.2214
19020 0.3350 0.3820 0.1299 0.4130 0.2051 0.2520
19025 0.3261 0.3823 0.1121 0.4037 0.2140 0.2702
19030 0.3047 0.3905 0.1079 0.4126 0.1969 0.2827
19035 0.3101 0.4001 0.1349 0.4247 0.1752 0.2652
19040 0.2987 0.3863 0.1299 0.4450 0.1687 0.2563
19045 0.3158 0.3702 0.1467 0.4607 0.1691 0.2236
19050 0.3247 0.3973 0.1648 0.4429 0.1598 0.2325
19055 0.3314 0.3966 0.1549 0.4268 0.1766 0.2417
19060 0.3421 0.4019 0.1577 0.4137 0.1844 0.2442
19065 0.3368 0.4286 0.1488 0.3834 0.1880 0.2798
19070 0.3745 0.4162 0.1680 0.3774 0.2065 0.2481
19075 0.3820 0.4368 0.1841 0.3653 0.1979 0.2528
19080 0.4172 0.3848 0.1684 0.3663 0.2488 0.2164
19085 0.4023 0.3606 0.1545 0.3916 0.2478 0.2061
19090 0.4037 0.3389 0.1513 0.4087 0.2524 0.1876
19095 0.3784 0.3731 0.1606 0.4090 0.2179 0.2125
19100 0.3717 0.3959 0.1534 0.3859 0.2182 0.2424
19105 0.4055 0.4176 0.1744 0.3514 0.2310 0.2431
19110 0.4133 0.4443 0.1837 0.3261 0.2296 0.2606
19115 0.3994 0.4311 0.1798 0.3492 0.2197 0.2513
19120 0.3613 0.4315 0.1841 0.3912 0.1773 0.2474
19125 0.3574 0.4058 0.1659 0.4026 0.1915 0.2399
19130 0.3560 0.4012 0.1495 0.3923 0.2065 0.2517
19135 0.3770 0.4001 0.1716 0.3944 0.2054 0.2286
19140 0.4016 0.3884 0.1677 0.3777 0.2339 0.2207
19145 0.3802 0.3613 0.1559 0.4144 0.2243 0.2054
19150 0.3944 0.3428 0.1645 0.4272 0.2300 0.1784
19155 0.3966 0.3375 0.1773 0.4432 0.2193 0.1602
19160 0.3688 0.3820 0.1791 0.4283 0.1897 0.2029
19165 0.4126 0.4311 0.2239 0.3802 0.1887 0.2072
19170 0.3984 0.4236 0.2161 0.3941 0.1823 0.2075
19175 0.4368 0.4340 0.2585 0.3877 0.1784 0.1755
19180 0.4286 0.4425 0.2592 0.3880 0.1695 0.1833
19185 0.4026 0.4742 0.2748 0.3980 0.1278 0.1994
19190 0.3927 0.4632 0.2389 0.3831 0.1538 0.2243
19195 0.3300 0.4539 0.1954 0.4115 0.1346 0.2585
19200 0.3197 0.4155 0.1420 0.4069 0.1776 0.2734
19205 0.3133 0.3809 0.1271 0.4329 0.1862 0.2538
19210 0.3076 0.3941 0.1214 0.4197 0.1862 0.2727
19215 0.3026 0.3859 0.1342 0.4457 0.1684 0.2517
19220 0.3343 0.4073 0.1687 0.4272 0.1655 0.2385
19225 0.3599 0.4165 0.1837 0.4073 0.1762 0.2328
19230 0.3734 0.4151 0.1873 0.3987 0.1862 0.2278
19235 0.3710 0.4030 0.1830 0.4090 0.1880 0.2200
19240 0.3653 0.3977 0.1897 0.4268 0.1755 0.2079
19245 0.3503 0.3823 0.1841 0.4514 0.1663 0.1983
19250 0.3375 0.3791 0.1645 0.4478 0.1730 0.2147
19255 0.3329 0.4062 0.1677 0.4286 0.1652 0.2385
19260 0.3321 0.4005 0.1645 0.4318 0.1677 0.2360
19265 0.3813 0.4204 0.1901 0.3884 0.1912 0.2303
19270 0.3841 0.4404 0.2182 0.3937 0.1659 0.2221
19275 0.3880 0.4115 0.2136 0.4140 0.1744 0.1979
19280 0.4069 0.3802 0.2129 0.4258 0.1940 0.1673
19285 0.4048 0.3361 0.2075 0.4667 0.1972 0.1285
19290 0.4265 0.3311 0.1976 0.4400 0.2289 0.1335
19295 0.4144 0.3375 0.2058 0.4539 0.2086 0.1317
19300 0.4322 0.3777 0.2325 0.4226 0.1997 0.1452
19305 0.3980 0.4115 0.2200 0.4105 0.1780 0.1915
19310 0.3731 0.4069 0.2261 0.4461 0.1470 0.1808
19315 0.3574 0.3962 0.2001 0.4464 0.1574 0.1962
19320 0.3603 0.4122 0.1823 0.4098 0.1780 0.2300
19325 0.3834 0.4144 0.1641 0.3663 0.2193 0.2503
19330 0.3674 0.4343 0.1698 0.3681 0.1976 0.2645
19335 0.3656 0.4009 0.1595 0.3930 0.2061 0.2414
19340 0.3631 0.4429 0.1798 0.3738 0.1833 0.2631
19345 0.3603 0.4639 0.1848 0.3606 0.1755 0.2791
19350 0.3467 0.4742 0.2111 0.3902 0.1356 0.2631
19355 0.3378 0.4603 0.2079 0.4098 0.1299 0.2524
19360 0.3026 0.4642 0.2015 0.4347 0.1011 0.2627
19365 0.3265 0.4354 0.1858 0.4240 0.1406 0.2496
19370 0.3321 0.4144 0.1808 0.4343 0.1513 0.2335
19375 0.3546 0.4158 0.1986 0.4283 0.1559 0.2172
19380 0.3621 0.4062 0.1951 0.4268 0.1670 0.2111
19385 0.3225 0.4058 0.1933 0.4649 0.1292 0.2125
19390 0.3054 0.4080 0.1538 0.4404 0.1517 0.2542
19395 0.3026 0.4048 0.1452 0.4379 0.1574 0.2595
19400 0.3097 0.3941 0.1282 0.4244 0.1816 0.2659
19405 0.2926 0.3745 0.1164 0.4493 0.1762 0.2581
19410 0.3176 0.3421 0.1221 0.4624 0.1954 0.2200
19415 0.3524 0.3193 0.1129 0.4411 0.2396 0.2065
19420 0.3998 0.3396 0.1331 0.3937 0.2666 0.2065
19425 0.3895 0.3873 0.1428 0.3660 0.2467 0.2446
19430 0.4112 0.4357 0.1752 0.3282 0.2360 0.2606
19435 0.4176 0.4493 0.1901 0.3232 0.2275 0.2592
19440 0.4101 0.4197 0.1791 0.3492 0.2310 0.2407
19445 0.3731 0.3934 0.1659 0.3994 0.2072 0.2275
19450 0.3635 0.3831 0.1716 0.4251 0.1919 0.2115
19455 0.3503 0.3863 0.1492 0.4126 0.2011 0.2371
19460 0.3660 0.3863 0.1638 0.4115 0.2022 0.2225
19465 0.3653 0.3991 0.1663 0.4019 0.1990 0.2328
19470 0.3823 0.4012 0.1677 0.3841 0.2147 0.2335
19475 0.3848 0.4101 0.1541 0.3592 0.2307 0.2560
19480 0.3478 0.4361 0.1321 0.3482 0.2157 0.3040
19485 0.3489 0.4268 0.1549 0.3791 0.1940 0.2720
19490 0.3307 0.4297 0.1620 0.4016 0.1687 0.2677
19495 0.3329 0.4436 0.1549 0.3784 0.1780 0.2887
19500 0.3325 0.4379 0.1627 0.3923 0.1698 0.2752
19505 0.3592 0.4279 0.1798 0.3927 0.1794 0.2481
19510 0.3788 0.4080 0.1812 0.3944 0.1976 0.2268
19515 0.3977 0.3948 0.1873 0.3948 0.2104 0.2075
19520 0.4041 0.4005 0.1848 0.3802 0.2193 0.2157
19525 0.4162 0.3955 0.1897 0.3781 0.2264 0.2058
19530 0.3777 0.4108 0.1937 0.4051 0.1841 0.2172
19535 0.3734 0.4041 0.2054 0.4279 0.1680 0.1986
19540 0.3507 0.3937 0.1865 0.4422 0.1641 0.2072
19545 0.3432 0.4001 0.1865 0.4432 0.1566 0.2136
19550 0.3215 0.4098 0.1937 0.4624 0.1278 0.2161
19555 0.3460 0.4144 0.2296 0.4692 0.1164 0.1848
19560 0.3485 0.3955 0.2197 0.4756 0.1289 0.1759
19565 0.3539 0.3895 0.2161 0.4728 0.1378 0.1734
19570 0.3749 0.3902 0.2186 0.4535 0.1563 0.1716
19575 0.3827 0.3962 0.2385 0.4596 0.1442 0.1577
19580 0.3475 0.3898 0.2029 0.4656 0.1445 0.1869
19585 0.3289 0.3649 0.1666 0.4728 0.1623 0.1983
19590 0.3272 0.3685 0.1641 0.4685 0.1630 0.2043
19595 0.3660 0.3948 0.1823 0.4215 0.1837 0.2125
19600 0.3873 0.3738 0.1805 0.4194 0.2068 0.1933
19605 0.3791 0.3813 0.1684 0.4080 0.2108 0.2129
19610 0.3503 0.3731 0.1584 0.4350 0.1919 0.2147
19615 0.3535 0.3653 0.1556 0.4368 0.1979 0.2097
19620 0.3884 0.3517 0.1794 0.4393 0.2090 0.1723
19625 0.3827 0.3603 0.1755 0.4325 0.2072 0.1848
19630 0.4208 0.3542 0.1933 0.4183 0.2275 0.1609
19635 0.4012 0.3681 0.1837 0.4144 0.2175 0.1844
19640 0.4087 0.3706 0.1773 0.3980 0.2314 0.1933
19645 0.4051 0.3806 0.1830 0.3973 0.2221 0.1976
19650 0.3677 0.3855 0.1830 0.4297 0.1848 0.2026
19655 0.3795 0.3677 0.1805 0.4333 0.1990 0.1873
19660 0.3823 0.3645 0.1848 0.4379 0.1976 0.1798
19665 0.3617 0.3507 0.1602 0.4478 0.2015 0.1905
19670 0.3895 0.3400 0.1602 0.4308 0.2293 0.1798
19675 0.3674 0.3496 0.1570 0.4400 0.2104 0.1926
19680 0.3895 0.3546 0.1712 0.4272 0.2182 0.1833
19685 0.3507 0.3460 0.1513 0.4546 0.1994 0.1947
19690 0.3371 0.3638 0.1502 0.4493 0.1869 0.2136
19695 0.3674 0.3613 0.1534 0.4247 0.2140 0.2079
19700 0.4055 0.3621 0.1435 0.3759 0.2620 0.2186
19705 0.3966 0.3596 0.1627 0.4066 0.2339 0.1969
19710 0.4069 0.3443 0.1506 0.3994 0.2563 0.1937
19715 0.4158 0.3567 0.1819 0.4094 0.2339 0.1748
19720 0.4069 0.3724 0.1926 0.4133 0.2143 0.1798
19725 0.3905 0.3777 0.2029 0.4347 0.1876 0.1748
19730 0.3720 0.4066 0.2108 0.4322 0.1613 0.1958
19735 0.3688 0.4016 0.1983 0.4279 0.1705 0.2033
19740 0.3624 0.3845 0.1794 0.4325 0.1830 0.2051
19745 0.3649 0.3984 0.1894 0.4261 0.1755 0.2090
19750 0.3674 0.4009 0.1897 0.4215 0.1776 0.2111
19755 0.3613 0.4055 0.2040 0.4372 0.1574 0.2015
19760 0.3766 0.4016 0.2097 0.4315 0.1670 0.1919
19765 0.3930 0.4133 0.2093 0.4030 0.1837 0.2040
19770 0.4144 0.4101 0.2118 0.3873 0.2026 0.1983
19775 0.4108 0.4048 0.1979 0.3823 0.2129 0.2068
19780 0.4315 0.4268 0.2350 0.3766 0.1965 0.1919
19785 0.4265 0.4261 0.2214 0.3688 0.2051 0.2047
19790 0.4336 0.3937 0.2036 0.3763 0.2300 0.1901
19795 0.4240 0.4012 0.1986 0.3734 0.2253 0.2026
19800 0.3980 0.3898 0.2011 0.4133 0.1969 0.1887
19805 0.3987 0.3998 0.2115 0.4130 0.1873 0.1883
19810 0.3987 0.4400 0.2300 0.3912 0.1687 0.2100
19815 0.3902 0.4389 0.2371 0.4080 0.1531 0.2019
19820 0.4386 0.4585 0.2517 0.3546 0.1869 0.2068
19825 0.4361 0.4422 0.2478 0.3695 0.1883 0.1944
19830 0.4347 0.3994 0.2182 0.3841 0.2164 0.1812
19835 0.4080 0.4016 0.1986 0.3891 0.2093 0.2029
19840 0.4001 0.4112 0.2207 0.4094 0.1794 0.1905
19845 0.4293 0.4144 0.2503 0.4066 0.1791 0.1641
19850 0.4105 0.4133 0.2271 0.4033 0.1833 0.1862
19855 0.4215 0.4379 0.2485 0.3891 0.1730 0.1894
19860 0.4247 0.4155 0.2221 0.3820 0.2026 0.1933
19865 0.4076 0.4389 0.2090 0.3624 0.1986 0.2300
19870 0.3802 0.4297 0.2043 0.3944 0.1759 0.2253
19875 0.3592 0.4144 0.1851 0.4115 0.1741 0.2293
19880 0.3613 0.3952 0.1712 0.4147 0.1901 0.2239
19885 0.3799 0.3880 0.1787 0.4108 0.2011 0.2093
19890 0.4233 0.3816 0.1883 0.3834 0.2350 0.1933
19895 0.4393 0.3959 0.1876 0.3524 0.2517 0.2083
19900 0.4258 0.4279 0.1865 0.3329 0.2392 0.2414
19905 0.4233 0.4461 0.1922 0.3229 0.2310 0.2538
19910 0.3930 0.4389 0.1784 0.3464 0.2147 0.2606
19915 0.3742 0.4293 0.1734 0.3699 0.2008 0.2560
19920 0.3560 0.4119 0.1684 0.4005 0.1876 0.2435
19925 0.3471 0.4461 0.1887 0.3955 0.1584 0.2574
19930 0.3403 0.4422 0.1798 0.3973 0.1606 0.2624
19935 0.3272 0.4461 0.1691 0.3959 0.1581 0.2770
19940 0.3147 0.4204 0.1524 0.4172 0.1623 0.2681
19945 0.3464 0.4151 0.1705 0.4090 0.1759 0.2446
19950 0.3934 0.4201 0.1958 0.3823 0.1976 0.2243
19955 0.4229 0.4347 0.2207 0.3631 0.2022 0.2140
19960 0.4468 0.4137 0.2407 0.3802 0.2061 0.1730
19965 0.4076 0.3920 0.2104 0.4108 0.1972 0.1816
19970 0.4026 0.3952 0.2068 0.4090 0.1958 0.1883
19975 0.3948 0.3895 0.2200 0.4357 0.1748 0.1695
19980 0.4105 0.3863 0.1979 0.4012 0.2125 0.1883
19985 0.4336 0.3813 0.2015 0.3866 0.2321 0.1798
19990 0.4368 0.3724 0.2015 0.3923 0.2353 0.1709
19995 0.4368 0.3734 0.1930 0.3827 0.2439 0.1805
