8000 0.4420 0.3356 0.1925 0.4149 0.2495 0.1431
8005 0.4447 0.3379 0.1887 0.4060 0.2561 0.1492
8010 0.4403 0.3408 0.1925 0.4114 0.2478 0.1483
8015 0.4414 0.3291 0.1805 0.4100 0.2609 0.1486
8020 0.4304 0.3563 0.1911 0.4044 0.2393 0.1652
8025 0.4098 0.3724 0.1978 0.4156 0.2120 0.1745
8030 0.4100 0.3745 0.2024 0.4179 0.2076 0.1721
8035 0.4356 0.3848 0.2352 0.4147 0.2004 0.1497
8040 0.4678 0.3791 0.2515 0.4047 0.2163 0.1276
8045 0.4595 0.3777 0.2394 0.4022 0.2201 0.1382
8050 0.4694 0.3719 0.2449 0.4036 0.2245 0.1270
8055 0.4493 0.3807 0.2289 0.3989 0.2204 0.1518
8060 0.4121 0.3816 0.2045 0.4108 0.2076 0.1771
8065 0.4077 0.3920 0.2010 0.4013 0.2067 0.1910
8070 0.3935 0.4016 0.2119 0.4167 0.1817 0.1898
8075 0.4319 0.3859 0.2233 0.4054 0.2087 0.1626
8080 0.4560 0.3650 0.2295 0.4085 0.2265 0.1355
8085 0.4790 0.3647 0.2393 0.3955 0.2398 0.1254
8090 0.4426 0.3687 0.2234 0.4121 0.2192 0.1453
8095 0.4236 0.3798 0.2181 0.4147 0.2055 0.1617
8100 0.4004 0.3829 0.2084 0.4251 0.1920 0.1745
8105 0.3821 0.3935 0.2082 0.4326 0.1739 0.1853
8110 0.3916 0.3952 0.2112 0.4245 0.1803 0.1840
8115 0.4007 0.3810 0.2123 0.4306 0.1884 0.1687
8120 0.4062 0.3777 0.2128 0.4289 0.1934 0.1649
8125 0.3999 0.3716 0.1994 0.4278 0.2006 0.1722
8130 0.3934 0.3556 0.1978 0.4489 0.1955 0.1578
8135 0.4269 0.3737 0.2333 0.4327 0.1936 0.1404
8140 0.4237 0.3425 0.2271 0.4609 0.1966 0.1154
8145 0.4262 0.3260 0.2242 0.4720 0.2020 0.1018
8150 0.4060 0.3443 0.2210 0.4707 0.1850 0.1233
8155 0.4127 0.3544 0.2160 0.4489 0.1968 0.1384
8160 0.4021 0.3824 0.1968 0.4123 0.2053 0.1856
8165 0.4124 0.3996 0.2123 0.4002 0.2001 0.1873
8170 0.4126 0.4274 0.2222 0.3823 0.1904 0.2052
8175 0.4140 0.4291 0.2375 0.3945 0.1765 0.1916
8180 0.4258 0.4309 0.2446 0.3879 0.1812 0.1863
8185 0.4408 0.4228 0.2559 0.3923 0.1849 0.1669
8190 0.4338 0.4137 0.2413 0.3938 0.1925 0.1724
8195 0.4219 0.4076 0.2394 0.4100 0.1824 0.1681
8200 0.3961 0.3928 0.2218 0.4329 0.1744 0.1710
8205 0.3759 0.3693 0.1939 0.4487 0.1820 0.1754
8210 0.3708 0.3763 0.1927 0.4455 0.1782 0.1837
8215 0.3684 0.3682 0.1850 0.4484 0.1834 0.1832
8220 0.3809 0.3820 0.1968 0.4339 0.1841 0.1852
8225 0.3989 0.3964 0.2186 0.4233 0.1803 0.1779
8230 0.4022 0.3823 0.2205 0.4361 0.1817 0.1617
8235 0.4077 0.3714 0.2199 0.4408 0.1878 0.1515
8240 0.3905 0.3713 0.2016 0.4399 0.1888 0.1696
8245 0.3818 0.3579 0.2004 0.4608 0.1814 0.1574
8250 0.3781 0.3652 0.2032 0.4598 0.1750 0.1620
8255 0.4033 0.3749 0.2219 0.4437 0.1814 0.1530
8260 0.4169 0.3710 0.2144 0.4266 0.2024 0.1565
8265 0.4353 0.3911 0.2205 0.3941 0.2148 0.1706
8270 0.4382 0.4076 0.2341 0.3884 0.2041 0.1734
8275 0.4394 0.4015 0.2292 0.3884 0.2102 0.1722
8280 0.4216 0.3909 0.2251 0.4126 0.1965 0.1658
8285 0.4169 0.3824 0.2041 0.4048 0.2128 0.1783
8290 0.4041 0.3591 0.1925 0.4294 0.2116 0.1666
8295 0.3867 0.3556 0.1936 0.4513 0.1931 0.1620
8300 0.3713 0.3385 0.1870 0.4772 0.1843 0.1515
8305 0.3749 0.3239 0.1919 0.4931 0.1831 0.1320
8310 0.3871 0.3208 0.2064 0.4984 0.1808 0.1145
8315 0.3932 0.3364 0.2254 0.4958 0.1678 0.1110
8320 0.4082 0.3396 0.2276 0.4798 0.1806 0.1120
8325 0.4397 0.3312 0.2257 0.4548 0.2140 0.1055
8330 0.4522 0.3378 0.2289 0.4390 0.2233 0.1088
8335 0.4556 0.3294 0.2166 0.4316 0.2390 0.1128
8340 0.4272 0.3522 0.1988 0.4193 0.2285 0.1535
8345 0.4118 0.3599 0.1870 0.4153 0.2248 0.1728
8350 0.4015 0.3775 0.1896 0.4106 0.2119 0.1879
8355 0.3969 0.3734 0.2001 0.4298 0.1968 0.1733
8360 0.3903 0.3815 0.2068 0.4350 0.1835 0.1747
8365 0.4063 0.3832 0.2239 0.4344 0.1824 0.1593
8370 0.4156 0.3897 0.2306 0.4252 0.1850 0.1591
8375 0.4153 0.3690 0.2148 0.4304 0.2006 0.1542
8380 0.4505 0.3542 0.2280 0.4233 0.2225 0.1262
8385 0.4592 0.3323 0.2193 0.4278 0.2399 0.1129
8390 0.4649 0.3410 0.2202 0.4144 0.2446 0.1207
8395 0.4595 0.3439 0.2173 0.4140 0.2422 0.1265
8400 0.4565 0.3609 0.2213 0.4039 0.2352 0.1396
8405 0.4594 0.3481 0.2209 0.4134 0.2385 0.1273
8410 0.4588 0.3550 0.2268 0.4130 0.2320 0.1282
8415 0.4766 0.3506 0.2362 0.4091 0.2404 0.1143
8420 0.4902 0.3652 0.2425 0.3871 0.2477 0.1227
8425 0.4886 0.3573 0.2437 0.3978 0.2449 0.1135
8430 0.4847 0.3451 0.2376 0.4079 0.2471 0.1075
8435 0.4665 0.3435 0.2428 0.4327 0.2237 0.1007
8440 0.4513 0.3408 0.2225 0.4304 0.2288 0.1183
8445 0.4458 0.3455 0.2256 0.4342 0.2202 0.1200
8450 0.4548 0.3495 0.2265 0.4222 0.2283 0.1230
8455 0.4510 0.3684 0.2260 0.4066 0.2250 0.1424
8460 0.4460 0.3573 0.2172 0.4140 0.2288 0.1401
8465 0.4397 0.3579 0.2167 0.4191 0.2230 0.1411
8470 0.4332 0.3434 0.1977 0.4211 0.2355 0.1457
8475 0.4274 0.3091 0.1783 0.4419 0.2490 0.1308
8480 0.4318 0.2840 0.1702 0.4545 0.2615 0.1137
8485 0.4272 0.2964 0.1690 0.4454 0.2582 0.1274
8490 0.4117 0.3170 0.1672 0.4385 0.2445 0.1498
8495 0.4083 0.3184 0.1698 0.4431 0.2385 0.1486
8500 0.3955 0.3129 0.1599 0.4515 0.2356 0.1530
8505 0.3949 0.3128 0.1655 0.4579 0.2294 0.1472
8510 0.4010 0.3024 0.1774 0.4740 0.2236 0.1250
8515 0.4298 0.3201 0.1928 0.4429 0.2370 0.1273
8520 0.4409 0.3294 0.2055 0.4351 0.2355 0.1239
8525 0.4594 0.3599 0.2312 0.4120 0.2282 0.1286
8530 0.4432 0.3647 0.2324 0.4245 0.2108 0.1323
8535 0.4326 0.3826 0.2376 0.4225 0.1949 0.1449
8540 0.4211 0.3856 0.2414 0.4347 0.1797 0.1442
8545 0.4364 0.3816 0.2516 0.4336 0.1847 0.1300
8550 0.4193 0.3746 0.2388 0.4449 0.1805 0.1358
8555 0.4115 0.3778 0.2285 0.4391 0.1831 0.1494
8560 0.4161 0.3940 0.2495 0.4394 0.1666 0.1445
8565 0.4138 0.3807 0.2362 0.4417 0.1776 0.1445
8570 0.4333 0.3838 0.2462 0.4291 0.1872 0.1376
8575 0.4443 0.4010 0.2481 0.4028 0.1962 0.1529
8580 0.4376 0.4207 0.2561 0.3978 0.1815 0.1646
8585 0.4492 0.4213 0.2689 0.3984 0.1803 0.1524
8590 0.4432 0.4179 0.2614 0.4002 0.1818 0.1565
8595 0.4342 0.4103 0.2533 0.4088 0.1809 0.1570
8600 0.4307 0.3954 0.2340 0.4079 0.1968 0.1614
8605 0.4383 0.4053 0.2350 0.3914 0.2033 0.1702
8610 0.4309 0.3743 0.2330 0.4278 0.1978 0.1413
8615 0.4382 0.3618 0.2439 0.4438 0.1943 0.1180
8620 0.4234 0.3373 0.2288 0.4681 0.1946 0.1085
8625 0.4417 0.3224 0.2283 0.4643 0.2134 0.0940
8630 0.4341 0.3288 0.2199 0.4571 0.2141 0.1088
8635 0.4284 0.3463 0.2353 0.4606 0.1931 0.1110
8640 0.4566 0.3585 0.2384 0.4233 0.2183 0.1201
8645 0.4693 0.3759 0.2454 0.4002 0.2239 0.1305
8650 0.4795 0.3690 0.2247 0.3762 0.2548 0.1443
8655 0.4650 0.3701 0.2131 0.3780 0.2519 0.1570
8660 0.4643 0.3623 0.2148 0.3882 0.2495 0.1475
8665 0.4553 0.3670 0.2216 0.3993 0.2337 0.1454
8670 0.4495 0.3641 0.2195 0.4059 0.2300 0.1446
8675 0.4408 0.3484 0.2093 0.4201 0.2315 0.1392
8680 0.4411 0.3437 0.2061 0.4213 0.2350 0.1376
8685 0.4321 0.3175 0.1876 0.4380 0.2445 0.1299
8690 0.4441 0.3121 0.1898 0.4335 0.2544 0.1224
8695 0.4688 0.3070 0.2004 0.4246 0.2684 0.1065
8700 0.4673 0.3105 0.2035 0.4257 0.2638 0.1070
8705 0.4815 0.3056 0.2000 0.4129 0.2815 0.1056
8710 0.4815 0.3184 0.2181 0.4182 0.2634 0.1003
8715 0.4768 0.3519 0.2311 0.4024 0.2457 0.1209
8720 0.4714 0.3809 0.2355 0.3832 0.2359 0.1454
8725 0.4667 0.3917 0.2372 0.3788 0.2295 0.1545
8730 0.4569 0.3836 0.2340 0.3934 0.2230 0.1497
8735 0.4396 0.3861 0.2384 0.4127 0.2012 0.1477
8740 0.4412 0.3928 0.2408 0.4068 0.2004 0.1520
8745 0.4344 0.3902 0.2387 0.4141 0.1957 0.1515
8750 0.4370 0.3781 0.2410 0.4258 0.1960 0.1372
8755 0.4319 0.3848 0.2358 0.4190 0.1962 0.1491
8760 0.4102 0.3867 0.2280 0.4312 0.1821 0.1587
8765 0.4121 0.3919 0.2271 0.4231 0.1850 0.1648
8770 0.3978 0.3925 0.2173 0.4271 0.1805 0.1751
8775 0.3922 0.3795 0.2035 0.4318 0.1887 0.1760
8780 0.3862 0.3650 0.1916 0.4403 0.1946 0.1734
8785 0.4118 0.3591 0.1951 0.4242 0.2167 0.1640
8790 0.4115 0.3727 0.2009 0.4167 0.2106 0.1718
8795 0.4068 0.3736 0.1858 0.4054 0.2210 0.1878
8800 0.3884 0.3926 0.1850 0.4041 0.2033 0.2076
8805 0.3836 0.3970 0.1803 0.3996 0.2033 0.2167
8810 0.3611 0.4103 0.1806 0.4092 0.1805 0.2297
8815 0.3792 0.4004 0.1873 0.4077 0.1919 0.2131
8820 0.3940 0.4109 0.2036 0.3987 0.1904 0.2073
8825 0.4077 0.4178 0.2212 0.3957 0.1866 0.1966
8830 0.4295 0.4295 0.2504 0.3914 0.1791 0.1791
8835 0.4387 0.4054 0.2475 0.4034 0.1911 0.1579
8840 0.4390 0.3881 0.2192 0.3922 0.2198 0.1689
8845 0.4263 0.3803 0.2088 0.4022 0.2175 0.1715
8850 0.4106 0.3681 0.2023 0.4236 0.2084 0.1658
8855 0.3877 0.3684 0.1872 0.4310 0.2006 0.1812
8860 0.3934 0.3695 0.1866 0.4237 0.2068 0.1829
8865 0.4079 0.3734 0.1858 0.4045 0.2221 0.1876
8870 0.4275 0.3684 0.1960 0.4001 0.2315 0.1724
8875 0.4281 0.3734 0.1896 0.3881 0.2385 0.1838
8880 0.4158 0.3759 0.1741 0.3824 0.2417 0.2018
8885 0.4251 0.3754 0.1774 0.3769 0.2477 0.1980
8890 0.4434 0.3928 0.1951 0.3589 0.2483 0.1977
8895 0.4623 0.3775 0.2021 0.3623 0.2602 0.1754
8900 0.4530 0.3600 0.2050 0.3920 0.2480 0.1550
8905 0.4461 0.3579 0.2016 0.3977 0.2445 0.1562
8910 0.4368 0.3621 0.2018 0.4028 0.2350 0.1603
8915 0.4338 0.3495 0.2001 0.4169 0.2337 0.1494
8920 0.4239 0.3638 0.2029 0.4152 0.2210 0.1610
8925 0.4176 0.3570 0.2056 0.4310 0.2120 0.1513
8930 0.4326 0.3586 0.2061 0.4149 0.2265 0.1526
8935 0.4329 0.3701 0.2131 0.4102 0.2198 0.1570
8940 0.4492 0.3818 0.2218 0.3908 0.2274 0.1600
8945 0.4406 0.3841 0.2219 0.3972 0.2187 0.1622
8950 0.4333 0.3553 0.2023 0.4137 0.2311 0.1530
8955 0.4196 0.3339 0.1834 0.4298 0.2362 0.1506
8960 0.4210 0.3452 0.1923 0.4262 0.2286 0.1529
8965 0.4176 0.3480 0.1988 0.4332 0.2189 0.1492
8970 0.4321 0.3839 0.2190 0.4030 0.2131 0.1649
8975 0.4504 0.3841 0.2195 0.3850 0.2309 0.1646
8980 0.4332 0.3964 0.2050 0.3754 0.2282 0.1914
8985 0.4385 0.3920 0.2070 0.3765 0.2315 0.1850
8990 0.4338 0.3913 0.2090 0.3839 0.2248 0.1823
8995 0.4412 0.3919 0.2164 0.3833 0.2248 0.1754
