7000 0.3519 0.4480 0.2394 0.4395 0.1125 0.2086
7005 0.3489 0.4477 0.2345 0.4380 0.1144 0.2131
7010 0.3497 0.4442 0.2352 0.4412 0.1145 0.2091
7015 0.3533 0.4478 0.2470 0.4459 0.1062 0.2008
7020 0.3527 0.4411 0.2480 0.4542 0.1047 0.1931
7025 0.3588 0.4213 0.2420 0.4620 0.1167 0.1792
7030 0.3750 0.4192 0.2483 0.4541 0.1267 0.1709
7035 0.4055 0.4061 0.2567 0.4452 0.1487 0.1494
7040 0.4117 0.3994 0.2612 0.4502 0.1505 0.1381
7045 0.4113 0.4009 0.2542 0.4420 0.1570 0.1467
7050 0.4113 0.4152 0.2736 0.4472 0.1377 0.1416
7055 0.4050 0.4128 0.2619 0.4441 0.1431 0.1509
7060 0.4105 0.4139 0.2570 0.4327 0.1534 0.1569
7065 0.4136 0.4053 0.2655 0.4466 0.1481 0.1398
7070 0.4197 0.3966 0.2667 0.4505 0.1530 0.1298
7075 0.3998 0.3887 0.2522 0.4636 0.1477 0.1366
7080 0.4033 0.3848 0.2512 0.4631 0.1520 0.1336
7085 0.3825 0.3759 0.2467 0.4883 0.1358 0.1292
7090 0.3777 0.3806 0.2433 0.4850 0.1344 0.1373
7095 0.3667 0.3720 0.2430 0.5042 0.1237 0.1291
7100 0.3638 0.3898 0.2437 0.4902 0.1200 0.1461
7105 0.3461 0.3917 0.2309 0.4931 0.1152 0.1608
7110 0.3423 0.4006 0.2381 0.4952 0.1042 0.1625
7115 0.3634 0.3923 0.2403 0.4845 0.1231 0.1520
7120 0.3797 0.4047 0.2464 0.4620 0.1333 0.1583
7125 0.3872 0.4009 0.2414 0.4533 0.1458 0.1595
7130 0.3784 0.4028 0.2264 0.4452 0.1520 0.1764
7135 0.3819 0.3914 0.2162 0.4430 0.1656 0.1752
7140 0.3598 0.3923 0.2008 0.4486 0.1591 0.1916
7145 0.3628 0.3670 0.2027 0.4728 0.1602 0.1644
7150 0.3528 0.3902 0.2148 0.4719 0.1380 0.1753
7155 0.3608 0.3756 0.2156 0.4792 0.1452 0.1600
7160 0.3628 0.3789 0.2289 0.4872 0.1339 0.1500
7165 0.3656 0.3794 0.2288 0.4838 0.1369 0.1506
7170 0.3572 0.3725 0.2278 0.4981 0.1294 0.1447
7175 0.3553 0.3678 0.2217 0.4986 0.1336 0.1461
7180 0.3553 0.3469 0.2014 0.4992 0.1539 0.1455
7185 0.3622 0.3567 0.2064 0.4875 0.1558 0.1503
7190 0.3661 0.3706 0.2133 0.4766 0.1528 0.1573
7195 0.3748 0.3889 0.2372 0.4734 0.1377 0.1517
7200 0.3833 0.4059 0.2586 0.4694 0.1247 0.1473
7205 0.3877 0.4000 0.2598 0.4722 0.1278 0.1402
7210 0.3845 0.3981 0.2533 0.4706 0.1313 0.1448
7215 0.3983 0.4056 0.2645 0.4606 0.1338 0.1411
7220 0.3994 0.4008 0.2603 0.4602 0.1391 0.1405
7225 0.4080 0.4028 0.2583 0.4475 0.1497 0.1445
7230 0.3969 0.3800 0.2392 0.4623 0.1577 0.1408
7235 0.3912 0.3786 0.2269 0.4570 0.1644 0.1517
7240 0.3870 0.3642 0.2286 0.4773 0.1584 0.1356
7245 0.3759 0.3806 0.2302 0.4736 0.1458 0.1505
7250 0.3772 0.3895 0.2366 0.4698 0.1406 0.1530
7255 0.3744 0.3956 0.2505 0.4805 0.1239 0.1452
7260 0.3762 0.4070 0.2722 0.4889 0.1041 0.1348
7265 0.3889 0.4144 0.2845 0.4813 0.1044 0.1298
7270 0.3933 0.4138 0.2778 0.4708 0.1155 0.1359
7275 0.3847 0.4048 0.2639 0.4744 0.1208 0.1409
7280 0.3891 0.4036 0.2662 0.4736 0.1228 0.1373
7285 0.3859 0.3819 0.2567 0.4889 0.1292 0.1252
7290 0.3794 0.3767 0.2403 0.4842 0.1391 0.1364
7295 0.3573 0.3797 0.2302 0.4931 0.1272 0.1495
7300 0.3642 0.3731 0.2341 0.4967 0.1302 0.1391
7305 0.3664 0.3784 0.2344 0.4895 0.1320 0.1441
7310 0.3786 0.3638 0.2428 0.5005 0.1358 0.1209
7315 0.3841 0.3666 0.2394 0.4888 0.1447 0.1272
7320 0.3766 0.3655 0.2300 0.4880 0.1466 0.1355
7325 0.3789 0.3609 0.2297 0.4898 0.1492 0.1313
7330 0.3847 0.3731 0.2428 0.4850 0.1419 0.1303
7335 0.3855 0.3858 0.2487 0.4775 0.1367 0.1370
7340 0.3992 0.3952 0.2617 0.4673 0.1375 0.1334
7345 0.3930 0.4062 0.2633 0.4641 0.1297 0.1430
7350 0.3991 0.4231 0.2823 0.4602 0.1167 0.1408
7355 0.3956 0.4177 0.2681 0.4548 0.1275 0.1495
7360 0.3841 0.4094 0.2644 0.4709 0.1197 0.1450
7365 0.3744 0.4012 0.2453 0.4697 0.1291 0.1559
7370 0.3731 0.3978 0.2486 0.4777 0.1245 0.1492
7375 0.3820 0.4061 0.2478 0.4597 0.1342 0.1583
7380 0.3819 0.4120 0.2552 0.4612 0.1267 0.1569
7385 0.3848 0.3977 0.2556 0.4731 0.1292 0.1420
7390 0.3916 0.3983 0.2506 0.4608 0.1409 0.1477
7395 0.3786 0.3941 0.2348 0.4622 0.1437 0.1592
7400 0.3812 0.3942 0.2406 0.4652 0.1406 0.1536
7405 0.3720 0.3973 0.2350 0.4656 0.1370 0.1623
7410 0.3778 0.3986 0.2384 0.4620 0.1394 0.1602
7415 0.3809 0.4002 0.2419 0.4608 0.1391 0.1583
7420 0.3819 0.3937 0.2453 0.4697 0.1366 0.1484
7425 0.3681 0.3836 0.2295 0.4778 0.1386 0.1541
7430 0.3834 0.3873 0.2366 0.4658 0.1469 0.1508
7435 0.3839 0.3978 0.2419 0.4602 0.1420 0.1559
7440 0.3781 0.4209 0.2467 0.4477 0.1314 0.1742
7445 0.3919 0.4345 0.2500 0.4236 0.1419 0.1845
7450 0.3828 0.4356 0.2550 0.4366 0.1278 0.1806
7455 0.3761 0.4350 0.2527 0.4416 0.1234 0.1823
7460 0.3808 0.4325 0.2612 0.4480 0.1195 0.1713
7465 0.3825 0.4283 0.2542 0.4434 0.1283 0.1741
7470 0.3725 0.4127 0.2567 0.4716 0.1158 0.1559
7475 0.3717 0.3995 0.2453 0.4741 0.1264 0.1542
7480 0.3688 0.3839 0.2350 0.4823 0.1338 0.1489
7485 0.3720 0.3697 0.2294 0.4877 0.1427 0.1403
7490 0.3717 0.3567 0.2250 0.4966 0.1467 0.1317
7495 0.3870 0.3523 0.2256 0.4863 0.1614 0.1267
7500 0.3925 0.3578 0.2281 0.4778 0.1644 0.1297
7505 0.3950 0.3594 0.2263 0.4719 0.1688 0.1331
7510 0.4031 0.3602 0.2233 0.4600 0.1798 0.1369
7515 0.4041 0.3748 0.2264 0.4475 0.1777 0.1484
7520 0.4139 0.4092 0.2447 0.4216 0.1692 0.1645
7525 0.4205 0.4216 0.2573 0.4153 0.1631 0.1642
7530 0.4134 0.4273 0.2584 0.4177 0.1550 0.1689
7535 0.4042 0.4209 0.2558 0.4306 0.1484 0.1652
7540 0.3975 0.4208 0.2498 0.4316 0.1477 0.1709
7545 0.3911 0.4314 0.2489 0.4264 0.1422 0.1825
7550 0.3953 0.4319 0.2452 0.4180 0.1502 0.1867
7555 0.3705 0.4306 0.2336 0.4325 0.1369 0.1970
7560 0.3875 0.4352 0.2425 0.4198 0.1450 0.1927
7565 0.3916 0.4327 0.2328 0.4086 0.1588 0.1998
7570 0.3892 0.4223 0.2338 0.4222 0.1555 0.1886
7575 0.3903 0.4280 0.2392 0.4209 0.1511 0.1888
7580 0.4033 0.4230 0.2436 0.4173 0.1597 0.1794
7585 0.3980 0.4263 0.2531 0.4289 0.1448 0.1731
7590 0.4098 0.4394 0.2687 0.4195 0.1411 0.1706
7595 0.4164 0.4486 0.2709 0.4059 0.1455 0.1777
7600 0.4195 0.4484 0.2752 0.4072 0.1444 0.1733
7605 0.4223 0.4361 0.2698 0.4114 0.1525 0.1663
7610 0.4150 0.4344 0.2664 0.4170 0.1486 0.1680
7615 0.3948 0.4264 0.2598 0.4386 0.1350 0.1666
7620 0.3906 0.4281 0.2584 0.4397 0.1322 0.1697
7625 0.3911 0.4245 0.2572 0.4416 0.1339 0.1673
7630 0.3892 0.4261 0.2492 0.4339 0.1400 0.1769
7635 0.4217 0.4284 0.2580 0.4078 0.1638 0.1705
7640 0.4263 0.4209 0.2525 0.4053 0.1737 0.1684
7645 0.4323 0.4108 0.2608 0.4177 0.1716 0.1500
7650 0.4280 0.4152 0.2592 0.4161 0.1688 0.1559
7655 0.4394 0.4172 0.2647 0.4081 0.1747 0.1525
7660 0.4306 0.4178 0.2695 0.4211 0.1611 0.1483
7665 0.4128 0.4150 0.2603 0.4325 0.1525 0.1547
7670 0.3992 0.4075 0.2505 0.4437 0.1487 0.1570
7675 0.4030 0.4114 0.2428 0.4284 0.1602 0.1686
7680 0.4058 0.4056 0.2411 0.4297 0.1647 0.1645
7685 0.4045 0.3927 0.2364 0.4392 0.1681 0.1562
7690 0.4062 0.3998 0.2462 0.4402 0.1600 0.1536
7695 0.4044 0.4147 0.2552 0.4361 0.1492 0.1595
7700 0.4234 0.4211 0.2630 0.4184 0.1605 0.1581
7705 0.4292 0.4223 0.2605 0.4089 0.1688 0.1619
7710 0.4339 0.4044 0.2673 0.4291 0.1666 0.1370
7715 0.4095 0.4056 0.2625 0.4473 0.1470 0.1431
7720 0.4164 0.4094 0.2612 0.4355 0.1552 0.1481
7725 0.4134 0.4220 0.2677 0.4322 0.1458 0.1544
7730 0.3955 0.4334 0.2600 0.4311 0.1355 0.1734
7735 0.4027 0.4508 0.2659 0.4125 0.1367 0.1848
7740 0.3869 0.4480 0.2577 0.4228 0.1292 0.1903
7745 0.3923 0.4434 0.2609 0.4252 0.1314 0.1825
7750 0.4027 0.4380 0.2670 0.4264 0.1356 0.1709
7755 0.3933 0.4387 0.2603 0.4283 0.1330 0.1784
7760 0.3955 0.4431 0.2664 0.4278 0.1291 0.1767
7765 0.3767 0.4444 0.2562 0.4352 0.1205 0.1881
7770 0.3689 0.4384 0.2534 0.4461 0.1155 0.1850
7775 0.3698 0.4250 0.2453 0.4505 0.1245 0.1797
7780 0.3725 0.4286 0.2362 0.4352 0.1363 0.1923
7785 0.3931 0.4292 0.2433 0.4209 0.1498 0.1859
7790 0.3903 0.4255 0.2386 0.4228 0.1517 0.1869
7795 0.3997 0.4084 0.2434 0.4353 0.1562 0.1650
7800 0.3884 0.3970 0.2352 0.4497 0.1533 0.1619
7805 0.3870 0.3942 0.2478 0.4666 0.1392 0.1464
7810 0.3942 0.3972 0.2550 0.4636 0.1392 0.1422
7815 0.4002 0.4023 0.2609 0.4584 0.1392 0.1414
7820 0.4113 0.4173 0.2672 0.4386 0.1441 0.1502
7825 0.4275 0.4297 0.2934 0.4363 0.1341 0.1363
7830 0.4278 0.4136 0.2811 0.4397 0.1467 0.1325
7835 0.4247 0.4127 0.2812 0.4439 0.1434 0.1314
7840 0.4023 0.4036 0.2600 0.4541 0.1423 0.1436
7845 0.4070 0.4088 0.2547 0.4389 0.1523 0.1541
7850 0.4125 0.4091 0.2587 0.4372 0.1537 0.1503
7855 0.4127 0.4075 0.2530 0.4328 0.1597 0.1545
7860 0.4119 0.3983 0.2534 0.4433 0.1584 0.1448
7865 0.4105 0.4027 0.2472 0.4341 0.1633 0.1555
7870 0.4025 0.3973 0.2338 0.4339 0.1688 0.1636
7875 0.4077 0.4012 0.2391 0.4302 0.1686 0.1622
7880 0.3977 0.4213 0.2466 0.4277 0.1511 0.1747
7885 0.4000 0.4230 0.2472 0.4242 0.1528 0.1758
7890 0.3981 0.4233 0.2295 0.4081 0.1686 0.1938
7895 0.3961 0.4108 0.2203 0.4134 0.1758 0.1905
7900 0.4002 0.4161 0.2194 0.4031 0.1808 0.1967
7905 0.3970 0.4062 0.2180 0.4147 0.1791 0.1883
7910 0.4047 0.4066 0.2222 0.4109 0.1825 0.1844
7915 0.4209 0.4014 0.2270 0.4047 0.1939 0.1744
7920 0.4236 0.4086 0.2353 0.4031 0.1883 0.1733
7925 0.3872 0.4145 0.2241 0.4223 0.1631 0.1905
7930 0.3734 0.4200 0.2164 0.4230 0.1570 0.2036
7935 0.3648 0.4133 0.2081 0.4300 0.1567 0.2052
7940 0.3664 0.4084 0.2211 0.4462 0.1453 0.1873
7945 0.3678 0.3950 0.2203 0.4575 0.1475 0.1747
7950 0.3905 0.3848 0.2286 0.4533 0.1619 0.1562
7955 0.3991 0.3873 0.2361 0.4497 0.1630 0.1512
7960 0.3912 0.3617 0.2209 0.4680 0.1703 0.1408
7965 0.3806 0.3661 0.2077 0.4609 0.1730 0.1584
7970 0.3669 0.3955 0.2106 0.4483 0.1562 0.1848
7975 0.3711 0.4017 0.2139 0.4411 0.1572 0.1878
7980 0.3608 0.3828 0.2045 0.4609 0.1562 0.1783
7985 0.3733 0.3872 0.2164 0.4559 0.1569 0.1708
7990 0.3750 0.3870 0.2108 0.4487 0.1642 0.1762
7995 0.3756 0.3884 0.2208 0.4567 0.1548 0.1677
