1000 0.2647 0.2698 0.1364 0.6019 0.1283 0.1334
1005 0.2696 0.2736 0.1428 0.5996 0.1268 0.1308
1010 0.2622 0.2727 0.1363 0.6014 0.1259 0.1364
1015 0.2689 0.2586 0.1331 0.6055 0.1358 0.1256
1020 0.2716 0.2628 0.1332 0.5988 0.1384 0.1296
1025 0.2815 0.2763 0.1343 0.5764 0.1472 0.1421
1030 0.2591 0.2632 0.1277 0.6054 0.1314 0.1355
1035 0.2602 0.2666 0.1238 0.5970 0.1364 0.1428
1040 0.2519 0.2792 0.1393 0.6081 0.1126 0.1399
1045 0.2455 0.2846 0.1427 0.6126 0.1029 0.1419
1050 0.2442 0.2952 0.1501 0.6107 0.0940 0.1451
1055 0.2684 0.3070 0.1646 0.5892 0.1038 0.1424
1060 0.2838 0.3030 0.1739 0.5871 0.1099 0.1291
1065 0.2838 0.3093 0.1655 0.5725 0.1183 0.1437
1070 0.2884 0.3042 0.1623 0.5697 0.1260 0.1419
1075 0.2651 0.2998 0.1526 0.5877 0.1125 0.1472
1080 0.2617 0.2910 0.1434 0.5908 0.1183 0.1475
1085 0.2623 0.2684 0.1267 0.5959 0.1357 0.1417
1090 0.2489 0.2684 0.1230 0.6057 0.1259 0.1454
1095 0.2545 0.2620 0.1213 0.6048 0.1332 0.1407
1100 0.2558 0.2574 0.1248 0.6116 0.1309 0.1326
1105 0.2356 0.2594 0.1177 0.6226 0.1180 0.1417
1110 0.2353 0.2806 0.1213 0.6054 0.1140 0.1593
1115 0.2393 0.2958 0.1317 0.5966 0.1076 0.1642
1120 0.2419 0.2960 0.1366 0.5987 0.1053 0.1594
1125 0.2410 0.2971 0.1369 0.5988 0.1041 0.1602
1130 0.2481 0.2745 0.1256 0.6030 0.1225 0.1489
1135 0.2398 0.2608 0.1164 0.6159 0.1233 0.1443
1140 0.2481 0.2390 0.1183 0.6312 0.1299 0.1207
1145 0.2565 0.2385 0.1180 0.6229 0.1385 0.1206
1150 0.2576 0.2471 0.1064 0.6017 0.1512 0.1407
1155 0.2754 0.2550 0.1122 0.5818 0.1632 0.1428
1160 0.2850 0.2609 0.1264 0.5804 0.1587 0.1346
1165 0.3050 0.2686 0.1349 0.5613 0.1701 0.1337
1170 0.2849 0.2574 0.1271 0.5848 0.1578 0.1303
1175 0.2797 0.2562 0.1201 0.5842 0.1596 0.1361
1180 0.2634 0.2582 0.1122 0.5906 0.1512 0.1460
1185 0.2561 0.2748 0.1233 0.5924 0.1328 0.1515
1190 0.2579 0.2806 0.1320 0.5935 0.1259 0.1486
1195 0.2521 0.2789 0.1271 0.5961 0.1250 0.1518
1200 0.2431 0.2529 0.1148 0.6188 0.1283 0.1381
1205 0.2422 0.2315 0.1026 0.6289 0.1396 0.1289
1210 0.2498 0.2149 0.1099 0.6452 0.1399 0.1050
1215 0.2497 0.2131 0.1071 0.6444 0.1425 0.1059
1220 0.2673 0.2210 0.1128 0.6244 0.1545 0.1082
1225 0.2686 0.2297 0.1107 0.6124 0.1579 0.1190
1230 0.2605 0.2317 0.1094 0.6173 0.1510 0.1222
1235 0.2465 0.2362 0.1140 0.6313 0.1324 0.1222
1240 0.2634 0.2597 0.1235 0.6004 0.1399 0.1363
1245 0.2689 0.2679 0.1262 0.5894 0.1427 0.1417
1250 0.2896 0.2867 0.1363 0.5600 0.1533 0.1504
1255 0.3022 0.2936 0.1370 0.5412 0.1652 0.1565
1260 0.2861 0.3054 0.1402 0.5487 0.1459 0.1652
1265 0.2765 0.3091 0.1448 0.5592 0.1317 0.1643
1270 0.2721 0.3135 0.1446 0.5591 0.1274 0.1689
1275 0.2620 0.3131 0.1465 0.5714 0.1155 0.1666
1280 0.2440 0.2920 0.1303 0.5943 0.1137 0.1617
1285 0.2492 0.2917 0.1291 0.5882 0.1201 0.1626
1290 0.2676 0.2841 0.1286 0.5769 0.1390 0.1555
1295 0.2765 0.2722 0.1350 0.5863 0.1414 0.1372
1300 0.2731 0.2695 0.1385 0.5959 0.1346 0.1309
1305 0.2702 0.2693 0.1349 0.5953 0.1353 0.1344
1310 0.2532 0.2663 0.1312 0.6118 0.1219 0.1350
1315 0.2292 0.2797 0.1299 0.6209 0.0994 0.1498
1320 0.2273 0.2786 0.1265 0.6206 0.1007 0.1521
1325 0.2169 0.2990 0.1146 0.5987 0.1023 0.1844
1330 0.2463 0.2868 0.1076 0.5745 0.1387 0.1792
1335 0.2661 0.2920 0.1125 0.5543 0.1536 0.1795
1340 0.2692 0.2940 0.1056 0.5424 0.1635 0.1884
1345 0.2609 0.2897 0.1039 0.5533 0.1570 0.1858
1350 0.2420 0.2876 0.1043 0.5746 0.1378 0.1834
1355 0.2559 0.2876 0.1149 0.5714 0.1410 0.1727
1360 0.2550 0.2832 0.1114 0.5732 0.1436 0.1718
1365 0.2462 0.2658 0.1021 0.5902 0.1440 0.1637
1370 0.2428 0.2506 0.0817 0.5883 0.1611 0.1689
1375 0.2352 0.2529 0.0790 0.5909 0.1562 0.1739
1380 0.2172 0.2480 0.0773 0.6121 0.1399 0.1707
1385 0.2076 0.2608 0.0860 0.6176 0.1216 0.1748
1390 0.2064 0.2743 0.0994 0.6187 0.1070 0.1750
1395 0.2205 0.2801 0.1148 0.6141 0.1058 0.1654
1400 0.2282 0.3085 0.1235 0.5868 0.1047 0.1850
1405 0.2134 0.3097 0.1224 0.5993 0.0910 0.1873
1410 0.2010 0.2905 0.1123 0.6208 0.0887 0.1782
1415 0.2058 0.2925 0.1100 0.6118 0.0957 0.1824
1420 0.2114 0.2859 0.1107 0.6133 0.1007 0.1753
1425 0.2041 0.2830 0.1114 0.6243 0.0927 0.1716
1430 0.2009 0.2702 0.1064 0.6353 0.0945 0.1638
1435 0.2073 0.2637 0.1139 0.6429 0.0934 0.1498
1440 0.2212 0.2585 0.1091 0.6295 0.1120 0.1494
1445 0.2244 0.2542 0.0980 0.6194 0.1264 0.1562
1450 0.2321 0.2681 0.0945 0.5943 0.1376 0.1736
1455 0.2352 0.2827 0.1015 0.5836 0.1337 0.1812
1460 0.2439 0.2832 0.1186 0.5915 0.1253 0.1646
1465 0.2663 0.2897 0.1282 0.5722 0.1381 0.1616
1470 0.2666 0.2873 0.1352 0.5813 0.1314 0.1521
1475 0.2564 0.2847 0.1350 0.5940 0.1213 0.1497
1480 0.2341 0.2884 0.1228 0.6004 0.1113 0.1655
1485 0.2247 0.2894 0.1204 0.6063 0.1043 0.1690
1490 0.2239 0.2804 0.1108 0.6065 0.1131 0.1696
1495 0.2301 0.2690 0.1070 0.6078 0.1232 0.1620
1500 0.2487 0.2474 0.1094 0.6133 0.1393 0.1379
1505 0.2475 0.2423 0.1071 0.6173 0.1404 0.1352
1510 0.2577 0.2378 0.1078 0.6123 0.1500 0.1300
1515 0.2512 0.2536 0.1132 0.6084 0.1379 0.1404
1520 0.2524 0.2564 0.1123 0.6036 0.1401 0.1440
1525 0.2440 0.2571 0.1085 0.6074 0.1355 0.1486
1530 0.2515 0.2484 0.1152 0.6153 0.1363 0.1332
1535 0.2428 0.2522 0.1169 0.6219 0.1259 0.1353
1540 0.2411 0.2445 0.1033 0.6177 0.1378 0.1411
1545 0.2359 0.2571 0.1113 0.6182 0.1247 0.1459
1550 0.2164 0.2384 0.1001 0.6453 0.1163 0.1382
1555 0.2155 0.2390 0.1076 0.6531 0.1079 0.1314
1560 0.2067 0.2382 0.1026 0.6577 0.1041 0.1357
1565 0.2260 0.2376 0.1079 0.6443 0.1181 0.1297
1570 0.2404 0.2219 0.0916 0.6293 0.1488 0.1303
1575 0.2402 0.2260 0.0930 0.6267 0.1472 0.1331
1580 0.2391 0.2282 0.0994 0.6321 0.1398 0.1288
1585 0.2301 0.2394 0.1032 0.6336 0.1270 0.1363
1590 0.2323 0.2503 0.1142 0.6316 0.1181 0.1361
1595 0.2408 0.2586 0.1172 0.6177 0.1236 0.1414
1600 0.2620 0.2852 0.1320 0.5848 0.1300 0.1532
1605 0.2695 0.2925 0.1378 0.5758 0.1317 0.1547
1610 0.2786 0.3001 0.1449 0.5662 0.1337 0.1552
1615 0.2797 0.3073 0.1533 0.5664 0.1264 0.1539
1620 0.2841 0.2961 0.1465 0.5662 0.1376 0.1497
1625 0.2608 0.2917 0.1268 0.5743 0.1340 0.1649
1630 0.2507 0.2916 0.1253 0.5830 0.1254 0.1663
1635 0.2442 0.2943 0.1244 0.5859 0.1198 0.1699
1640 0.2209 0.3019 0.1143 0.5915 0.1065 0.1876
1645 0.2245 0.2905 0.1132 0.5982 0.1113 0.1773
1650 0.2420 0.2966 0.1312 0.5926 0.1108 0.1654
1655 0.2542 0.2913 0.1332 0.5877 0.1210 0.1581
1660 0.2710 0.2917 0.1390 0.5763 0.1320 0.1527
1665 0.2855 0.2856 0.1381 0.5670 0.1474 0.1475
1670 0.3003 0.2841 0.1488 0.5644 0.1515 0.1353
1675 0.3117 0.2952 0.1555 0.5485 0.1562 0.1398
1680 0.3088 0.2911 0.1472 0.5473 0.1616 0.1439
1685 0.3042 0.2983 0.1414 0.5389 0.1628 0.1568
1690 0.2900 0.2775 0.1315 0.5639 0.1585 0.1460
1695 0.2705 0.2565 0.1168 0.5897 0.1538 0.1398
1700 0.2551 0.2440 0.1015 0.6023 0.1536 0.1425
1705 0.2472 0.2416 0.1155 0.6267 0.1317 0.1260
1710 0.2509 0.2422 0.1267 0.6336 0.1242 0.1155
1715 0.2590 0.2585 0.1320 0.6145 0.1270 0.1265
1720 0.2737 0.2617 0.1331 0.5976 0.1407 0.1286
1725 0.2748 0.2804 0.1446 0.5894 0.1302 0.1358
1730 0.2740 0.2693 0.1332 0.5898 0.1408 0.1361
1735 0.2820 0.2646 0.1410 0.5944 0.1410 0.1236
1740 0.2797 0.2320 0.1215 0.6098 0.1582 0.1105
1745 0.2797 0.2436 0.1225 0.5993 0.1571 0.1210
1750 0.2934 0.2405 0.1244 0.5905 0.1690 0.1161
1755 0.2875 0.2375 0.1260 0.6011 0.1614 0.1114
1760 0.2836 0.2288 0.1184 0.6060 0.1652 0.1103
1765 0.2760 0.2218 0.1050 0.6072 0.1710 0.1168
1770 0.2672 0.2247 0.0980 0.6062 0.1692 0.1267
1775 0.2683 0.2350 0.1091 0.6059 0.1591 0.1259
1780 0.2629 0.2463 0.1172 0.6080 0.1457 0.1291
1785 0.2676 0.2423 0.1172 0.6072 0.1504 0.1251
1790 0.2751 0.2423 0.1178 0.6004 0.1573 0.1245
1795 0.2753 0.2430 0.1177 0.5995 0.1576 0.1253
1800 0.2791 0.2579 0.1207 0.5838 0.1584 0.1372
1805 0.2949 0.2583 0.1314 0.5781 0.1635 0.1270
1810 0.3169 0.2474 0.1288 0.5645 0.1881 0.1186
1815 0.3079 0.2388 0.1308 0.5841 0.1771 0.1081
1820 0.3068 0.2251 0.1204 0.5885 0.1864 0.1047
1825 0.2990 0.2330 0.1178 0.5857 0.1812 0.1152
1830 0.2939 0.2420 0.1126 0.5767 0.1812 0.1294
1835 0.2817 0.2577 0.1187 0.5793 0.1629 0.1390
1840 0.2774 0.2647 0.1276 0.5854 0.1498 0.1372
1845 0.2766 0.2701 0.1312 0.5845 0.1454 0.1389
1850 0.2704 0.2716 0.1352 0.5932 0.1352 0.1364
1855 0.2593 0.2635 0.1268 0.6040 0.1324 0.1367
1860 0.2411 0.2561 0.1126 0.6155 0.1285 0.1434
1865 0.2634 0.2524 0.1161 0.6004 0.1472 0.1363
1870 0.2740 0.2510 0.1079 0.5828 0.1661 0.1431
1875 0.2786 0.2497 0.1119 0.5836 0.1667 0.1378
1880 0.2684 0.2426 0.1047 0.5937 0.1637 0.1379
1885 0.2690 0.2166 0.0963 0.6107 0.1727 0.1203
1890 0.2558 0.2181 0.1046 0.6307 0.1512 0.1135
1895 0.2614 0.2196 0.1111 0.6301 0.1503 0.1085
1900 0.2750 0.2283 0.1105 0.6072 0.1645 0.1178
1905 0.2797 0.2463 0.1195 0.5935 0.1602 0.1268
1910 0.2754 0.2565 0.1213 0.5894 0.1541 0.1352
1915 0.2783 0.2670 0.1160 0.5706 0.1623 0.1510
1920 0.2669 0.2571 0.1021 0.5781 0.1648 0.1550
1925 0.2608 0.2391 0.0904 0.5905 0.1704 0.1488
1930 0.2622 0.2263 0.0895 0.6010 0.1727 0.1369
1935 0.2593 0.2294 0.0943 0.6057 0.1649 0.1350
1940 0.2577 0.2574 0.1071 0.5920 0.1506 0.1503
1945 0.2696 0.2626 0.1193 0.5871 0.1503 0.1433
1950 0.2789 0.2666 0.1311 0.5856 0.1478 0.1355
1955 0.2835 0.2526 0.1207 0.5847 0.1628 0.1318
1960 0.2873 0.2361 0.1065 0.5831 0.1808 0.1296
1965 0.2859 0.2205 0.1021 0.5956 0.1838 0.1184
1970 0.2919 0.2036 0.0927 0.5972 0.1992 0.1110
1975 0.2925 0.2036 0.0985 0.6023 0.1940 0.1052
1980 0.3030 0.2131 0.1099 0.5938 0.1931 0.1032
1985 0.2936 0.2154 0.1110 0.6020 0.1826 0.1044
1990 0.2946 0.2134 0.1114 0.6034 0.1832 0.1020
1995 0.2986 0.2114 0.1108 0.6008 0.1878 0.1006
