0 0.0000 0.0000 0.0000 1.0000 0.0000 0.0000
5 0.0000 0.0000 0.0000 1.0000 0.0000 0.0000
10 0.0000 0.0000 0.0000 1.0000 0.0000 0.0000
15 0.0000 0.0012 0.0000 0.9988 0.0000 0.0012
20 0.0000 0.0013 0.0000 0.9987 0.0000 0.0013
25 0.0000 0.0021 0.0000 0.9979 0.0000 0.0021
30 0.0000 0.0051 0.0000 0.9949 0.0000 0.0051
35 0.0000 0.0052 0.0000 0.9948 0.0000 0.0052
40 0.0023 0.0052 0.0000 0.9925 0.0023 0.0052
45 0.0062 0.0051 0.0000 0.9887 0.0062 0.0051
50 0.0060 0.0035 0.0000 0.9905 0.0060 0.0035
55 0.0074 0.0000 0.0000 0.9926 0.0074 0.0000
60 0.0049 0.0000 0.0000 0.9951 0.0049 0.0000
65 0.0112 0.0000 0.0000 0.9888 0.0112 0.0000
70 0.0131 0.0000 0.0000 0.9869 0.0131 0.0000
75 0.0128 0.0000 0.0000 0.9872 0.0128 0.0000
80 0.0220 0.0000 0.0000 0.9780 0.0220 0.0000
85 0.0281 0.0000 0.0000 0.9719 0.0281 0.0000
90 0.0242 0.0000 0.0000 0.9758 0.0242 0.0000
95 0.0238 0.0000 0.0000 0.9762 0.0238 0.0000
100 0.0223 0.0000 0.0000 0.9777 0.0223 0.0000
105 0.0201 0.0000 0.0000 0.9799 0.0201 0.0000
110 0.0169 0.0000 0.0000 0.9831 0.0169 0.0000
115 0.0198 0.0000 0.0000 0.9802 0.0198 0.0000
120 0.0179 0.0000 0.0000 0.9821 0.0179 0.0000
125 0.0232 0.0000 0.0000 0.9768 0.0232 0.0000
130 0.0228 0.0000 0.0000 0.9772 0.0228 0.0000
135 0.0225 0.0000 0.0000 0.9775 0.0225 0.0000
140 0.0228 0.0000 0.0000 0.9772 0.0228 0.0000
145 0.0269 0.0000 0.0000 0.9731 0.0269 0.0000
150 0.0200 0.0000 0.0000 0.9800 0.0200 0.0000
155 0.0197 0.0000 0.0000 0.9803 0.0197 0.0000
160 0.0259 0.0000 0.0000 0.9741 0.0259 0.0000
165 0.0319 0.0000 0.0000 0.9681 0.0319 0.0000
170 0.0484 0.0000 0.0000 0.9516 0.0484 0.0000
175 0.0484 0.0010 0.0000 0.9505 0.0484 0.0010
180 0.0491 0.0069 0.0000 0.9439 0.0491 0.0069
185 0.0567 0.0119 0.0000 0.9314 0.0567 0.0119
190 0.0569 0.0135 0.0000 0.9296 0.0569 0.0135
195 0.0538 0.0187 0.0000 0.9275 0.0538 0.0187
200 0.0497 0.0178 0.0000 0.9325 0.0497 0.0178
205 0.0474 0.0185 0.0000 0.9341 0.0474 0.0185
210 0.0473 0.0096 0.0000 0.9431 0.0473 0.0096
215 0.0494 0.0087 0.0000 0.9420 0.0494 0.0087
220 0.0496 0.0087 0.0000 0.9417 0.0496 0.0087
225 0.0548 0.0055 0.0000 0.9396 0.0548 0.0055
230 0.0627 0.0077 0.0000 0.9296 0.0627 0.0077
235 0.0619 0.0057 0.0000 0.9325 0.0619 0.0057
240 0.0608 0.0062 0.0000 0.9329 0.0608 0.0062
245 0.0584 0.0102 0.0000 0.9314 0.0584 0.0102
250 0.0558 0.0111 0.0000 0.9331 0.0558 0.0111
255 0.0569 0.0145 0.0000 0.9287 0.0569 0.0145
260 0.0630 0.0157 0.0000 0.9213 0.0630 0.0157
265 0.0641 0.0161 0.0000 0.9199 0.0641 0.0161
270 0.0602 0.0131 0.0000 0.9267 0.0602 0.0131
275 0.0553 0.0073 0.0000 0.9374 0.0553 0.0073
280 0.0573 0.0086 0.0000 0.9341 0.0573 0.0086
285 0.0553 0.0089 0.0000 0.9358 0.0553 0.0089
290 0.0499 0.0061 0.0000 0.9439 0.0499 0.0061
295 0.0476 0.0069 0.0000 0.9454 0.0476 0.0069
300 0.0459 0.0067 0.0000 0.9474 0.0459 0.0067
305 0.0390 0.0071 0.0000 0.9540 0.0390 0.0071
310 0.0395 0.0105 0.0000 0.9499 0.0395 0.0105
315 0.0376 0.0113 0.0000 0.9511 0.0376 0.0113
320 0.0365 0.0123 0.0000 0.9512 0.0365 0.0123
325 0.0379 0.0114 0.0000 0.9506 0.0379 0.0114
330 0.0419 0.0120 0.0000 0.9461 0.0419 0.0120
335 0.0414 0.0136 0.0000 0.9450 0.0414 0.0136
340 0.0391 0.0106 0.0000 0.9503 0.0391 0.0106
345 0.0363 0.0118 0.0000 0.9519 0.0363 0.0118
350 0.0336 0.0161 0.0000 0.9503 0.0336 0.0161
355 0.0316 0.0180 0.0000 0.9504 0.0316 0.0180
360 0.0308 0.0200 0.0000 0.9492 0.0308 0.0200
365 0.0332 0.0140 0.0000 0.9528 0.0332 0.0140
370 0.0330 0.0134 0.0000 0.9536 0.0330 0.0134
375 0.0316 0.0124 0.0000 0.9561 0.0316 0.0124
380 0.0305 0.0106 0.0000 0.9588 0.0305 0.0106
385 0.0296 0.0060 0.0000 0.9644 0.0296 0.0060
390 0.0354 0.0047 0.0000 0.9599 0.0354 0.0047
395 0.0398 0.0052 0.0000 0.9550 0.0398 0.0052
400 0.0378 0.0028 0.0000 0.9594 0.0378 0.0028
405 0.0376 0.0000 0.0000 0.9624 0.0376 0.0000
410 0.0408 0.0000 0.0000 0.9592 0.0408 0.0000
415 0.0380 0.0014 0.0000 0.9606 0.0380 0.0014
420 0.0319 0.0013 0.0000 0.9668 0.0319 0.0013
425 0.0310 0.0013 0.0000 0.9677 0.0310 0.0013
430 0.0297 0.0014 0.0000 0.9689 0.0297 0.0014
435 0.0299 0.0000 0.0000 0.9701 0.0299 0.0000
440 0.0247 0.0000 0.0000 0.9753 0.0247 0.0000
445 0.0266 0.0012 0.0000 0.9723 0.0266 0.0012
450 0.0232 0.0013 0.0000 0.9755 0.0232 0.0013
455 0.0201 0.0027 0.0000 0.9772 0.0201 0.0027
460 0.0256 0.0028 0.0000 0.9717 0.0256 0.0028
465 0.0345 0.0010 0.0000 0.9645 0.0345 0.0010
470 0.0361 0.0000 0.0000 0.9639 0.0361 0.0000
475 0.0375 0.0000 0.0000 0.9625 0.0375 0.0000
480 0.0430 0.0000 0.0000 0.9570 0.0430 0.0000
485 0.0416 0.0000 0.0000 0.9584 0.0416 0.0000
490 0.0475 0.0028 0.0000 0.9497 0.0475 0.0028
495 0.0459 0.0028 0.0000 0.9513 0.0459 0.0028
500 0.0465 0.0039 0.0000 0.9496 0.0465 0.0039
505 0.0464 0.0013 0.0000 0.9524 0.0464 0.0013
510 0.0435 0.0014 0.0000 0.9551 0.0435 0.0014
515 0.0427 0.0000 0.0000 0.9573 0.0427 0.0000
520 0.0422 0.0013 0.0000 0.9565 0.0422 0.0013
525 0.0456 0.0025 0.0000 0.9519 0.0456 0.0025
530 0.0452 0.0076 0.0000 0.9472 0.0452 0.0076
535 0.0476 0.0075 0.0000 0.9448 0.0476 0.0075
540 0.0479 0.0092 0.0000 0.9429 0.0479 0.0092
545 0.0504 0.0091 0.0000 0.9405 0.0504 0.0091
550 0.0501 0.0110 0.0000 0.9390 0.0501 0.0110
555 0.0527 0.0118 0.0000 0.9355 0.0527 0.0118
560 0.0556 0.0133 0.0000 0.9311 0.0556 0.0133
565 0.0613 0.0154 0.0000 0.9233 0.0613 0.0154
570 0.0609 0.0149 0.0000 0.9242 0.0609 0.0149
575 0.0573 0.0207 0.0000 0.9220 0.0573 0.0207
580 0.0546 0.0142 0.0000 0.9312 0.0546 0.0142
585 0.0573 0.0150 0.0010 0.9287 0.0563 0.0140
590 0.0583 0.0155 0.0008 0.9270 0.0575 0.0147
595 0.0570 0.0203 0.0010 0.9237 0.0560 0.0193
600 0.0610 0.0234 0.0010 0.9166 0.0600 0.0223
605 0.0636 0.0221 0.0021 0.9164 0.0615 0.0200
610 0.0637 0.0201 0.0028 0.9190 0.0609 0.0173
615 0.0608 0.0198 0.0028 0.9222 0.0580 0.0170
620 0.0577 0.0177 0.0006 0.9252 0.0571 0.0171
625 0.0598 0.0169 0.0007 0.9240 0.0591 0.0162
630 0.0612 0.0180 0.0007 0.9215 0.0605 0.0173
635 0.0650 0.0200 0.0015 0.9165 0.0635 0.0185
640 0.0658 0.0212 0.0006 0.9136 0.0652 0.0206
645 0.0663 0.0224 0.0012 0.9125 0.0651 0.0213
650 0.0628 0.0242 0.0000 0.9131 0.0628 0.0242
655 0.0608 0.0267 0.0000 0.9125 0.0608 0.0267
660 0.0548 0.0286 0.0000 0.9166 0.0548 0.0286
665 0.0590 0.0290 0.0000 0.9120 0.0590 0.0290
670 0.0572 0.0265 0.0000 0.9163 0.0572 0.0265
675 0.0589 0.0221 0.0000 0.9191 0.0589 0.0221
680 0.0584 0.0221 0.0000 0.9195 0.0584 0.0221
685 0.0578 0.0192 0.0000 0.9230 0.0578 0.0192
690 0.0564 0.0149 0.0000 0.9287 0.0564 0.0149
695 0.0610 0.0140 0.0000 0.9250 0.0610 0.0140
700 0.0681 0.0132 0.0000 0.9187 0.0681 0.0132
705 0.0673 0.0138 0.0000 0.9190 0.0673 0.0138
710 0.0717 0.0136 0.0000 0.9147 0.0717 0.0136
715 0.0748 0.0173 0.0037 0.9116 0.0711 0.0136
720 0.0719 0.0194 0.0050 0.9136 0.0669 0.0145
725 0.0671 0.0205 0.0057 0.9181 0.0614 0.0148
730 0.0702 0.0209 0.0047 0.9136 0.0654 0.0162
735 0.0702 0.0176 0.0012 0.9134 0.0690 0.0164
740 0.0728 0.0191 0.0012 0.9092 0.0717 0.0179
745 0.0709 0.0254 0.0010 0.9047 0.0698 0.0244
750 0.0680 0.0265 0.0012 0.9067 0.0668 0.0253
755 0.0557 0.0246 0.0015 0.9211 0.0542 0.0231
760 0.0590 0.0247 0.0000 0.9163 0.0590 0.0247
765 0.0634 0.0264 0.0013 0.9116 0.0621 0.0251
770 0.0649 0.0219 0.0008 0.9141 0.0641 0.0210
775 0.0630 0.0223 0.0010 0.9157 0.0620 0.0213
780 0.0585 0.0199 0.0000 0.9216 0.0585 0.0199
785 0.0612 0.0194 0.0000 0.9194 0.0612 0.0194
790 0.0687 0.0237 0.0000 0.9076 0.0687 0.0237
795 0.0696 0.0280 0.0001 0.9025 0.0695 0.0279
800 0.0679 0.0253 0.0001 0.9069 0.0678 0.0252
805 0.0698 0.0232 0.0008 0.9077 0.0690 0.0224
810 0.0709 0.0155 0.0008 0.9144 0.0701 0.0147
815 0.0621 0.0140 0.0008 0.9247 0.0613 0.0132
820 0.0642 0.0138 0.0024 0.9245 0.0617 0.0113
825 0.0619 0.0096 0.0022 0.9307 0.0597 0.0074
830 0.0639 0.0111 0.0037 0.9287 0.0602 0.0074
835 0.0642 0.0091 0.0039 0.9306 0.0602 0.0052
840 0.0608 0.0074 0.0036 0.9354 0.0572 0.0038
845 0.0558 0.0054 0.0039 0.9427 0.0519 0.0015
850 0.0525 0.0036 0.0036 0.9475 0.0489 0.0000
855 0.0472 0.0025 0.0025 0.9528 0.0446 0.0000
860 0.0454 0.0023 0.0023 0.9546 0.0431 0.0000
865 0.0444 0.0036 0.0036 0.9556 0.0408 0.0000
870 0.0481 0.0047 0.0046 0.9518 0.0435 0.0001
875 0.0410 0.0047 0.0044 0.9586 0.0367 0.0003
880 0.0430 0.0149 0.0042 0.9462 0.0388 0.0108
885 0.0430 0.0118 0.0022 0.9474 0.0408 0.0096
890 0.0401 0.0111 0.0000 0.9488 0.0401 0.0111
895 0.0415 0.0133 0.0000 0.9452 0.0415 0.0133
900 0.0355 0.0219 0.0000 0.9427 0.0355 0.0219
905 0.0334 0.0295 0.0000 0.9371 0.0334 0.0295
910 0.0353 0.0291 0.0000 0.9356 0.0353 0.0291
915 0.0392 0.0252 0.0000 0.9356 0.0392 0.0252
920 0.0415 0.0158 0.0000 0.9427 0.0415 0.0158
925 0.0481 0.0095 0.0007 0.9431 0.0474 0.0088
930 0.0469 0.0091 0.0002 0.9442 0.0467 0.0089
935 0.0400 0.0075 0.0000 0.9525 0.0400 0.0075
940 0.0387 0.0069 0.0000 0.9543 0.0387 0.0069
945 0.0392 0.0080 0.0000 0.9528 0.0392 0.0080
950 0.0404 0.0068 0.0000 0.9528 0.0404 0.0068
955 0.0422 0.0071 0.0000 0.9507 0.0422 0.0071
960 0.0404 0.0121 0.0000 0.9475 0.0404 0.0121
965 0.0460 0.0116 0.0000 0.9424 0.0460 0.0116
970 0.0506 0.0154 0.0000 0.9340 0.0506 0.0154
975 0.0486 0.0219 0.0009 0.9305 0.0476 0.0209
980 0.0462 0.0172 0.0002 0.9368 0.0460 0.0170
985 0.0432 0.0110 0.0007 0.9465 0.0425 0.0103
990 0.0434 0.0110 0.0009 0.9466 0.0424 0.0101
995 0.0437 0.0111 0.0013 0.9465 0.0424 0.0098
1000 0.0243 0.0118 0.0020 0.9659 0.0223 0.0098
1005 0.0247 0.0103 0.0021 0.9670 0.0227 0.0082
1010 0.0265 0.0111 0.0023 0.9647 0.0242 0.0088
1015 0.0251 0.0087 0.0000 0.9662 0.0251 0.0087
1020 0.0296 0.0082 0.0000 0.9622 0.0296 0.0082
1025 0.0333 0.0060 0.0000 0.9607 0.0333 0.0060
1030 0.0379 0.0072 0.0000 0.9549 0.0379 0.0072
1035 0.0361 0.0051 0.0000 0.9588 0.0361 0.0051
1040 0.0356 0.0046 0.0000 0.9598 0.0356 0.0046
1045 0.0351 0.0010 0.0000 0.9638 0.0351 0.0010
1050 0.0324 0.0000 0.0000 0.9676 0.0324 0.0000
1055 0.0321 0.0000 0.0000 0.9679 0.0321 0.0000
1060 0.0320 0.0000 0.0000 0.9680 0.0320 0.0000
1065 0.0336 0.0024 0.0000 0.9639 0.0336 0.0024
1070 0.0302 0.0022 0.0000 0.9676 0.0302 0.0022
1075 0.0311 0.0060 0.0000 0.9629 0.0311 0.0060
1080 0.0320 0.0089 0.0012 0.9602 0.0309 0.0077
1085 0.0303 0.0109 0.0010 0.9599 0.0293 0.0098
1090 0.0305 0.0146 0.0013 0.9562 0.0293 0.0133
1095 0.0388 0.0121 0.0000 0.9490 0.0388 0.0121
1100 0.0414 0.0117 0.0000 0.9469 0.0414 0.0117
1105 0.0410 0.0108 0.0000 0.9482 0.0410 0.0108
1110 0.0394 0.0104 0.0000 0.9502 0.0394 0.0104
1115 0.0358 0.0132 0.0027 0.9536 0.0332 0.0105
1120 0.0342 0.0193 0.0028 0.9492 0.0314 0.0165
1125 0.0318 0.0190 0.0021 0.9513 0.0297 0.0169
1130 0.0336 0.0193 0.0014 0.9484 0.0323 0.0179
1135 0.0371 0.0207 0.0014 0.9436 0.0357 0.0193
1140 0.0385 0.0195 0.0000 0.9420 0.0385 0.0195
1145 0.0395 0.0349 0.0000 0.9255 0.0395 0.0349
1150 0.0410 0.0414 0.0000 0.9176 0.0410 0.0414
1155 0.0415 0.0422 0.0000 0.9163 0.0415 0.0422
1160 0.0384 0.0504 0.0000 0.9112 0.0384 0.0504
1165 0.0369 0.0517 0.0000 0.9114 0.0369 0.0517
1170 0.0386 0.0498 0.0000 0.9116 0.0386 0.0498
1175 0.0409 0.0499 0.0000 0.9091 0.0409 0.0499
1180 0.0431 0.0464 0.0002 0.9107 0.0429 0.0461
1185 0.0410 0.0553 0.0020 0.9057 0.0391 0.0533
1190 0.0414 0.0524 0.0029 0.9091 0.0385 0.0495
1195 0.0439 0.0591 0.0038 0.9008 0.0401 0.0553
1200 0.0449 0.0607 0.0052 0.8996 0.0397 0.0555
1205 0.0456 0.0608 0.0043 0.8979 0.0413 0.0565
1210 0.0453 0.0565 0.0012 0.8993 0.0442 0.0554
1215 0.0444 0.0528 0.0000 0.9028 0.0444 0.0528
1220 0.0406 0.0567 0.0000 0.9028 0.0406 0.0567
1225 0.0375 0.0643 0.0000 0.8983 0.0375 0.0643
1230 0.0363 0.0605 0.0000 0.9032 0.0363 0.0605
1235 0.0392 0.0642 0.0000 0.8966 0.0392 0.0642
1240 0.0412 0.0626 0.0000 0.8963 0.0412 0.0626
1245 0.0499 0.0577 0.0000 0.8924 0.0499 0.0577
1250 0.0499 0.0457 0.0000 0.9044 0.0499 0.0457
1255 0.0546 0.0373 0.0000 0.9081 0.0546 0.0373
1260 0.0546 0.0362 0.0000 0.9092 0.0546 0.0362
1265 0.0545 0.0349 0.0000 0.9106 0.0545 0.0349
1270 0.0517 0.0398 0.0000 0.9085 0.0517 0.0398
1275 0.0518 0.0447 0.0000 0.9035 0.0518 0.0447
1280 0.0473 0.0482 0.0000 0.9045 0.0473 0.0482
1285 0.0413 0.0461 0.0000 0.9126 0.0413 0.0461
1290 0.0380 0.0387 0.0000 0.9232 0.0380 0.0387
1295 0.0458 0.0428 0.0000 0.9114 0.0458 0.0428
1300 0.0452 0.0420 0.0000 0.9128 0.0452 0.0420
1305 0.0472 0.0442 0.0000 0.9087 0.0472 0.0442
1310 0.0490 0.0432 0.0000 0.9077 0.0490 0.0432
1315 0.0466 0.0437 0.0000 0.9097 0.0466 0.0437
1320 0.0468 0.0438 0.0000 0.9094 0.0468 0.0438
1325 0.0511 0.0532 0.0000 0.8957 0.0511 0.0532
1330 0.0548 0.0487 0.0024 0.8989 0.0524 0.0462
1335 0.0527 0.0494 0.0013 0.8992 0.0515 0.0481
1340 0.0524 0.0484 0.0013 0.9005 0.0511 0.0472
1345 0.0556 0.0535 0.0007 0.8915 0.0549 0.0528
1350 0.0528 0.0571 0.0013 0.8913 0.0516 0.0558
1355 0.0483 0.0571 0.0020 0.8965 0.0464 0.0552
1360 0.0486 0.0582 0.0022 0.8955 0.0464 0.0560
1365 0.0535 0.0608 0.0042 0.8898 0.0494 0.0567
1370 0.0520 0.0660 0.0074 0.8894 0.0446 0.0586
1375 0.0593 0.0754 0.0075 0.8728 0.0518 0.0679
1380 0.0630 0.0755 0.0079 0.8693 0.0552 0.0676
1385 0.0669 0.0741 0.0089 0.8678 0.0580 0.0652
1390 0.0721 0.0815 0.0097 0.8561 0.0624 0.0718
1395 0.0731 0.0799 0.0090 0.8561 0.0641 0.0709
1400 0.0725 0.0723 0.0077 0.8630 0.0647 0.0645
1405 0.0687 0.0639 0.0072 0.8746 0.0615 0.0568
1410 0.0746 0.0645 0.0084 0.8693 0.0661 0.0561
1415 0.0730 0.0660 0.0055 0.8666 0.0674 0.0605
1420 0.0688 0.0705 0.0062 0.8669 0.0626 0.0643
1425 0.0681 0.0703 0.0086 0.8702 0.0595 0.0617
1430 0.0741 0.0683 0.0108 0.8683 0.0634 0.0576
1435 0.0791 0.0690 0.0109 0.8628 0.0682 0.0582
1440 0.0793 0.0723 0.0105 0.8589 0.0688 0.0617
1445 0.0767 0.0695 0.0110 0.8648 0.0657 0.0585
1450 0.0687 0.0700 0.0075 0.8689 0.0612 0.0624
1455 0.0686 0.0678 0.0083 0.8720 0.0602 0.0594
1460 0.0679 0.0684 0.0075 0.8712 0.0604 0.0609
1465 0.0676 0.0688 0.0072 0.8707 0.0605 0.0616
1470 0.0630 0.0664 0.0077 0.8784 0.0553 0.0586
1475 0.0661 0.0644 0.0061 0.8756 0.0600 0.0583
1480 0.0675 0.0631 0.0061 0.8755 0.0614 0.0570
1485 0.0807 0.0582 0.0069 0.8681 0.0738 0.0512
1490 0.0792 0.0645 0.0071 0.8633 0.0721 0.0575
1495 0.0854 0.0705 0.0064 0.8504 0.0791 0.0642
1500 0.0834 0.0791 0.0060 0.8436 0.0773 0.0731
1505 0.0765 0.0849 0.0039 0.8425 0.0726 0.0809
1510 0.0700 0.0853 0.0010 0.8458 0.0689 0.0843
1515 0.0806 0.0856 0.0000 0.8339 0.0806 0.0856
1520 0.0871 0.0792 0.0000 0.8337 0.0871 0.0792
1525 0.0863 0.0806 0.0005 0.8336 0.0858 0.0801
1530 0.0897 0.0837 0.0000 0.8266 0.0897 0.0837
1535 0.0889 0.0815 0.0000 0.8296 0.0889 0.0815
1540 0.0919 0.0834 0.0009 0.8256 0.0910 0.0824
1545 0.0961 0.0911 0.0003 0.8132 0.0957 0.0908
1550 0.0941 0.0873 0.0017 0.8203 0.0924 0.0856
1555 0.0931 0.0930 0.0016 0.8156 0.0915 0.0913
1560 0.0963 0.0928 0.0018 0.8127 0.0945 0.0910
1565 0.1013 0.0920 0.0005 0.8071 0.1008 0.0916
1570 0.1024 0.0982 0.0009 0.8003 0.1015 0.0972
1575 0.1005 0.0942 0.0024 0.8077 0.0980 0.0918
1580 0.0935 0.0871 0.0020 0.8214 0.0916 0.0851
1585 0.0861 0.0843 0.0025 0.8321 0.0836 0.0817
1590 0.0851 0.0841 0.0045 0.8354 0.0806 0.0795
1595 0.0876 0.0872 0.0061 0.8313 0.0815 0.0810
1600 0.0891 0.0857 0.0047 0.8299 0.0844 0.0809
1605 0.0859 0.0789 0.0021 0.8373 0.0838 0.0768
1610 0.0932 0.0784 0.0074 0.8358 0.0858 0.0710
1615 0.0927 0.0749 0.0076 0.8400 0.0851 0.0673
1620 0.0918 0.0749 0.0071 0.8403 0.0847 0.0679
1625 0.0898 0.0710 0.0068 0.8460 0.0830 0.0642
1630 0.0861 0.0667 0.0047 0.8519 0.0814 0.0620
1635 0.0847 0.0590 0.0040 0.8603 0.0807 0.0549
1640 0.0829 0.0624 0.0044 0.8591 0.0785 0.0580
1645 0.0837 0.0706 0.0051 0.8507 0.0786 0.0656
1650 0.0847 0.0748 0.0052 0.8456 0.0795 0.0696
1655 0.0895 0.0752 0.0058 0.8411 0.0837 0.0694
1660 0.0889 0.0748 0.0057 0.8419 0.0832 0.0691
1665 0.0902 0.0754 0.0031 0.8376 0.0871 0.0723
1670 0.0831 0.0700 0.0000 0.8469 0.0831 0.0700
1675 0.0844 0.0658 0.0000 0.8498 0.0844 0.0658
1680 0.0853 0.0667 0.0000 0.8480 0.0853 0.0667
1685 0.0883 0.0627 0.0000 0.8490 0.0883 0.0627
1690 0.0850 0.0627 0.0000 0.8524 0.0850 0.0627
1695 0.0853 0.0567 0.0000 0.8580 0.0853 0.0567
1700 0.0767 0.0600 0.0000 0.8633 0.0767 0.0600
1705 0.0643 0.0575 0.0000 0.8783 0.0643 0.0575
1710 0.0606 0.0580 0.0000 0.8814 0.0606 0.0580
1715 0.0582 0.0622 0.0000 0.8796 0.0582 0.0622
1720 0.0546 0.0638 0.0000 0.8816 0.0546 0.0638
1725 0.0592 0.0665 0.0000 0.8743 0.0592 0.0665
1730 0.0688 0.0651 0.0000 0.8661 0.0688 0.0651
1735 0.0703 0.0577 0.0000 0.8720 0.0703 0.0577
1740 0.0723 0.0536 0.0000 0.8741 0.0723 0.0536
1745 0.0771 0.0590 0.0000 0.8639 0.0771 0.0590
1750 0.0777 0.0590 0.0000 0.8633 0.0777 0.0590
1755 0.0775 0.0584 0.0000 0.8641 0.0775 0.0584
1760 0.0767 0.0595 0.0000 0.8638 0.0767 0.0595
1765 0.0798 0.0614 0.0000 0.8588 0.0798 0.0614
1770 0.0787 0.0556 0.0000 0.8656 0.0787 0.0556
1775 0.0780 0.0572 0.0000 0.8647 0.0780 0.0572
1780 0.0822 0.0586 0.0000 0.8592 0.0822 0.0586
1785 0.0808 0.0630 0.0000 0.8562 0.0808 0.0630
1790 0.0823 0.0650 0.0000 0.8527 0.0823 0.0650
1795 0.0802 0.0650 0.0000 0.8548 0.0802 0.0650
1800 0.0765 0.0577 0.0000 0.8658 0.0765 0.0577
1805 0.0755 0.0564 0.0000 0.8681 0.0755 0.0564
1810 0.0804 0.0517 0.0000 0.8680 0.0804 0.0517
1815 0.0784 0.0532 0.0000 0.8684 0.0784 0.0532
1820 0.0738 0.0479 0.0000 0.8784 0.0738 0.0479
1825 0.0731 0.0452 0.0000 0.8817 0.0731 0.0452
1830 0.0697 0.0407 0.0000 0.8896 0.0697 0.0407
1835 0.0770 0.0428 0.0009 0.8811 0.0761 0.0419
1840 0.0757 0.0409 0.0012 0.8845 0.0746 0.0398
1845 0.0791 0.0430 0.0013 0.8792 0.0778 0.0417
1850 0.0808 0.0428 0.0000 0.8764 0.0808 0.0428
1855 0.0772 0.0405 0.0000 0.8823 0.0772 0.0405
1860 0.0733 0.0421 0.0000 0.8846 0.0733 0.0421
1865 0.0752 0.0435 0.0038 0.8852 0.0713 0.0397
1870 0.0763 0.0467 0.0062 0.8832 0.0701 0.0405
1875 0.0817 0.0475 0.0072 0.8779 0.0746 0.0404
1880 0.0826 0.0503 0.0086 0.8757 0.0740 0.0417
1885 0.0746 0.0527 0.0065 0.8792 0.0681 0.0462
1890 0.0706 0.0553 0.0057 0.8798 0.0650 0.0496
1895 0.0659 0.0582 0.0045 0.8804 0.0614 0.0536
1900 0.0590 0.0614 0.0058 0.8854 0.0532 0.0556
1905 0.0573 0.0680 0.0059 0.8806 0.0515 0.0621
1910 0.0610 0.0675 0.0043 0.8757 0.0568 0.0632
1915 0.0553 0.0627 0.0045 0.8866 0.0508 0.0582
1920 0.0562 0.0660 0.0064 0.8841 0.0498 0.0597
1925 0.0583 0.0686 0.0077 0.8809 0.0505 0.0608
1930 0.0641 0.0735 0.0096 0.8720 0.0545 0.0639
1935 0.0620 0.0784 0.0102 0.8698 0.0518 0.0682
1940 0.0627 0.0760 0.0081 0.8695 0.0546 0.0679
1945 0.0649 0.0728 0.0083 0.8706 0.0565 0.0645
1950 0.0661 0.0716 0.0071 0.8693 0.0591 0.0645
1955 0.0641 0.0735 0.0080 0.8704 0.0561 0.0656
1960 0.0600 0.0695 0.0065 0.8770 0.0535 0.0630
1965 0.0620 0.0706 0.0071 0.8744 0.0549 0.0636
1970 0.0584 0.0735 0.0045 0.8726 0.0539 0.0690
1975 0.0593 0.0755 0.0034 0.8685 0.0560 0.0721
1980 0.0649 0.0748 0.0007 0.8610 0.0642 0.0741
1985 0.0725 0.0745 0.0006 0.8536 0.0719 0.0739
1990 0.0702 0.0742 0.0000 0.8556 0.0702 0.0742
1995 0.0697 0.0755 0.0002 0.8550 0.0695 0.0753
2000 0.0949 0.0743 0.0000 0.8308 0.0949 0.0743
2005 0.0925 0.0724 0.0000 0.8351 0.0925 0.0724
2010 0.0914 0.0728 0.0000 0.8358 0.0914 0.0728
2015 0.0879 0.0721 0.0000 0.8400 0.0879 0.0721
2020 0.0855 0.0779 0.0000 0.8366 0.0855 0.0779
2025 0.0751 0.0744 0.0001 0.8505 0.0750 0.0743
2030 0.0744 0.0734 0.0000 0.8522 0.0744 0.0734
2035 0.0748 0.0715 0.0000 0.8537 0.0748 0.0715
2040 0.0702 0.0733 0.0000 0.8566 0.0702 0.0733
2045 0.0657 0.0722 0.0000 0.8621 0.0657 0.0722
2050 0.0642 0.0689 0.0000 0.8670 0.0642 0.0689
2055 0.0595 0.0683 0.0000 0.8722 0.0595 0.0683
2060 0.0538 0.0632 0.0000 0.8830 0.0538 0.0632
2065 0.0592 0.0598 0.0000 0.8810 0.0592 0.0598
2070 0.0621 0.0614 0.0000 0.8764 0.0621 0.0614
2075 0.0751 0.0598 0.0000 0.8651 0.0751 0.0598
2080 0.0773 0.0625 0.0000 0.8602 0.0773 0.0625
2085 0.0688 0.0593 0.0000 0.8719 0.0688 0.0593
2090 0.0572 0.0549 0.0000 0.8879 0.0572 0.0549
2095 0.0578 0.0541 0.0012 0.8893 0.0566 0.0529
2100 0.0577 0.0495 0.0011 0.8939 0.0566 0.0484
2105 0.0608 0.0538 0.0011 0.8865 0.0598 0.0527
2110 0.0476 0.0515 0.0013 0.9022 0.0463 0.0502
2115 0.0411 0.0559 0.0048 0.9078 0.0363 0.0510
2120 0.0435 0.0657 0.0071 0.8979 0.0364 0.0586
2125 0.0463 0.0683 0.0074 0.8928 0.0389 0.0608
2130 0.0493 0.0810 0.0083 0.8780 0.0410 0.0728
2135 0.0521 0.0854 0.0083 0.8707 0.0438 0.0772
2140 0.0554 0.0805 0.0100 0.8742 0.0454 0.0704
2145 0.0696 0.0784 0.0106 0.8626 0.0590 0.0678
2150 0.0750 0.0711 0.0093 0.8632 0.0657 0.0618
2155 0.0762 0.0683 0.0091 0.8646 0.0671 0.0592
2160 0.0768 0.0698 0.0116 0.8650 0.0652 0.0582
2165 0.0756 0.0737 0.0156 0.8663 0.0600 0.0581
2170 0.0790 0.0722 0.0136 0.8624 0.0655 0.0586
2175 0.0767 0.0723 0.0103 0.8613 0.0664 0.0620
2180 0.0810 0.0673 0.0072 0.8588 0.0738 0.0601
2185 0.0630 0.0658 0.0032 0.8744 0.0598 0.0626
2190 0.0573 0.0621 0.0011 0.8816 0.0562 0.0611
2195 0.0579 0.0675 0.0014 0.8761 0.0565 0.0660
2200 0.0538 0.0703 0.0020 0.8780 0.0517 0.0683
2205 0.0595 0.0777 0.0034 0.8661 0.0561 0.0743
2210 0.0592 0.0756 0.0038 0.8690 0.0554 0.0718
2215 0.0577 0.0794 0.0041 0.8671 0.0535 0.0753
2220 0.0513 0.0814 0.0043 0.8716 0.0470 0.0772
2225 0.0539 0.0829 0.0044 0.8676 0.0495 0.0786
2230 0.0514 0.0842 0.0040 0.8684 0.0474 0.0802
2235 0.0547 0.0874 0.0046 0.8625 0.0501 0.0828
2240 0.0591 0.0833 0.0027 0.8603 0.0564 0.0806
2245 0.0630 0.0761 0.0022 0.8632 0.0607 0.0738
2250 0.0677 0.0695 0.0012 0.8640 0.0665 0.0683
2255 0.0818 0.0662 0.0034 0.8555 0.0783 0.0627
2260 0.0803 0.0637 0.0043 0.8602 0.0761 0.0594
2265 0.0768 0.0673 0.0058 0.8616 0.0710 0.0616
2270 0.0690 0.0647 0.0064 0.8726 0.0626 0.0584
2275 0.0581 0.0613 0.0056 0.8861 0.0526 0.0558
2280 0.0551 0.0728 0.0043 0.8764 0.0508 0.0685
2285 0.0560 0.0859 0.0048 0.8629 0.0512 0.0810
2290 0.0565 0.0943 0.0061 0.8554 0.0503 0.0881
2295 0.0587 0.0963 0.0079 0.8529 0.0508 0.0884
2300 0.0546 0.0935 0.0053 0.8573 0.0493 0.0881
2305 0.0523 0.0885 0.0035 0.8627 0.0488 0.0849
2310 0.0488 0.0861 0.0040 0.8691 0.0448 0.0821
2315 0.0487 0.0799 0.0047 0.8762 0.0440 0.0751
2320 0.0451 0.0735 0.0037 0.8850 0.0415 0.0698
2325 0.0495 0.0689 0.0058 0.8874 0.0437 0.0631
2330 0.0482 0.0688 0.0054 0.8885 0.0428 0.0633
2335 0.0454 0.0759 0.0066 0.8854 0.0388 0.0692
2340 0.0408 0.0858 0.0064 0.8798 0.0344 0.0794
2345 0.0404 0.0867 0.0063 0.8791 0.0341 0.0805
2350 0.0408 0.0912 0.0066 0.8746 0.0341 0.0846
2355 0.0415 0.0927 0.0091 0.8749 0.0324 0.0836
2360 0.0440 0.0870 0.0097 0.8788 0.0343 0.0773
2365 0.0507 0.0881 0.0134 0.8745 0.0373 0.0748
2370 0.0469 0.0916 0.0031 0.8646 0.0438 0.0885
2375 0.0525 0.0903 0.0028 0.8601 0.0496 0.0874
2380 0.0567 0.0916 0.0032 0.8549 0.0535 0.0884
2385 0.0580 0.0893 0.0074 0.8601 0.0506 0.0819
2390 0.0604 0.0894 0.0077 0.8579 0.0527 0.0818
2395 0.0647 0.0893 0.0106 0.8566 0.0541 0.0787
2400 0.0678 0.0901 0.0117 0.8537 0.0561 0.0784
2405 0.0686 0.0924 0.0110 0.8500 0.0577 0.0814
2410 0.0736 0.0951 0.0129 0.8442 0.0607 0.0822
2415 0.0794 0.0944 0.0113 0.8375 0.0681 0.0831
2420 0.0806 0.0940 0.0136 0.8390 0.0670 0.0805
2425 0.0768 0.0950 0.0145 0.8427 0.0623 0.0805
2430 0.0748 0.0968 0.0162 0.8446 0.0586 0.0806
2435 0.0733 0.0923 0.0147 0.8491 0.0586 0.0776
2440 0.0770 0.0916 0.0163 0.8477 0.0607 0.0753
2445 0.0769 0.0950 0.0207 0.8488 0.0562 0.0743
2450 0.0734 0.0994 0.0202 0.8475 0.0532 0.0792
2455 0.0694 0.1049 0.0163 0.8420 0.0530 0.0886
2460 0.0612 0.1013 0.0122 0.8497 0.0490 0.0891
2465 0.0605 0.1047 0.0091 0.8439 0.0514 0.0956
2470 0.0517 0.0951 0.0026 0.8557 0.0491 0.0925
2475 0.0454 0.0891 0.0000 0.8655 0.0454 0.0891
2480 0.0432 0.0913 0.0000 0.8654 0.0432 0.0913
2485 0.0397 0.0940 0.0000 0.8663 0.0397 0.0940
2490 0.0385 0.0968 0.0000 0.8647 0.0385 0.0968
2495 0.0418 0.0989 0.0013 0.8606 0.0405 0.0976
2500 0.0414 0.0935 0.0035 0.8687 0.0378 0.0899
2505 0.0528 0.0985 0.0076 0.8562 0.0453 0.0910
2510 0.0546 0.0971 0.0105 0.8588 0.0441 0.0866
2515 0.0536 0.1048 0.0092 0.8508 0.0444 0.0956
2520 0.0499 0.1065 0.0098 0.8535 0.0401 0.0966
2525 0.0491 0.1082 0.0097 0.8523 0.0395 0.0985
2530 0.0503 0.1086 0.0121 0.8531 0.0383 0.0965
2535 0.0572 0.1075 0.0116 0.8469 0.0456 0.0959
2540 0.0595 0.1054 0.0125 0.8476 0.0470 0.0929
2545 0.0652 0.1057 0.0108 0.8398 0.0545 0.0950
2550 0.0740 0.1041 0.0129 0.8348 0.0611 0.0912
2555 0.0731 0.1062 0.0123 0.8329 0.0608 0.0939
2560 0.0834 0.1026 0.0112 0.8253 0.0722 0.0913
2565 0.0855 0.1040 0.0137 0.8242 0.0718 0.0903
2570 0.0854 0.1024 0.0119 0.8241 0.0735 0.0905
2575 0.0831 0.0990 0.0137 0.8316 0.0694 0.0853
2580 0.0702 0.0905 0.0169 0.8562 0.0533 0.0736
2585 0.0642 0.0892 0.0143 0.8609 0.0499 0.0749
2590 0.0704 0.0848 0.0139 0.8587 0.0565 0.0709
2595 0.0675 0.0906 0.0145 0.8565 0.0529 0.0761
2600 0.0816 0.0919 0.0201 0.8465 0.0616 0.0718
2605 0.0870 0.0968 0.0200 0.8362 0.0670 0.0768
2610 0.0938 0.0929 0.0187 0.8320 0.0751 0.0742
2615 0.0923 0.0900 0.0185 0.8362 0.0737 0.0715
2620 0.0929 0.0917 0.0174 0.8328 0.0755 0.0743
2625 0.0948 0.0933 0.0190 0.8309 0.0757 0.0743
2630 0.0885 0.0974 0.0219 0.8360 0.0666 0.0755
2635 0.0953 0.0997 0.0252 0.8301 0.0702 0.0746
2640 0.0865 0.1005 0.0258 0.8387 0.0607 0.0748
2645 0.0818 0.0957 0.0200 0.8425 0.0618 0.0757
2650 0.0864 0.0984 0.0203 0.8355 0.0660 0.0781
2655 0.0878 0.0972 0.0180 0.8329 0.0698 0.0793
2660 0.0939 0.0975 0.0196 0.8282 0.0743 0.0779
2665 0.0995 0.0953 0.0187 0.8238 0.0808 0.0767
2670 0.0926 0.1022 0.0210 0.8262 0.0716 0.0812
2675 0.0911 0.1014 0.0206 0.8281 0.0705 0.0808
2680 0.0909 0.1074 0.0215 0.8233 0.0694 0.0859
2685 0.0932 0.1095 0.0214 0.8186 0.0718 0.0881
2690 0.0963 0.1050 0.0181 0.8168 0.0782 0.0870
2695 0.0933 0.1029 0.0149 0.8186 0.0784 0.0880
2700 0.0910 0.0927 0.0129 0.8292 0.0781 0.0799
2705 0.0894 0.0894 0.0090 0.8301 0.0805 0.0805
2710 0.0932 0.0855 0.0096 0.8308 0.0836 0.0760
2715 0.0911 0.0917 0.0137 0.8309 0.0774 0.0780
2720 0.0914 0.0939 0.0122 0.8268 0.0793 0.0818
2725 0.0903 0.0952 0.0185 0.8331 0.0717 0.0767
2730 0.0891 0.0966 0.0183 0.8326 0.0708 0.0783
2735 0.0839 0.0974 0.0174 0.8361 0.0665 0.0800
2740 0.0781 0.0958 0.0194 0.8455 0.0587 0.0764
2745 0.0759 0.1042 0.0191 0.8391 0.0567 0.0851
2750 0.0679 0.1026 0.0200 0.8495 0.0480 0.0826
2755 0.0655 0.1074 0.0210 0.8482 0.0444 0.0864
2760 0.0650 0.1099 0.0180 0.8431 0.0470 0.0919
2765 0.0725 0.1103 0.0197 0.8368 0.0528 0.0906
2770 0.0799 0.1068 0.0167 0.8300 0.0632 0.0901
2775 0.0751 0.1056 0.0106 0.8299 0.0645 0.0950
2780 0.0782 0.1009 0.0109 0.8318 0.0673 0.0900
2785 0.0809 0.0983 0.0116 0.8323 0.0694 0.0867
2790 0.0838 0.0976 0.0143 0.8329 0.0695 0.0833
2795 0.0845 0.1023 0.0174 0.8306 0.0671 0.0849
2800 0.0865 0.1057 0.0171 0.8249 0.0694 0.0886
2805 0.0888 0.1070 0.0152 0.8194 0.0736 0.0918
2810 0.0885 0.0987 0.0148 0.8276 0.0737 0.0839
2815 0.0907 0.0897 0.0139 0.8335 0.0768 0.0757
2820 0.0912 0.0828 0.0103 0.8362 0.0809 0.0725
2825 0.0851 0.0760 0.0087 0.8477 0.0763 0.0672
2830 0.0903 0.0796 0.0093 0.8394 0.0809 0.0703
2835 0.0936 0.0788 0.0105 0.8381 0.0831 0.0683
2840 0.0966 0.0800 0.0099 0.8333 0.0867 0.0701
2845 0.1001 0.0840 0.0108 0.8267 0.0893 0.0733
2850 0.0970 0.0841 0.0061 0.8250 0.0909 0.0780
2855 0.0935 0.0906 0.0083 0.8242 0.0852 0.0823
2860 0.0926 0.0959 0.0090 0.8204 0.0836 0.0870
2865 0.0923 0.0969 0.0085 0.8194 0.0838 0.0884
2870 0.0873 0.0957 0.0092 0.8262 0.0781 0.0865
2875 0.0841 0.0905 0.0119 0.8373 0.0722 0.0786
2880 0.0859 0.0894 0.0126 0.8373 0.0733 0.0768
2885 0.0784 0.0833 0.0089 0.8471 0.0696 0.0744
2890 0.0749 0.0805 0.0089 0.8535 0.0660 0.0716
2895 0.0754 0.0740 0.0078 0.8585 0.0676 0.0662
2900 0.0776 0.0729 0.0056 0.8550 0.0721 0.0673
2905 0.0763 0.0716 0.0041 0.8562 0.0722 0.0675
2910 0.0760 0.0718 0.0058 0.8580 0.0702 0.0660
2915 0.0802 0.0757 0.0051 0.8491 0.0751 0.0707
2920 0.0800 0.0800 0.0051 0.8451 0.0749 0.0749
2925 0.0805 0.0877 0.0041 0.8360 0.0763 0.0835
2930 0.0831 0.0846 0.0106 0.8430 0.0724 0.0740
2935 0.0787 0.0786 0.0124 0.8552 0.0663 0.0662
2940 0.0733 0.0723 0.0103 0.8647 0.0630 0.0620
2945 0.0766 0.0743 0.0100 0.8592 0.0665 0.0643
2950 0.0710 0.0751 0.0086 0.8625 0.0624 0.0665
2955 0.0749 0.0682 0.0096 0.8665 0.0653 0.0586
2960 0.0776 0.0708 0.0100 0.8616 0.0676 0.0607
2965 0.0784 0.0702 0.0080 0.8594 0.0704 0.0621
2970 0.0822 0.0756 0.0139 0.8561 0.0683 0.0617
2975 0.0880 0.0733 0.0131 0.8518 0.0749 0.0601
2980 0.0857 0.0725 0.0158 0.8576 0.0698 0.0567
2985 0.0827 0.0697 0.0156 0.8632 0.0671 0.0541
2990 0.0832 0.0708 0.0155 0.8615 0.0677 0.0553
2995 0.0823 0.0707 0.0157 0.8627 0.0666 0.0549
3000 0.0860 0.0826 0.0181 0.8495 0.0679 0.0645
3005 0.0849 0.0805 0.0207 0.8553 0.0643 0.0598
3010 0.0846 0.0803 0.0172 0.8523 0.0673 0.0631
3015 0.0831 0.0803 0.0182 0.8548 0.0649 0.0621
3020 0.0897 0.0816 0.0223 0.8510 0.0673 0.0593
3025 0.0816 0.0961 0.0187 0.8410 0.0630 0.0774
3030 0.0906 0.0942 0.0187 0.8339 0.0720 0.0755
3035 0.0933 0.0940 0.0177 0.8303 0.0756 0.0763
3040 0.0942 0.0900 0.0170 0.8328 0.0772 0.0730
3045 0.0988 0.0911 0.0195 0.8296 0.0793 0.0716
3050 0.0885 0.0907 0.0195 0.8403 0.0690 0.0712
3055 0.1000 0.0953 0.0223 0.8270 0.0776 0.0730
3060 0.0982 0.0996 0.0217 0.8240 0.0764 0.0779
3065 0.0995 0.0916 0.0189 0.8279 0.0806 0.0727
3070 0.1035 0.0985 0.0207 0.8186 0.0828 0.0779
3075 0.1063 0.0964 0.0216 0.8189 0.0847 0.0748
3080 0.0997 0.0964 0.0202 0.8241 0.0795 0.0762
3085 0.1010 0.0959 0.0177 0.8208 0.0833 0.0782
3090 0.1068 0.0991 0.0221 0.8162 0.0847 0.0770
3095 0.1086 0.1041 0.0215 0.8088 0.0871 0.0826
3100 0.1152 0.0992 0.0174 0.8029 0.0978 0.0819
3105 0.1122 0.0975 0.0194 0.8097 0.0929 0.0781
3110 0.1172 0.0974 0.0170 0.8025 0.1002 0.0803
3115 0.1061 0.0951 0.0152 0.8140 0.0909 0.0799
3120 0.1016 0.0938 0.0138 0.8184 0.0878 0.0800
3125 0.1041 0.0883 0.0145 0.8222 0.0896 0.0737
3130 0.1047 0.0900 0.0144 0.8197 0.0903 0.0756
3135 0.0989 0.0919 0.0147 0.8238 0.0842 0.0773
3140 0.0969 0.0976 0.0145 0.8201 0.0823 0.0831
3145 0.0981 0.0991 0.0174 0.8202 0.0807 0.0818
3150 0.1061 0.1055 0.0198 0.8082 0.0862 0.0857
3155 0.1027 0.1069 0.0193 0.8097 0.0834 0.0877
3160 0.1043 0.1062 0.0207 0.8101 0.0836 0.0855
3165 0.1011 0.1066 0.0242 0.8165 0.0769 0.0823
3170 0.1131 0.1008 0.0242 0.8104 0.0888 0.0766
3175 0.1139 0.1014 0.0248 0.8095 0.0891 0.0766
3180 0.1088 0.1086 0.0241 0.8067 0.0847 0.0845
3185 0.1063 0.1085 0.0237 0.8090 0.0826 0.0847
3190 0.1017 0.1131 0.0246 0.8098 0.0772 0.0885
3195 0.0997 0.1193 0.0246 0.8055 0.0751 0.0948
3200 0.0944 0.1210 0.0259 0.8105 0.0685 0.0951
3205 0.0990 0.1138 0.0288 0.8160 0.0702 0.0849
3210 0.0974 0.1074 0.0301 0.8254 0.0672 0.0773
3215 0.0961 0.1050 0.0287 0.8276 0.0673 0.0763
3220 0.0816 0.1042 0.0268 0.8410 0.0548 0.0774
3225 0.0888 0.1027 0.0273 0.8358 0.0616 0.0754
3230 0.0948 0.1039 0.0272 0.8286 0.0676 0.0767
3235 0.0994 0.1013 0.0261 0.8255 0.0733 0.0751
3240 0.1018 0.0976 0.0263 0.8269 0.0755 0.0712
3245 0.1033 0.0911 0.0248 0.8305 0.0784 0.0663
3250 0.1066 0.0955 0.0300 0.8280 0.0766 0.0655
3255 0.1092 0.0919 0.0289 0.8279 0.0802 0.0630
3260 0.1074 0.0846 0.0243 0.8323 0.0831 0.0603
3265 0.1115 0.0894 0.0246 0.8236 0.0870 0.0649
3270 0.1022 0.0845 0.0169 0.8302 0.0853 0.0676
3275 0.1081 0.0903 0.0187 0.8203 0.0894 0.0716
3280 0.1132 0.0998 0.0184 0.8054 0.0948 0.0814
3285 0.1095 0.1100 0.0217 0.8022 0.0878 0.0883
3290 0.1114 0.1178 0.0240 0.7948 0.0874 0.0938
3295 0.1074 0.1223 0.0261 0.7964 0.0813 0.0962
3300 0.1157 0.1204 0.0265 0.7904 0.0892 0.0939
3305 0.1186 0.1193 0.0243 0.7864 0.0943 0.0950
3310 0.1219 0.1223 0.0219 0.7776 0.1001 0.1004
3315 0.1183 0.1256 0.0229 0.7791 0.0953 0.1027
3320 0.1249 0.1237 0.0208 0.7722 0.1041 0.1029
3325 0.1267 0.1304 0.0236 0.7665 0.1030 0.1068
3330 0.1306 0.1282 0.0220 0.7632 0.1086 0.1062
3335 0.1288 0.1219 0.0215 0.7708 0.1073 0.1004
3340 0.1243 0.1185 0.0229 0.7801 0.1014 0.0956
3345 0.1360 0.1163 0.0274 0.7752 0.1086 0.0888
3350 0.1329 0.1079 0.0266 0.7858 0.1063 0.0813
3355 0.1271 0.1082 0.0276 0.7923 0.0995 0.0806
3360 0.1211 0.1063 0.0241 0.7967 0.0970 0.0822
3365 0.1184 0.1079 0.0298 0.8035 0.0886 0.0781
3370 0.1134 0.1017 0.0258 0.8106 0.0877 0.0760
3375 0.1126 0.0979 0.0265 0.8159 0.0861 0.0715
3380 0.1119 0.0985 0.0252 0.8147 0.0867 0.0734
3385 0.1086 0.1002 0.0243 0.8156 0.0842 0.0759
3390 0.1065 0.1079 0.0233 0.8090 0.0832 0.0846
3395 0.1075 0.1068 0.0241 0.8098 0.0834 0.0827
3400 0.1087 0.1053 0.0245 0.8105 0.0842 0.0808
3405 0.1088 0.1092 0.0263 0.8084 0.0825 0.0828
3410 0.1129 0.1109 0.0292 0.8053 0.0838 0.0818
3415 0.1093 0.1135 0.0271 0.8042 0.0822 0.0865
3420 0.1118 0.1212 0.0287 0.7957 0.0831 0.0925
3425 0.1129 0.1184 0.0260 0.7947 0.0870 0.0924
3430 0.1092 0.1189 0.0274 0.7994 0.0818 0.0914
3435 0.1086 0.1150 0.0254 0.8019 0.0832 0.0896
3440 0.1046 0.1134 0.0252 0.8072 0.0794 0.0883
3445 0.1041 0.1093 0.0243 0.8110 0.0797 0.0849
3450 0.1089 0.1031 0.0263 0.8143 0.0826 0.0768
3455 0.1108 0.1008 0.0245 0.8129 0.0864 0.0763
3460 0.1174 0.1031 0.0233 0.8027 0.0942 0.0799
3465 0.1236 0.1015 0.0234 0.7983 0.1002 0.0781
3470 0.1217 0.0990 0.0242 0.8035 0.0975 0.0748
3475 0.1252 0.1061 0.0281 0.7968 0.0971 0.0780
3480 0.1280 0.1102 0.0337 0.7955 0.0943 0.0766
3485 0.1296 0.1050 0.0349 0.8002 0.0948 0.0702
3490 0.1280 0.1022 0.0375 0.8073 0.0905 0.0647
3495 0.1277 0.1026 0.0346 0.8043 0.0931 0.0679
3500 0.1252 0.1059 0.0349 0.8038 0.0904 0.0710
3505 0.1254 0.1128 0.0331 0.7949 0.0923 0.0797
3510 0.1232 0.1147 0.0354 0.7975 0.0878 0.0793
3515 0.1211 0.1164 0.0378 0.8003 0.0833 0.0786
3520 0.1224 0.1131 0.0383 0.8028 0.0841 0.0748
3525 0.1248 0.1184 0.0451 0.8020 0.0796 0.0733
3530 0.1341 0.1107 0.0462 0.8014 0.0879 0.0645
3535 0.1284 0.1108 0.0463 0.8071 0.0821 0.0645
3540 0.1223 0.1049 0.0432 0.8160 0.0790 0.0617
3545 0.1199 0.1039 0.0473 0.8235 0.0727 0.0566
3550 0.1211 0.1008 0.0451 0.8233 0.0760 0.0556
3555 0.1173 0.1009 0.0501 0.8319 0.0672 0.0508
3560 0.1190 0.1001 0.0427 0.8236 0.0763 0.0574
3565 0.1177 0.1037 0.0404 0.8190 0.0773 0.0633
3570 0.1233 0.1050 0.0434 0.8150 0.0800 0.0617
3575 0.1264 0.1042 0.0481 0.8175 0.0783 0.0561
3580 0.1256 0.1074 0.0497 0.8168 0.0759 0.0577
3585 0.1245 0.1112 0.0507 0.8150 0.0738 0.0605
3590 0.1224 0.1083 0.0421 0.8113 0.0803 0.0663
3595 0.1265 0.1128 0.0441 0.8047 0.0825 0.0688
3600 0.1295 0.1082 0.0412 0.8035 0.0883 0.0670
3605 0.1315 0.1113 0.0430 0.8002 0.0885 0.0683
3610 0.1425 0.1079 0.0502 0.7999 0.0923 0.0577
3615 0.1504 0.1067 0.0490 0.7919 0.1014 0.0577
3620 0.1454 0.1026 0.0466 0.7986 0.0989 0.0560
3625 0.1347 0.1067 0.0427 0.8013 0.0920 0.0640
3630 0.1427 0.1080 0.0448 0.7941 0.0979 0.0632
3635 0.1382 0.1072 0.0410 0.7956 0.0972 0.0662
3640 0.1354 0.1113 0.0432 0.7966 0.0922 0.0681
3645 0.1284 0.1154 0.0418 0.7980 0.0866 0.0736
3650 0.1270 0.1157 0.0393 0.7967 0.0877 0.0763
3655 0.1309 0.1092 0.0370 0.7969 0.0939 0.0722
3660 0.1343 0.1128 0.0431 0.7960 0.0912 0.0697
3665 0.1343 0.1222 0.0490 0.7925 0.0853 0.0731
3670 0.1363 0.1209 0.0520 0.7948 0.0844 0.0689
3675 0.1320 0.1212 0.0577 0.8045 0.0743 0.0636
3680 0.1269 0.1200 0.0532 0.8062 0.0737 0.0669
3685 0.1276 0.1154 0.0514 0.8084 0.0762 0.0640
3690 0.1310 0.1158 0.0516 0.8048 0.0794 0.0642
3695 0.1300 0.1144 0.0532 0.8088 0.0768 0.0612
3700 0.1300 0.1178 0.0493 0.8015 0.0807 0.0685
3705 0.1306 0.1191 0.0502 0.8006 0.0803 0.0689
3710 0.1307 0.1158 0.0435 0.7970 0.0872 0.0723
3715 0.1333 0.1089 0.0408 0.7986 0.0925 0.0682
3720 0.1362 0.1108 0.0418 0.7948 0.0944 0.0690
3725 0.1339 0.1079 0.0418 0.8001 0.0920 0.0660
3730 0.1321 0.1023 0.0470 0.8126 0.0851 0.0553
3735 0.1335 0.1074 0.0526 0.8117 0.0809 0.0548
3740 0.1231 0.1174 0.0530 0.8125 0.0701 0.0644
3745 0.1134 0.1161 0.0543 0.8248 0.0591 0.0618
3750 0.1099 0.1121 0.0509 0.8289 0.0590 0.0612
3755 0.1089 0.1139 0.0558 0.8329 0.0532 0.0581
3760 0.1024 0.1184 0.0568 0.8360 0.0456 0.0616
3765 0.1079 0.1170 0.0590 0.8341 0.0489 0.0580
3770 0.1096 0.1209 0.0562 0.8257 0.0534 0.0646
3775 0.1212 0.1252 0.0562 0.8098 0.0650 0.0690
3780 0.1187 0.1191 0.0565 0.8186 0.0623 0.0626
3785 0.1218 0.1168 0.0553 0.8166 0.0665 0.0616
3790 0.1256 0.1146 0.0528 0.8126 0.0728 0.0618
3795 0.1217 0.1083 0.0519 0.8218 0.0698 0.0565
3800 0.1232 0.1095 0.0522 0.8195 0.0710 0.0573
3805 0.1218 0.1102 0.0512 0.8191 0.0707 0.0591
3810 0.1241 0.1083 0.0517 0.8194 0.0723 0.0566
3815 0.1283 0.1101 0.0521 0.8137 0.0762 0.0580
3820 0.1293 0.1068 0.0504 0.8144 0.0788 0.0564
3825 0.1329 0.1060 0.0499 0.8110 0.0831 0.0561
3830 0.1381 0.1029 0.0508 0.8098 0.0873 0.0521
3835 0.1362 0.1122 0.0477 0.7993 0.0885 0.0645
3840 0.1414 0.1089 0.0562 0.8059 0.0852 0.0527
3845 0.1310 0.1082 0.0486 0.8093 0.0825 0.0597
3850 0.1289 0.1111 0.0555 0.8156 0.0734 0.0555
3855 0.1294 0.1053 0.0527 0.8181 0.0767 0.0526
3860 0.1281 0.1081 0.0539 0.8177 0.0742 0.0542
3865 0.1293 0.1126 0.0534 0.8116 0.0759 0.0592
3870 0.1255 0.1151 0.0497 0.8092 0.0757 0.0653
3875 0.1248 0.1147 0.0455 0.8060 0.0793 0.0692
3880 0.1186 0.1099 0.0412 0.8127 0.0774 0.0686
3885 0.1202 0.1106 0.0432 0.8125 0.0769 0.0673
3890 0.1170 0.1131 0.0427 0.8126 0.0743 0.0704
3895 0.1189 0.1066 0.0445 0.8191 0.0743 0.0620
3900 0.1275 0.1035 0.0487 0.8177 0.0788 0.0548
3905 0.1354 0.1002 0.0547 0.8191 0.0807 0.0455
3910 0.1375 0.1052 0.0552 0.8125 0.0823 0.0500
3915 0.1343 0.0984 0.0548 0.8221 0.0795 0.0436
3920 0.1343 0.0995 0.0545 0.8207 0.0799 0.0450
3925 0.1259 0.0978 0.0529 0.8292 0.0730 0.0449
3930 0.1242 0.0988 0.0458 0.8229 0.0783 0.0529
3935 0.1309 0.1015 0.0481 0.8157 0.0828 0.0534
3940 0.1238 0.1053 0.0441 0.8150 0.0797 0.0612
3945 0.1219 0.1075 0.0466 0.8171 0.0754 0.0610
3950 0.1161 0.1023 0.0453 0.8268 0.0709 0.0571
3955 0.1109 0.1018 0.0476 0.8348 0.0633 0.0542
3960 0.1119 0.1001 0.0460 0.8340 0.0659 0.0541
3965 0.1134 0.1033 0.0497 0.8331 0.0637 0.0535
3970 0.1229 0.1053 0.0527 0.8246 0.0702 0.0526
3975 0.1189 0.1009 0.0514 0.8316 0.0675 0.0495
3980 0.1179 0.0961 0.0500 0.8360 0.0679 0.0461
3985 0.1230 0.0959 0.0507 0.8318 0.0723 0.0453
3990 0.1243 0.0961 0.0521 0.8318 0.0722 0.0440
3995 0.1248 0.0957 0.0536 0.8332 0.0711 0.0421
4000 0.1314 0.1087 0.0637 0.8236 0.0677 0.0450
4005 0.1254 0.1103 0.0603 0.8246 0.0651 0.0501
4010 0.1272 0.1089 0.0617 0.8255 0.0656 0.0473
4015 0.1277 0.1087 0.0595 0.8231 0.0682 0.0491
4020 0.1301 0.1054 0.0574 0.8220 0.0727 0.0480
4025 0.1294 0.1052 0.0588 0.8243 0.0705 0.0463
4030 0.1228 0.1062 0.0533 0.8243 0.0695 0.0529
4035 0.1294 0.1043 0.0554 0.8217 0.0740 0.0489
4040 0.1275 0.1098 0.0560 0.8188 0.0715 0.0538
4045 0.1237 0.1108 0.0590 0.8244 0.0647 0.0519
4050 0.1229 0.1048 0.0548 0.8272 0.0681 0.0500
4055 0.1176 0.1041 0.0526 0.8309 0.0650 0.0515
4060 0.1186 0.1018 0.0545 0.8340 0.0642 0.0474
4065 0.1105 0.0940 0.0509 0.8464 0.0595 0.0431
4070 0.1115 0.0932 0.0483 0.8436 0.0632 0.0449
4075 0.1105 0.0919 0.0475 0.8451 0.0630 0.0444
4080 0.1105 0.0963 0.0499 0.8431 0.0606 0.0464
4085 0.1129 0.0994 0.0495 0.8372 0.0634 0.0499
4090 0.1192 0.0991 0.0497 0.8314 0.0695 0.0494
4095 0.1192 0.1069 0.0551 0.8289 0.0642 0.0519
4100 0.1254 0.1066 0.0580 0.8261 0.0673 0.0486
4105 0.1290 0.1135 0.0585 0.8159 0.0705 0.0551
4110 0.1300 0.1226 0.0595 0.8069 0.0704 0.0631
4115 0.1298 0.1193 0.0611 0.8119 0.0688 0.0582
4120 0.1316 0.1205 0.0605 0.8084 0.0711 0.0600
4125 0.1311 0.1171 0.0614 0.8132 0.0697 0.0556
4130 0.1285 0.1153 0.0587 0.8149 0.0698 0.0566
4135 0.1277 0.1159 0.0608 0.8172 0.0669 0.0551
4140 0.1216 0.1141 0.0597 0.8240 0.0619 0.0545
4145 0.1274 0.1213 0.0664 0.8177 0.0610 0.0549
4150 0.1257 0.1216 0.0625 0.8152 0.0632 0.0591
4155 0.1392 0.1167 0.0662 0.8103 0.0730 0.0506
4160 0.1354 0.1190 0.0620 0.8077 0.0734 0.0569
4165 0.1371 0.1122 0.0577 0.8084 0.0794 0.0546
4170 0.1347 0.1184 0.0606 0.8075 0.0741 0.0578
4175 0.1360 0.1127 0.0587 0.8100 0.0773 0.0540
4180 0.1342 0.1092 0.0556 0.8123 0.0786 0.0535
4185 0.1387 0.1119 0.0567 0.8061 0.0820 0.0552
4190 0.1366 0.1160 0.0611 0.8085 0.0755 0.0549
4195 0.1401 0.1187 0.0613 0.8025 0.0788 0.0574
4200 0.1353 0.1185 0.0627 0.8090 0.0725 0.0558
4205 0.1368 0.1193 0.0645 0.8084 0.0723 0.0548
4210 0.1275 0.1189 0.0575 0.8112 0.0699 0.0613
4215 0.1255 0.1161 0.0577 0.8160 0.0678 0.0585
4220 0.1144 0.1135 0.0552 0.8273 0.0592 0.0584
4225 0.1148 0.1109 0.0597 0.8339 0.0552 0.0513
4230 0.1151 0.1145 0.0608 0.8313 0.0542 0.0536
4235 0.1147 0.1094 0.0575 0.8334 0.0572 0.0519
4240 0.1145 0.1082 0.0553 0.8326 0.0592 0.0529
4245 0.1095 0.1087 0.0542 0.8360 0.0553 0.0545
4250 0.1121 0.1035 0.0523 0.8367 0.0598 0.0512
4255 0.1167 0.0945 0.0547 0.8435 0.0620 0.0398
4260 0.1155 0.0935 0.0561 0.8471 0.0594 0.0373
4265 0.1165 0.0923 0.0554 0.8466 0.0611 0.0369
4270 0.1212 0.0984 0.0569 0.8373 0.0643 0.0415
