3000 0.0860 0.0826 0.0181 0.8495 0.0679 0.0645
3005 0.0849 0.0805 0.0207 0.8553 0.0643 0.0598
3010 0.0846 0.0803 0.0172 0.8523 0.0673 0.0631
3015 0.0831 0.0803 0.0182 0.8548 0.0649 0.0621
3020 0.0897 0.0816 0.0223 0.8510 0.0673 0.0593
3025 0.0816 0.0961 0.0187 0.8410 0.0630 0.0774
3030 0.0906 0.0942 0.0187 0.8339 0.0720 0.0755
3035 0.0933 0.0940 0.0177 0.8303 0.0756 0.0763
3040 0.0942 0.0900 0.0170 0.8328 0.0772 0.0730
3045 0.0988 0.0911 0.0195 0.8296 0.0793 0.0716
3050 0.0885 0.0907 0.0195 0.8403 0.0690 0.0712
3055 0.1000 0.0953 0.0223 0.8270 0.0776 0.0730
3060 0.0982 0.0996 0.0217 0.8240 0.0764 0.0779
3065 0.0995 0.0916 0.0189 0.8279 0.0806 0.0727
3070 0.1035 0.0985 0.0207 0.8186 0.0828 0.0779
3075 0.1063 0.0964 0.0216 0.8189 0.0847 0.0748
3080 0.0997 0.0964 0.0202 0.8241 0.0795 0.0762
3085 0.1010 0.0959 0.0177 0.8208 0.0833 0.0782
3090 0.1068 0.0991 0.0221 0.8162 0.0847 0.0770
3095 0.1086 0.1041 0.0215 0.8088 0.0871 0.0826
3100 0.1152 0.0992 0.0174 0.8029 0.0978 0.0819
3105 0.1122 0.0975 0.0194 0.8097 0.0929 0.0781
3110 0.1172 0.0974 0.0170 0.8025 0.1002 0.0803
3115 0.1061 0.0951 0.0152 0.8140 0.0909 0.0799
3120 0.1016 0.0938 0.0138 0.8184 0.0878 0.0800
3125 0.1041 0.0883 0.0145 0.8222 0.0896 0.0737
3130 0.1047 0.0900 0.0144 0.8197 0.0903 0.0756
3135 0.0989 0.0919 0.0147 0.8238 0.0842 0.0773
3140 0.0969 0.0976 0.0145 0.8201 0.0823 0.0831
3145 0.0981 0.0991 0.0174 0.8202 0.0807 0.0818
3150 0.1061 0.1055 0.0198 0.8082 0.0862 0.0857
3155 0.1027 0.1069 0.0193 0.8097 0.0834 0.0877
3160 0.1043 0.1062 0.0207 0.8101 0.0836 0.0855
3165 0.1011 0.1066 0.0242 0.8165 0.0769 0.0823
3170 0.1131 0.1008 0.0242 0.8104 0.0888 0.0766
3175 0.1139 0.1014 0.0248 0.8095 0.0891 0.0766
3180 0.1088 0.1086 0.0241 0.8067 0.0847 0.0845
3185 0.1063 0.1085 0.0237 0.8090 0.0826 0.0847
3190 0.1017 0.1131 0.0246 0.8098 0.0772 0.0885
3195 0.0997 0.1193 0.0246 0.8055 0.0751 0.0948
3200 0.0944 0.1210 0.0259 0.8105 0.0685 0.0951
3205 0.0990 0.1138 0.0288 0.8160 0.0702 0.0849
3210 0.0974 0.1074 0.0301 0.8254 0.0672 0.0773
3215 0.0961 0.1050 0.0287 0.8276 0.0673 0.0763
3220 0.0816 0.1042 0.0268 0.8410 0.0548 0.0774
3225 0.0888 0.1027 0.0273 0.8358 0.0616 0.0754
3230 0.0948 0.1039 0.0272 0.8286 0.0676 0.0767
3235 0.0994 0.1013 0.0261 0.8255 0.0733 0.0751
3240 0.1018 0.0976 0.0263 0.8269 0.0755 0.0712
3245 0.1033 0.0911 0.0248 0.8305 0.0784 0.0663
3250 0.1066 0.0955 0.0300 0.8280 0.0766 0.0655
3255 0.1092 0.0919 0.0289 0.8279 0.0802 0.0630
3260 0.1074 0.0846 0.0243 0.8323 0.0831 0.0603
3265 0.1115 0.0894 0.0246 0.8236 0.0870 0.0649
3270 0.1022 0.0845 0.0169 0.8302 0.0853 0.0676
3275 0.1081 0.0903 0.0187 0.8203 0.0894 0.0716
3280 0.1132 0.0998 0.0184 0.8054 0.0948 0.0814
3285 0.1095 0.1100 0.0217 0.8022 0.0878 0.0883
3290 0.1114 0.1178 0.0240 0.7948 0.0874 0.0938
3295 0.1074 0.1223 0.0261 0.7964 0.0813 0.0962
3300 0.1157 0.1204 0.0265 0.7904 0.0892 0.0939
3305 0.1186 0.1193 0.0243 0.7864 0.0943 0.0950
3310 0.1219 0.1223 0.0219 0.7776 0.1001 0.1004
3315 0.1183 0.1256 0.0229 0.7791 0.0953 0.1027
3320 0.1249 0.1237 0.0208 0.7722 0.1041 0.1029
3325 0.1267 0.1304 0.0236 0.7665 0.1030 0.1068
3330 0.1306 0.1282 0.0220 0.7632 0.1086 0.1062
3335 0.1288 0.1219 0.0215 0.7708 0.1073 0.1004
3340 0.1243 0.1185 0.0229 0.7801 0.1014 0.0956
3345 0.1360 0.1163 0.0274 0.7752 0.1086 0.0888
3350 0.1329 0.1079 0.0266 0.7858 0.1063 0.0813
3355 0.1271 0.1082 0.0276 0.7923 0.0995 0.0806
3360 0.1211 0.1063 0.0241 0.7967 0.0970 0.0822
3365 0.1184 0.1079 0.0298 0.8035 0.0886 0.0781
3370 0.1134 0.1017 0.0258 0.8106 0.0877 0.0760
3375 0.1126 0.0979 0.0265 0.8159 0.0861 0.0715
3380 0.1119 0.0985 0.0252 0.8147 0.0867 0.0734
3385 0.1086 0.1002 0.0243 0.8156 0.0842 0.0759
3390 0.1065 0.1079 0.0233 0.8090 0.0832 0.0846
3395 0.1075 0.1068 0.0241 0.8098 0.0834 0.0827
3400 0.1087 0.1053 0.0245 0.8105 0.0842 0.0808
3405 0.1088 0.1092 0.0263 0.8084 0.0825 0.0828
3410 0.1129 0.1109 0.0292 0.8053 0.0838 0.0818
3415 0.1093 0.1135 0.0271 0.8042 0.0822 0.0865
3420 0.1118 0.1212 0.0287 0.7957 0.0831 0.0925
3425 0.1129 0.1184 0.0260 0.7947 0.0870 0.0924
3430 0.1092 0.1189 0.0274 0.7994 0.0818 0.0914
3435 0.1086 0.1150 0.0254 0.8019 0.0832 0.0896
3440 0.1046 0.1134 0.0252 0.8072 0.0794 0.0883
3445 0.1041 0.1093 0.0243 0.8110 0.0797 0.0849
3450 0.1089 0.1031 0.0263 0.8143 0.0826 0.0768
3455 0.1108 0.1008 0.0245 0.8129 0.0864 0.0763
3460 0.1174 0.1031 0.0233 0.8027 0.0942 0.0799
3465 0.1236 0.1015 0.0234 0.7983 0.1002 0.0781
3470 0.1217 0.0990 0.0242 0.8035 0.0975 0.0748
3475 0.1252 0.1061 0.0281 0.7968 0.0971 0.0780
3480 0.1280 0.1102 0.0337 0.7955 0.0943 0.0766
3485 0.1296 0.1050 0.0349 0.8002 0.0948 0.0702
3490 0.1280 0.1022 0.0375 0.8073 0.0905 0.0647
3495 0.1277 0.1026 0.0346 0.8043 0.0931 0.0679
3500 0.1252 0.1059 0.0349 0.8038 0.0904 0.0710
3505 0.1254 0.1128 0.0331 0.7949 0.0923 0.0797
3510 0.1232 0.1147 0.0354 0.7975 0.0878 0.0793
3515 0.1211 0.1164 0.0378 0.8003 0.0833 0.0786
3520 0.1224 0.1131 0.0383 0.8028 0.0841 0.0748
3525 0.1248 0.1184 0.0451 0.8020 0.0796 0.0733
3530 0.1341 0.1107 0.0462 0.8014 0.0879 0.0645
3535 0.1284 0.1108 0.0463 0.8071 0.0821 0.0645
3540 0.1223 0.1049 0.0432 0.8160 0.0790 0.0617
3545 0.1199 0.1039 0.0473 0.8235 0.0727 0.0566
3550 0.1211 0.1008 0.0451 0.8233 0.0760 0.0556
3555 0.1173 0.1009 0.0501 0.8319 0.0672 0.0508
3560 0.1190 0.1001 0.0427 0.8236 0.0763 0.0574
3565 0.1177 0.1037 0.0404 0.8190 0.0773 0.0633
3570 0.1233 0.1050 0.0434 0.8150 0.0800 0.0617
3575 0.1264 0.1042 0.0481 0.8175 0.0783 0.0561
3580 0.1256 0.1074 0.0497 0.8168 0.0759 0.0577
3585 0.1245 0.1112 0.0507 0.8150 0.0738 0.0605
3590 0.1224 0.1083 0.0421 0.8113 0.0803 0.0663
3595 0.1265 0.1128 0.0441 0.8047 0.0825 0.0688
3600 0.1295 0.1082 0.0412 0.8035 0.0883 0.0670
3605 0.1315 0.1113 0.0430 0.8002 0.0885 0.0683
3610 0.1425 0.1079 0.0502 0.7999 0.0923 0.0577
3615 0.1504 0.1067 0.0490 0.7919 0.1014 0.0577
3620 0.1454 0.1026 0.0466 0.7986 0.0989 0.0560
3625 0.1347 0.1067 0.0427 0.8013 0.0920 0.0640
3630 0.1427 0.1080 0.0448 0.7941 0.0979 0.0632
3635 0.1382 0.1072 0.0410 0.7956 0.0972 0.0662
3640 0.1354 0.1113 0.0432 0.7966 0.0922 0.0681
3645 0.1284 0.1154 0.0418 0.7980 0.0866 0.0736
3650 0.1270 0.1157 0.0393 0.7967 0.0877 0.0763
3655 0.1309 0.1092 0.0370 0.7969 0.0939 0.0722
3660 0.1343 0.1128 0.0431 0.7960 0.0912 0.0697
3665 0.1343 0.1222 0.0490 0.7925 0.0853 0.0731
3670 0.1363 0.1209 0.0520 0.7948 0.0844 0.0689
3675 0.1320 0.1212 0.0577 0.8045 0.0743 0.0636
3680 0.1269 0.1200 0.0532 0.8062 0.0737 0.0669
3685 0.1276 0.1154 0.0514 0.8084 0.0762 0.0640
3690 0.1310 0.1158 0.0516 0.8048 0.0794 0.0642
3695 0.1300 0.1144 0.0532 0.8088 0.0768 0.0612
3700 0.1300 0.1178 0.0493 0.8015 0.0807 0.0685
3705 0.1306 0.1191 0.0502 0.8006 0.0803 0.0689
3710 0.1307 0.1158 0.0435 0.7970 0.0872 0.0723
3715 0.1333 0.1089 0.0408 0.7986 0.0925 0.0682
3720 0.1362 0.1108 0.0418 0.7948 0.0944 0.0690
3725 0.1339 0.1079 0.0418 0.8001 0.0920 0.0660
3730 0.1321 0.1023 0.0470 0.8126 0.0851 0.0553
3735 0.1335 0.1074 0.0526 0.8117 0.0809 0.0548
3740 0.1231 0.1174 0.0530 0.8125 0.0701 0.0644
3745 0.1134 0.1161 0.0543 0.8248 0.0591 0.0618
3750 0.1099 0.1121 0.0509 0.8289 0.0590 0.0612
3755 0.1089 0.1139 0.0558 0.8329 0.0532 0.0581
3760 0.1024 0.1184 0.0568 0.8360 0.0456 0.0616
3765 0.1079 0.1170 0.0590 0.8341 0.0489 0.0580
3770 0.1096 0.1209 0.0562 0.8257 0.0534 0.0646
3775 0.1212 0.1252 0.0562 0.8098 0.0650 0.0690
3780 0.1187 0.1191 0.0565 0.8186 0.0623 0.0626
3785 0.1218 0.1168 0.0553 0.8166 0.0665 0.0616
3790 0.1256 0.1146 0.0528 0.8126 0.0728 0.0618
3795 0.1217 0.1083 0.0519 0.8218 0.0698 0.0565
3800 0.1232 0.1095 0.0522 0.8195 0.0710 0.0573
3805 0.1218 0.1102 0.0512 0.8191 0.0707 0.0591
3810 0.1241 0.1083 0.0517 0.8194 0.0723 0.0566
3815 0.1283 0.1101 0.0521 0.8137 0.0762 0.0580
3820 0.1293 0.1068 0.0504 0.8144 0.0788 0.0564
3825 0.1329 0.1060 0.0499 0.8110 0.0831 0.0561
3830 0.1381 0.1029 0.0508 0.8098 0.0873 0.0521
3835 0.1362 0.1122 0.0477 0.7993 0.0885 0.0645
3840 0.1414 0.1089 0.0562 0.8059 0.0852 0.0527
3845 0.1310 0.1082 0.0486 0.8093 0.0825 0.0597
3850 0.1289 0.1111 0.0555 0.8156 0.0734 0.0555
3855 0.1294 0.1053 0.0527 0.8181 0.0767 0.0526
3860 0.1281 0.1081 0.0539 0.8177 0.0742 0.0542
3865 0.1293 0.1126 0.0534 0.8116 0.0759 0.0592
3870 0.1255 0.1151 0.0497 0.8092 0.0757 0.0653
3875 0.1248 0.1147 0.0455 0.8060 0.0793 0.0692
3880 0.1186 0.1099 0.0412 0.8127 0.0774 0.0686
3885 0.1202 0.1106 0.0432 0.8125 0.0769 0.0673
3890 0.1170 0.1131 0.0427 0.8126 0.0743 0.0704
3895 0.1189 0.1066 0.0445 0.8191 0.0743 0.0620
3900 0.1275 0.1035 0.0487 0.8177 0.0788 0.0548
3905 0.1354 0.1002 0.0547 0.8191 0.0807 0.0455
3910 0.1375 0.1052 0.0552 0.8125 0.0823 0.0500
3915 0.1343 0.0984 0.0548 0.8221 0.0795 0.0436
3920 0.1343 0.0995 0.0545 0.8207 0.0799 0.0450
3925 0.1259 0.0978 0.0529 0.8292 0.0730 0.0449
3930 0.1242 0.0988 0.0458 0.8229 0.0783 0.0529
3935 0.1309 0.1015 0.0481 0.8157 0.0828 0.0534
3940 0.1238 0.1053 0.0441 0.8150 0.0797 0.0612
3945 0.1219 0.1075 0.0466 0.8171 0.0754 0.0610
3950 0.1161 0.1023 0.0453 0.8268 0.0709 0.0571
3955 0.1109 0.1018 0.0476 0.8348 0.0633 0.0542
3960 0.1119 0.1001 0.0460 0.8340 0.0659 0.0541
3965 0.1134 0.1033 0.0497 0.8331 0.0637 0.0535
3970 0.1229 0.1053 0.0527 0.8246 0.0702 0.0526
3975 0.1189 0.1009 0.0514 0.8316 0.0675 0.0495
3980 0.1179 0.0961 0.0500 0.8360 0.0679 0.0461
3985 0.1230 0.0959 0.0507 0.8318 0.0723 0.0453
3990 0.1243 0.0961 0.0521 0.8318 0.0722 0.0440
3995 0.1248 0.0957 0.0536 0.8332 0.0711 0.0421
