2000 0.2804 0.2123 0.0977 0.6049 0.1827 0.1146
2005 0.2876 0.2143 0.0995 0.5976 0.1881 0.1148
2010 0.2862 0.2148 0.1000 0.5990 0.1863 0.1148
2015 0.2843 0.2056 0.1006 0.6107 0.1837 0.1050
2020 0.2926 0.2224 0.1076 0.5926 0.1850 0.1148
2025 0.2995 0.2358 0.1193 0.5841 0.1802 0.1164
2030 0.3100 0.2449 0.1235 0.5685 0.1866 0.1215
2035 0.3126 0.2475 0.1276 0.5674 0.1850 0.1200
2040 0.3160 0.2436 0.1225 0.5630 0.1934 0.1210
2045 0.3111 0.2244 0.1137 0.5783 0.1974 0.1107
2050 0.2993 0.2259 0.1026 0.5774 0.1968 0.1233
2055 0.3067 0.2288 0.1056 0.5702 0.2010 0.1232
2060 0.2990 0.2224 0.0992 0.5778 0.1998 0.1232
2065 0.2977 0.2248 0.0934 0.5709 0.2042 0.1314
2070 0.2987 0.2215 0.0977 0.5775 0.2010 0.1238
2075 0.2914 0.2367 0.0997 0.5716 0.1917 0.1370
2080 0.2856 0.2510 0.1111 0.5745 0.1745 0.1399
2085 0.2747 0.2646 0.1180 0.5787 0.1567 0.1466
2090 0.2690 0.2614 0.1168 0.5863 0.1523 0.1446
2095 0.2570 0.2615 0.1107 0.5921 0.1463 0.1509
2100 0.2521 0.2494 0.1076 0.6062 0.1445 0.1417
2105 0.2586 0.2602 0.1171 0.5982 0.1416 0.1431
2110 0.2739 0.2503 0.1297 0.6055 0.1442 0.1206
2115 0.2644 0.2228 0.1123 0.6251 0.1521 0.1105
2120 0.2617 0.2413 0.1152 0.6123 0.1465 0.1260
2125 0.2519 0.2327 0.1087 0.6240 0.1433 0.1241
2130 0.2498 0.2391 0.1157 0.6267 0.1341 0.1235
2135 0.2663 0.2518 0.1195 0.6014 0.1468 0.1323
2140 0.2689 0.2495 0.1030 0.5847 0.1658 0.1465
2145 0.2673 0.2585 0.1119 0.5860 0.1555 0.1466
2150 0.2664 0.2666 0.1225 0.5895 0.1439 0.1440
2155 0.2623 0.2667 0.1289 0.5999 0.1334 0.1378
2160 0.2747 0.2679 0.1381 0.5955 0.1366 0.1299
2165 0.2815 0.2611 0.1469 0.6043 0.1346 0.1142
2170 0.2910 0.2641 0.1422 0.5871 0.1488 0.1219
2175 0.2954 0.2615 0.1370 0.5801 0.1584 0.1245
2180 0.2932 0.2736 0.1448 0.5780 0.1485 0.1288
2185 0.2952 0.2791 0.1276 0.5533 0.1677 0.1515
2190 0.2861 0.2760 0.1175 0.5554 0.1686 0.1585
2195 0.2769 0.2658 0.1107 0.5679 0.1663 0.1552
2200 0.2737 0.2538 0.1056 0.5781 0.1681 0.1481
2205 0.2748 0.2440 0.1032 0.5844 0.1716 0.1408
2210 0.2629 0.2343 0.0858 0.5886 0.1771 0.1485
2215 0.2388 0.2414 0.0863 0.6060 0.1526 0.1552
2220 0.2452 0.2440 0.0974 0.6081 0.1478 0.1466
2225 0.2443 0.2497 0.0977 0.6037 0.1466 0.1520
2230 0.2515 0.2343 0.0988 0.6130 0.1527 0.1355
2235 0.2518 0.2265 0.1029 0.6246 0.1489 0.1236
2240 0.2487 0.2167 0.0921 0.6266 0.1567 0.1247
2245 0.2425 0.2158 0.1003 0.6420 0.1422 0.1155
2250 0.2433 0.2212 0.1015 0.6371 0.1417 0.1196
2255 0.2518 0.2308 0.1073 0.6248 0.1445 0.1235
2260 0.2494 0.2455 0.0989 0.6040 0.1504 0.1466
2265 0.2494 0.2426 0.1073 0.6153 0.1421 0.1353
2270 0.2553 0.2466 0.1088 0.6069 0.1465 0.1378
2275 0.2655 0.2516 0.1189 0.6017 0.1466 0.1328
2280 0.2626 0.2445 0.1082 0.6011 0.1544 0.1363
2285 0.2602 0.2401 0.1114 0.6112 0.1488 0.1286
2290 0.2564 0.2365 0.1047 0.6118 0.1517 0.1318
2295 0.2579 0.2265 0.1157 0.6313 0.1422 0.1108
2300 0.2669 0.2193 0.1206 0.6344 0.1463 0.0988
2305 0.2582 0.2099 0.1171 0.6490 0.1411 0.0928
2310 0.2614 0.2274 0.1192 0.6304 0.1422 0.1082
2315 0.2612 0.2515 0.1265 0.6138 0.1347 0.1250
2320 0.2617 0.2469 0.1328 0.6241 0.1289 0.1142
2325 0.2530 0.2324 0.1254 0.6400 0.1276 0.1070
2330 0.2568 0.2285 0.1305 0.6452 0.1264 0.0980
2335 0.2509 0.2109 0.1265 0.6647 0.1244 0.0844
2340 0.2519 0.2080 0.1131 0.6531 0.1389 0.0950
2345 0.2611 0.1962 0.1126 0.6554 0.1485 0.0835
2350 0.2579 0.2094 0.1142 0.6469 0.1437 0.0953
2355 0.2765 0.2042 0.1169 0.6362 0.1596 0.0873
2360 0.2690 0.2266 0.1163 0.6206 0.1527 0.1103
2365 0.2737 0.2353 0.1172 0.6081 0.1565 0.1181
2370 0.2904 0.2458 0.1232 0.5870 0.1672 0.1227
2375 0.2759 0.2373 0.1154 0.6022 0.1605 0.1219
2380 0.2727 0.2269 0.1065 0.6069 0.1661 0.1204
2385 0.2644 0.2213 0.0887 0.6030 0.1757 0.1326
2390 0.2708 0.2340 0.0895 0.5847 0.1814 0.1445
2395 0.2910 0.2431 0.1155 0.5815 0.1754 0.1276
2400 0.2917 0.2507 0.1242 0.5818 0.1675 0.1265
2405 0.2910 0.2611 0.1280 0.5760 0.1629 0.1331
2410 0.2887 0.2620 0.1282 0.5775 0.1605 0.1338
2415 0.2740 0.2515 0.1125 0.5870 0.1616 0.1390
2420 0.2751 0.2644 0.1163 0.5767 0.1588 0.1481
2425 0.2629 0.2713 0.1193 0.5851 0.1436 0.1520
2430 0.2556 0.2765 0.1273 0.5952 0.1283 0.1492
2435 0.2539 0.2725 0.1363 0.6098 0.1177 0.1363
2440 0.2478 0.2568 0.1257 0.6211 0.1221 0.1311
2445 0.2582 0.2455 0.1286 0.6249 0.1296 0.1169
2450 0.2580 0.2352 0.1224 0.6292 0.1357 0.1128
2455 0.2573 0.2303 0.1225 0.6350 0.1347 0.1078
2460 0.2472 0.2365 0.1158 0.6321 0.1314 0.1207
2465 0.2524 0.2301 0.1146 0.6321 0.1378 0.1155
2470 0.2410 0.2131 0.1035 0.6494 0.1375 0.1096
2475 0.2286 0.1834 0.0933 0.6813 0.1353 0.0901
2480 0.2152 0.1695 0.0826 0.6979 0.1326 0.0869
2485 0.2065 0.1827 0.0925 0.7032 0.1140 0.0902
2490 0.2151 0.2126 0.1003 0.6726 0.1148 0.1123
2495 0.2522 0.2568 0.1233 0.6142 0.1289 0.1335
2500 0.2672 0.2936 0.1419 0.5812 0.1253 0.1517
2505 0.3094 0.2940 0.1634 0.5600 0.1460 0.1306
2510 0.3336 0.3102 0.1891 0.5453 0.1445 0.1210
2515 0.3408 0.3053 0.1891 0.5431 0.1517 0.1161
2520 0.3525 0.3257 0.2032 0.5249 0.1494 0.1225
2525 0.3614 0.3185 0.1866 0.5066 0.1748 0.1320
2530 0.3698 0.3286 0.1955 0.4972 0.1742 0.1331
2535 0.3749 0.3160 0.1922 0.5013 0.1827 0.1238
2540 0.3612 0.3073 0.1815 0.5130 0.1797 0.1257
2545 0.3510 0.2946 0.1646 0.5190 0.1864 0.1300
2550 0.3435 0.3181 0.1552 0.4935 0.1884 0.1629
2555 0.3435 0.3274 0.1564 0.4854 0.1872 0.1710
2560 0.3448 0.3321 0.1573 0.4804 0.1875 0.1748
2565 0.3382 0.3419 0.1582 0.4781 0.1800 0.1837
2570 0.3583 0.3428 0.1699 0.4688 0.1884 0.1728
2575 0.3704 0.3471 0.1939 0.4765 0.1765 0.1532
2580 0.3734 0.3411 0.1960 0.4815 0.1774 0.1451
2585 0.3580 0.3391 0.1899 0.4928 0.1681 0.1492
2590 0.3492 0.3108 0.1759 0.5159 0.1733 0.1349
2595 0.3402 0.3091 0.1718 0.5225 0.1684 0.1373
2600 0.3562 0.3138 0.1890 0.5190 0.1672 0.1248
2605 0.3653 0.3344 0.2080 0.5083 0.1573 0.1264
2610 0.3673 0.3411 0.2155 0.5071 0.1518 0.1256
2615 0.3743 0.3368 0.2199 0.5088 0.1544 0.1169
2620 0.3660 0.3381 0.2117 0.5077 0.1542 0.1264
2625 0.3664 0.3486 0.2137 0.4987 0.1527 0.1349
2630 0.3739 0.3568 0.2146 0.4839 0.1593 0.1422
2635 0.3855 0.3446 0.1968 0.4667 0.1887 0.1478
2640 0.3809 0.3495 0.1910 0.4606 0.1899 0.1585
2645 0.3746 0.3501 0.1818 0.4571 0.1928 0.1683
2650 0.3623 0.3592 0.1898 0.4682 0.1725 0.1695
2655 0.3730 0.3580 0.2032 0.4722 0.1698 0.1549
2660 0.3695 0.3580 0.1966 0.4691 0.1728 0.1614
2665 0.3789 0.3350 0.2064 0.4925 0.1725 0.1286
2670 0.3743 0.3323 0.2108 0.5042 0.1635 0.1215
2675 0.3664 0.3306 0.2204 0.5234 0.1460 0.1102
2680 0.3504 0.3405 0.2149 0.5240 0.1355 0.1256
2685 0.3283 0.3199 0.1957 0.5475 0.1326 0.1242
2690 0.3185 0.3278 0.1777 0.5313 0.1408 0.1501
2695 0.3246 0.3344 0.1689 0.5098 0.1558 0.1655
2700 0.3291 0.3435 0.1727 0.5001 0.1564 0.1709
2705 0.3362 0.3420 0.1777 0.4995 0.1585 0.1643
2710 0.3464 0.3323 0.1853 0.5066 0.1611 0.1469
2715 0.3489 0.3219 0.1885 0.5178 0.1603 0.1334
2720 0.3432 0.3277 0.1846 0.5136 0.1587 0.1431
2725 0.3425 0.3243 0.1812 0.5144 0.1613 0.1431
2730 0.3536 0.3350 0.1971 0.5085 0.1565 0.1379
2735 0.3605 0.3484 0.2035 0.4946 0.1570 0.1449
2740 0.3722 0.3538 0.2155 0.4896 0.1567 0.1382
2745 0.3666 0.3574 0.2166 0.4926 0.1500 0.1408
2750 0.3733 0.3580 0.2268 0.4955 0.1465 0.1312
2755 0.3574 0.3506 0.2202 0.5123 0.1372 0.1303
2760 0.3538 0.3446 0.2178 0.5194 0.1360 0.1268
2765 0.3563 0.3297 0.2122 0.5261 0.1442 0.1175
2770 0.3506 0.3368 0.2152 0.5278 0.1353 0.1216
2775 0.3594 0.3350 0.2103 0.5159 0.1491 0.1247
2780 0.3612 0.3403 0.2195 0.5179 0.1417 0.1209
2785 0.3722 0.3303 0.2135 0.5111 0.1587 0.1168
2790 0.3693 0.3198 0.1974 0.5083 0.1719 0.1224
2795 0.3736 0.3315 0.2093 0.5042 0.1643 0.1222
2800 0.3638 0.3335 0.2161 0.5188 0.1477 0.1174
2805 0.3740 0.3376 0.2157 0.5040 0.1584 0.1219
2810 0.3826 0.3403 0.2076 0.4847 0.1750 0.1328
2815 0.3861 0.3521 0.2190 0.4809 0.1670 0.1331
2820 0.3660 0.3563 0.2128 0.4905 0.1532 0.1436
2825 0.3801 0.3544 0.2149 0.4804 0.1652 0.1395
2830 0.3699 0.3615 0.2141 0.4827 0.1558 0.1474
2835 0.3579 0.3384 0.2000 0.5037 0.1579 0.1384
2840 0.3466 0.3471 0.2010 0.5074 0.1456 0.1460
2845 0.3417 0.3440 0.1998 0.5141 0.1419 0.1442
2850 0.3542 0.3551 0.2053 0.4960 0.1489 0.1498
2855 0.3577 0.3507 0.2039 0.4955 0.1538 0.1468
2860 0.3605 0.3413 0.2076 0.5059 0.1529 0.1337
2865 0.3516 0.3289 0.2084 0.5278 0.1433 0.1206
2870 0.3620 0.3147 0.2003 0.5235 0.1617 0.1145
2875 0.3786 0.3167 0.2048 0.5095 0.1738 0.1119
2880 0.3733 0.3358 0.2044 0.4954 0.1689 0.1314
2885 0.3664 0.3435 0.2001 0.4902 0.1663 0.1434
2890 0.3830 0.3449 0.2135 0.4856 0.1695 0.1314
2895 0.3890 0.3443 0.2344 0.5011 0.1545 0.1099
2900 0.3733 0.3595 0.2399 0.5071 0.1334 0.1196
2905 0.3496 0.3611 0.2277 0.5170 0.1219 0.1334
2910 0.3323 0.3692 0.2402 0.5388 0.0921 0.1289
2915 0.3385 0.3397 0.2149 0.5367 0.1236 0.1248
2920 0.3452 0.3382 0.2201 0.5367 0.1251 0.1181
2925 0.3422 0.3368 0.2132 0.5342 0.1289 0.1236
2930 0.3346 0.3349 0.2012 0.5318 0.1334 0.1337
2935 0.3265 0.3446 0.1980 0.5269 0.1285 0.1466
2940 0.3272 0.3594 0.1942 0.5075 0.1331 0.1652
2945 0.3243 0.3646 0.1905 0.5016 0.1338 0.1741
2950 0.3326 0.3727 0.1980 0.4928 0.1346 0.1747
2955 0.3263 0.3632 0.1884 0.4989 0.1379 0.1748
2960 0.3320 0.3582 0.1920 0.5019 0.1399 0.1661
2965 0.3283 0.3528 0.1989 0.5178 0.1294 0.1539
2970 0.3310 0.3486 0.2088 0.5292 0.1222 0.1398
2975 0.3245 0.3483 0.2097 0.5370 0.1148 0.1385
2980 0.3291 0.3416 0.2100 0.5394 0.1190 0.1315
2985 0.3544 0.3382 0.2230 0.5304 0.1314 0.1152
2990 0.3516 0.3382 0.2181 0.5283 0.1335 0.1201
2995 0.3518 0.3394 0.2198 0.5286 0.1320 0.1196
