6000 0.3078 0.3525 0.1985 0.5382 0.1093 0.1540
6005 0.3026 0.3486 0.1949 0.5437 0.1077 0.1536
6010 0.3072 0.3478 0.1953 0.5403 0.1119 0.1525
6015 0.3077 0.3394 0.1971 0.5501 0.1106 0.1423
6020 0.3005 0.3423 0.1962 0.5535 0.1043 0.1461
6025 0.3031 0.3433 0.1947 0.5483 0.1084 0.1486
6030 0.3041 0.3525 0.1958 0.5392 0.1083 0.1567
6035 0.3116 0.3457 0.1962 0.5389 0.1154 0.1495
6040 0.3128 0.3536 0.2005 0.5340 0.1124 0.1531
6045 0.3212 0.3583 0.2160 0.5365 0.1052 0.1423
6050 0.3192 0.3518 0.2146 0.5436 0.1045 0.1372
6055 0.3092 0.3505 0.2074 0.5478 0.1018 0.1430
6060 0.3064 0.3521 0.2010 0.5425 0.1054 0.1511
6065 0.3064 0.3444 0.1969 0.5461 0.1095 0.1475
6070 0.3048 0.3500 0.1952 0.5405 0.1096 0.1548
6075 0.3010 0.3352 0.1860 0.5498 0.1150 0.1492
6080 0.2976 0.3396 0.1827 0.5455 0.1149 0.1569
6085 0.3063 0.3272 0.1832 0.5497 0.1231 0.1440
6090 0.3102 0.3373 0.1853 0.5378 0.1249 0.1520
6095 0.3132 0.3337 0.1857 0.5388 0.1275 0.1480
6100 0.3130 0.3392 0.1824 0.5302 0.1305 0.1568
6105 0.3093 0.3565 0.1932 0.5273 0.1161 0.1634
6110 0.3069 0.3584 0.1959 0.5306 0.1110 0.1625
6115 0.2971 0.3616 0.1953 0.5367 0.1018 0.1663
6120 0.2914 0.3636 0.1947 0.5397 0.0967 0.1689
6125 0.2905 0.3563 0.1947 0.5479 0.0958 0.1616
6130 0.2942 0.3542 0.1913 0.5429 0.1029 0.1630
6135 0.3078 0.3478 0.2001 0.5445 0.1077 0.1477
6140 0.3118 0.3517 0.2103 0.5468 0.1015 0.1414
6145 0.3149 0.3415 0.2053 0.5489 0.1096 0.1362
6150 0.3056 0.3323 0.1967 0.5588 0.1090 0.1356
6155 0.3137 0.3257 0.1996 0.5602 0.1141 0.1261
6160 0.3032 0.3294 0.1909 0.5583 0.1124 0.1385
6165 0.3094 0.3318 0.1846 0.5434 0.1249 0.1472
6170 0.3162 0.3329 0.1837 0.5345 0.1326 0.1492
6175 0.3135 0.3347 0.1827 0.5345 0.1308 0.1520
6180 0.3132 0.3308 0.1785 0.5345 0.1347 0.1523
6185 0.3136 0.3246 0.1789 0.5407 0.1347 0.1457
6190 0.3176 0.3212 0.1809 0.5421 0.1367 0.1403
6195 0.3226 0.3309 0.1904 0.5369 0.1322 0.1405
6200 0.3243 0.3318 0.1996 0.5435 0.1247 0.1322
6205 0.3193 0.3318 0.1940 0.5430 0.1252 0.1377
6210 0.3287 0.3322 0.2028 0.5419 0.1260 0.1294
6215 0.3328 0.3337 0.2058 0.5393 0.1270 0.1279
6220 0.3338 0.3421 0.2102 0.5343 0.1236 0.1319
6225 0.3317 0.3370 0.2103 0.5417 0.1213 0.1266
6230 0.3255 0.3276 0.2019 0.5488 0.1236 0.1257
6235 0.3246 0.3314 0.2022 0.5463 0.1223 0.1292
6240 0.3197 0.3351 0.1993 0.5446 0.1203 0.1357
6245 0.3115 0.3424 0.1942 0.5403 0.1173 0.1482
6250 0.3029 0.3423 0.1863 0.5412 0.1165 0.1559
6255 0.3060 0.3535 0.1928 0.5333 0.1132 0.1607
6260 0.2904 0.3537 0.1906 0.5465 0.0997 0.1631
6265 0.2915 0.3563 0.1983 0.5506 0.0932 0.1579
6270 0.2928 0.3471 0.1966 0.5567 0.0962 0.1505
6275 0.3055 0.3447 0.2002 0.5501 0.1053 0.1444
6280 0.3041 0.3401 0.1968 0.5526 0.1073 0.1433
6285 0.2974 0.3314 0.1895 0.5607 0.1079 0.1419
6290 0.2981 0.3358 0.1884 0.5545 0.1097 0.1475
6295 0.2990 0.3320 0.1939 0.5629 0.1050 0.1381
6300 0.2964 0.3376 0.1983 0.5643 0.0981 0.1393
6305 0.2977 0.3340 0.2001 0.5684 0.0976 0.1339
6310 0.2959 0.3301 0.1915 0.5655 0.1044 0.1386
6315 0.2949 0.3309 0.1897 0.5639 0.1052 0.1411
6320 0.3053 0.3450 0.2001 0.5498 0.1052 0.1449
6325 0.3075 0.3507 0.2058 0.5475 0.1018 0.1449
6330 0.3155 0.3512 0.2093 0.5426 0.1062 0.1419
6335 0.3168 0.3386 0.2079 0.5526 0.1088 0.1307
6340 0.3173 0.3356 0.2026 0.5498 0.1146 0.1329
6345 0.3098 0.3308 0.1978 0.5573 0.1120 0.1329
6350 0.3048 0.3299 0.1948 0.5602 0.1100 0.1351
6355 0.3043 0.3282 0.1954 0.5629 0.1088 0.1328
6360 0.3039 0.3313 0.1915 0.5564 0.1124 0.1398
6365 0.2982 0.3286 0.1858 0.5590 0.1124 0.1428
6370 0.3050 0.3252 0.1855 0.5552 0.1196 0.1398
6375 0.3103 0.3250 0.1872 0.5520 0.1231 0.1377
6380 0.3136 0.3280 0.1919 0.5503 0.1217 0.1361
6385 0.3156 0.3364 0.1914 0.5393 0.1242 0.1451
6390 0.3017 0.3440 0.1916 0.5459 0.1101 0.1524
6395 0.3173 0.3505 0.2052 0.5374 0.1121 0.1453
6400 0.3152 0.3531 0.2012 0.5329 0.1140 0.1519
6405 0.3200 0.3513 0.1976 0.5262 0.1225 0.1538
6410 0.3189 0.3433 0.1925 0.5304 0.1264 0.1507
6415 0.3159 0.3370 0.1923 0.5395 0.1236 0.1447
6420 0.3236 0.3327 0.1963 0.5401 0.1273 0.1363
6425 0.3265 0.3319 0.2030 0.5446 0.1235 0.1289
6430 0.3340 0.3390 0.2073 0.5343 0.1268 0.1317
6435 0.3335 0.3289 0.2006 0.5382 0.1329 0.1283
6440 0.3298 0.3180 0.1924 0.5446 0.1374 0.1256
6445 0.3282 0.3173 0.1914 0.5459 0.1369 0.1259
6450 0.3354 0.3055 0.1876 0.5466 0.1478 0.1179
6455 0.3353 0.3056 0.1815 0.5406 0.1538 0.1241
6460 0.3330 0.3154 0.1831 0.5347 0.1500 0.1323
6465 0.3334 0.3175 0.1838 0.5329 0.1496 0.1337
6470 0.3386 0.3146 0.1848 0.5316 0.1538 0.1298
6475 0.3351 0.3101 0.1839 0.5388 0.1511 0.1261
6480 0.3203 0.3109 0.1807 0.5494 0.1396 0.1303
6485 0.3138 0.3178 0.1844 0.5528 0.1294 0.1333
6490 0.3015 0.3170 0.1752 0.5567 0.1262 0.1418
6495 0.2954 0.3096 0.1754 0.5704 0.1201 0.1342
6500 0.2966 0.3104 0.1781 0.5711 0.1184 0.1323
6505 0.2947 0.3094 0.1804 0.5763 0.1143 0.1290
6510 0.3031 0.3094 0.1817 0.5691 0.1214 0.1278
6515 0.3094 0.3077 0.1793 0.5622 0.1302 0.1284
6520 0.3149 0.3181 0.1822 0.5492 0.1327 0.1360
6525 0.3251 0.3248 0.1875 0.5376 0.1376 0.1374
6530 0.3313 0.3322 0.1939 0.5305 0.1374 0.1382
6535 0.3325 0.3347 0.2005 0.5333 0.1321 0.1342
6540 0.3344 0.3338 0.2026 0.5344 0.1318 0.1312
6545 0.3301 0.3317 0.2034 0.5416 0.1268 0.1283
6550 0.3256 0.3315 0.1954 0.5383 0.1302 0.1361
6555 0.3161 0.3318 0.1865 0.5386 0.1297 0.1453
6560 0.3156 0.3306 0.1827 0.5364 0.1329 0.1480
6565 0.3174 0.3372 0.1850 0.5304 0.1324 0.1523
6570 0.3229 0.3352 0.2002 0.5421 0.1227 0.1350
6575 0.3287 0.3397 0.2117 0.5432 0.1170 0.1280
6580 0.3224 0.3406 0.2145 0.5514 0.1079 0.1261
6585 0.3154 0.3473 0.2158 0.5531 0.0996 0.1315
6590 0.3145 0.3507 0.2144 0.5492 0.1001 0.1363
6595 0.3130 0.3483 0.2086 0.5473 0.1044 0.1398
6600 0.3151 0.3376 0.2010 0.5483 0.1141 0.1366
6605 0.3241 0.3527 0.2079 0.5311 0.1161 0.1448
6610 0.3245 0.3572 0.2035 0.5219 0.1209 0.1536
6615 0.3256 0.3590 0.2063 0.5217 0.1193 0.1528
6620 0.3247 0.3724 0.2077 0.5105 0.1170 0.1648
6625 0.3248 0.3665 0.2044 0.5131 0.1204 0.1621
6630 0.3303 0.3738 0.2123 0.5083 0.1179 0.1615
6635 0.3174 0.3681 0.2102 0.5247 0.1072 0.1579
6640 0.3195 0.3715 0.2131 0.5220 0.1064 0.1584
6645 0.3263 0.3673 0.2120 0.5184 0.1144 0.1553
6650 0.3344 0.3674 0.2212 0.5194 0.1132 0.1462
6655 0.3423 0.3708 0.2272 0.5142 0.1150 0.1435
6660 0.3330 0.3675 0.2200 0.5195 0.1130 0.1475
6665 0.3411 0.3580 0.2151 0.5160 0.1260 0.1429
6670 0.3343 0.3457 0.2140 0.5340 0.1203 0.1317
6675 0.3335 0.3455 0.2184 0.5393 0.1151 0.1271
6680 0.3320 0.3450 0.2153 0.5382 0.1168 0.1298
6685 0.3299 0.3434 0.2175 0.5442 0.1124 0.1259
6690 0.3356 0.3425 0.2183 0.5402 0.1173 0.1242
6695 0.3260 0.3424 0.2137 0.5454 0.1122 0.1286
6700 0.3311 0.3564 0.2227 0.5352 0.1084 0.1337
6705 0.3238 0.3486 0.2156 0.5432 0.1082 0.1329
6710 0.3320 0.3453 0.2203 0.5430 0.1117 0.1250
6715 0.3354 0.3513 0.2194 0.5326 0.1160 0.1319
6720 0.3323 0.3428 0.2153 0.5402 0.1170 0.1275
6725 0.3344 0.3472 0.2194 0.5378 0.1150 0.1278
6730 0.3343 0.3444 0.2161 0.5374 0.1182 0.1283
6735 0.3309 0.3536 0.2158 0.5312 0.1151 0.1379
6740 0.3274 0.3459 0.2106 0.5373 0.1168 0.1353
6745 0.3265 0.3410 0.2118 0.5444 0.1146 0.1292
6750 0.3269 0.3404 0.2141 0.5469 0.1127 0.1262
6755 0.3409 0.3357 0.2150 0.5384 0.1259 0.1207
6760 0.3344 0.3347 0.2142 0.5451 0.1202 0.1204
6765 0.3293 0.3308 0.2112 0.5512 0.1180 0.1196
6770 0.3300 0.3314 0.2103 0.5489 0.1197 0.1211
6775 0.3353 0.3285 0.2054 0.5416 0.1299 0.1231
6780 0.3358 0.3317 0.2054 0.5379 0.1304 0.1262
6785 0.3290 0.3295 0.1982 0.5397 0.1308 0.1313
6790 0.3296 0.3300 0.1882 0.5286 0.1414 0.1418
6795 0.3257 0.3372 0.1945 0.5316 0.1312 0.1427
6800 0.3419 0.3371 0.1972 0.5182 0.1447 0.1399
6805 0.3486 0.3277 0.2057 0.5294 0.1429 0.1221
6810 0.3476 0.3242 0.2091 0.5373 0.1385 0.1151
6815 0.3439 0.3181 0.2073 0.5453 0.1366 0.1108
6820 0.3402 0.3133 0.2015 0.5479 0.1387 0.1119
6825 0.3323 0.3136 0.1993 0.5535 0.1329 0.1143
6830 0.3392 0.3170 0.2010 0.5448 0.1382 0.1160
6835 0.3417 0.3189 0.2012 0.5406 0.1405 0.1177
6840 0.3445 0.3313 0.2048 0.5290 0.1398 0.1265
6845 0.3404 0.3382 0.2082 0.5296 0.1322 0.1300
6850 0.3414 0.3429 0.2179 0.5336 0.1235 0.1250
6855 0.3410 0.3472 0.2192 0.5310 0.1218 0.1280
6860 0.3392 0.3542 0.2202 0.5267 0.1191 0.1341
6865 0.3323 0.3534 0.2156 0.5300 0.1167 0.1377
6870 0.3313 0.3452 0.2113 0.5349 0.1199 0.1338
6875 0.3219 0.3371 0.2031 0.5441 0.1188 0.1339
6880 0.3289 0.3322 0.2078 0.5468 0.1211 0.1244
6885 0.3236 0.3343 0.2113 0.5535 0.1122 0.1230
6890 0.3332 0.3286 0.2102 0.5484 0.1230 0.1184
6895 0.3290 0.3258 0.2082 0.5533 0.1208 0.1177
6900 0.3257 0.3272 0.2046 0.5517 0.1211 0.1226
6905 0.3197 0.3227 0.2035 0.5612 0.1161 0.1192
6910 0.3140 0.3214 0.2025 0.5671 0.1115 0.1189
6915 0.3161 0.3171 0.2002 0.5670 0.1159 0.1169
6920 0.3186 0.3212 0.2026 0.5628 0.1160 0.1185
6925 0.3242 0.3251 0.2039 0.5546 0.1203 0.1212
6930 0.3192 0.3237 0.1969 0.5541 0.1222 0.1268
6935 0.3175 0.3271 0.1920 0.5474 0.1255 0.1351
6940 0.3216 0.3224 0.1838 0.5398 0.1377 0.1386
6945 0.3216 0.3204 0.1884 0.5464 0.1332 0.1321
6950 0.3133 0.3150 0.1817 0.5533 0.1317 0.1333
6955 0.3173 0.3116 0.1906 0.5618 0.1266 0.1209
6960 0.3067 0.3224 0.1900 0.5609 0.1167 0.1324
6965 0.2926 0.3204 0.1798 0.5667 0.1129 0.1406
6970 0.2914 0.3296 0.1887 0.5677 0.1026 0.1409
6975 0.2847 0.3404 0.1921 0.5671 0.0925 0.1482
6980 0.2938 0.3354 0.1933 0.5641 0.1005 0.1422
6985 0.3058 0.3407 0.2044 0.5579 0.1014 0.1363
6990 0.3093 0.3390 0.2009 0.5526 0.1084 0.1381
6995 0.3060 0.3436 0.1997 0.5501 0.1063 0.1439
