4000 0.4169 0.3638 0.1890 0.4083 0.2278 0.1748
4005 0.4211 0.3606 0.1858 0.4041 0.2353 0.1748
4010 0.4219 0.3756 0.1979 0.4005 0.2239 0.1776
4015 0.3870 0.3617 0.1734 0.4247 0.2136 0.1883
4020 0.3774 0.3852 0.1687 0.4062 0.2086 0.2164
4025 0.4001 0.3863 0.1819 0.3955 0.2182 0.2043
4030 0.4044 0.3905 0.1819 0.3870 0.2225 0.2086
4035 0.4155 0.3973 0.2051 0.3923 0.2104 0.1922
4040 0.3987 0.3991 0.1976 0.3998 0.2011 0.2015
4045 0.4133 0.3827 0.1965 0.4005 0.2168 0.1862
4050 0.4155 0.4009 0.2186 0.4023 0.1969 0.1823
4055 0.3920 0.4066 0.2122 0.4137 0.1798 0.1944
4060 0.3724 0.3952 0.2118 0.4443 0.1606 0.1833
4065 0.3592 0.3756 0.2015 0.4667 0.1577 0.1741
4070 0.3556 0.4037 0.2164 0.4571 0.1392 0.1873
4075 0.3642 0.4304 0.2236 0.4290 0.1406 0.2068
4080 0.3699 0.4204 0.2090 0.4187 0.1609 0.2115
4085 0.3880 0.4293 0.2229 0.4055 0.1652 0.2065
4090 0.4073 0.4276 0.2271 0.3923 0.1801 0.2004
4095 0.3977 0.4137 0.2207 0.4094 0.1769 0.1930
4100 0.4030 0.4001 0.2122 0.4090 0.1908 0.1880
4105 0.3955 0.4066 0.2033 0.4012 0.1922 0.2033
4110 0.3987 0.4521 0.2300 0.3791 0.1687 0.2221
4115 0.4468 0.4731 0.2563 0.3364 0.1905 0.2168
4120 0.4699 0.4913 0.2677 0.3065 0.2022 0.2236
4125 0.4745 0.4158 0.2111 0.3208 0.2634 0.2047
4130 0.4557 0.4105 0.2136 0.3475 0.2421 0.1969
4135 0.4201 0.3962 0.1841 0.3677 0.2360 0.2122
4140 0.3888 0.4201 0.2218 0.4130 0.1670 0.1983
4145 0.4094 0.4194 0.2250 0.3962 0.1844 0.1944
4150 0.4122 0.4122 0.2286 0.4041 0.1837 0.1837
4155 0.4710 0.4340 0.2496 0.3446 0.2214 0.1844
4160 0.4902 0.4233 0.2617 0.3482 0.2286 0.1616
4165 0.4852 0.4357 0.2524 0.3314 0.2328 0.1833
4170 0.4511 0.4176 0.2360 0.3674 0.2150 0.1816
4175 0.4044 0.3927 0.2214 0.4244 0.1830 0.1712
4180 0.4083 0.4066 0.2332 0.4183 0.1752 0.1734
4185 0.4372 0.3980 0.2350 0.3998 0.2022 0.1630
4190 0.4333 0.3969 0.2243 0.3941 0.2090 0.1727
4195 0.4564 0.3941 0.2417 0.3912 0.2147 0.1524
4200 0.4375 0.3994 0.2314 0.3944 0.2061 0.1680
4205 0.4137 0.3916 0.2068 0.4016 0.2068 0.1848
4210 0.3969 0.4204 0.2019 0.3845 0.1951 0.2186
4215 0.3966 0.4187 0.2036 0.3884 0.1930 0.2150
4220 0.4197 0.4468 0.2168 0.3503 0.2029 0.2300
4225 0.4265 0.4582 0.2286 0.3439 0.1979 0.2296
4230 0.4596 0.4735 0.2439 0.3108 0.2157 0.2296
4235 0.4521 0.4315 0.2168 0.3332 0.2353 0.2147
4240 0.4265 0.4247 0.1780 0.3268 0.2485 0.2467
4245 0.4041 0.4496 0.1655 0.3119 0.2385 0.2841
4250 0.4090 0.4304 0.1623 0.3229 0.2467 0.2681
4255 0.4578 0.4126 0.2004 0.3300 0.2574 0.2122
4260 0.4710 0.3560 0.1602 0.3332 0.3108 0.1958
4265 0.4710 0.3168 0.1741 0.3863 0.2969 0.1428
4270 0.4614 0.3265 0.1819 0.3941 0.2795 0.1445
4275 0.4713 0.3168 0.1890 0.4009 0.2823 0.1278
4280 0.4400 0.3713 0.1677 0.3564 0.2723 0.2036
4285 0.4343 0.4130 0.1954 0.3482 0.2389 0.2175
4290 0.3912 0.3991 0.1620 0.3717 0.2293 0.2371
4295 0.3834 0.3880 0.1627 0.3912 0.2207 0.2253
4300 0.3863 0.3923 0.1559 0.3774 0.2303 0.2364
4305 0.3916 0.4176 0.1986 0.3895 0.1930 0.2189
4310 0.3863 0.4322 0.1894 0.3710 0.1969 0.2428
4315 0.4023 0.4169 0.1659 0.3467 0.2364 0.2510
4320 0.3955 0.4137 0.1570 0.3478 0.2385 0.2567
4325 0.4201 0.4268 0.1919 0.3450 0.2282 0.2350
4330 0.4258 0.4258 0.2029 0.3514 0.2229 0.2229
4335 0.4276 0.4393 0.1912 0.3243 0.2364 0.2481
4340 0.4219 0.4414 0.1958 0.3325 0.2261 0.2456
4345 0.3934 0.4696 0.2015 0.3386 0.1919 0.2681
4350 0.3966 0.4461 0.1865 0.3439 0.2100 0.2595
4355 0.3681 0.4215 0.1520 0.3624 0.2161 0.2695
4360 0.3991 0.3720 0.1659 0.3948 0.2332 0.2061
4365 0.3831 0.3482 0.1584 0.4272 0.2246 0.1897
4370 0.4044 0.3425 0.1663 0.4194 0.2382 0.1762
4375 0.3888 0.3407 0.1645 0.4350 0.2243 0.1762
4380 0.3834 0.3375 0.1659 0.4450 0.2175 0.1716
4385 0.3987 0.3692 0.1901 0.4222 0.2086 0.1791
4390 0.3952 0.3774 0.1776 0.4051 0.2175 0.1997
4395 0.4457 0.3841 0.2019 0.3720 0.2439 0.1823
4400 0.4254 0.3759 0.1638 0.3624 0.2617 0.2122
4405 0.3984 0.3813 0.1687 0.3891 0.2296 0.2125
4410 0.3275 0.3556 0.1303 0.4471 0.1972 0.2253
4415 0.3047 0.3535 0.1185 0.4603 0.1862 0.2350
4420 0.3129 0.3446 0.1104 0.4528 0.2026 0.2342
4425 0.3072 0.3692 0.1139 0.4375 0.1933 0.2553
4430 0.3240 0.3784 0.1296 0.4272 0.1944 0.2488
4435 0.3197 0.3653 0.1171 0.4322 0.2026 0.2481
4440 0.3364 0.3638 0.1335 0.4333 0.2029 0.2303
4445 0.3592 0.3621 0.1428 0.4215 0.2164 0.2193
4450 0.3912 0.3524 0.1552 0.4115 0.2360 0.1972
4455 0.4162 0.3717 0.1947 0.4069 0.2214 0.1769
4460 0.3731 0.3702 0.1620 0.4187 0.2111 0.2083
4465 0.3685 0.3987 0.1563 0.3891 0.2122 0.2424
4470 0.3564 0.3870 0.1360 0.3927 0.2204 0.2510
4475 0.3507 0.3482 0.1388 0.4400 0.2118 0.2093
4480 0.3414 0.3158 0.1331 0.4760 0.2083 0.1826
4485 0.3090 0.3165 0.1307 0.5052 0.1784 0.1858
4490 0.3311 0.3350 0.1363 0.4703 0.1947 0.1986
4495 0.3289 0.3464 0.1324 0.4571 0.1965 0.2140
4500 0.3393 0.3603 0.1324 0.4329 0.2068 0.2278
4505 0.3375 0.3606 0.1349 0.4368 0.2026 0.2257
4510 0.3564 0.3482 0.1371 0.4325 0.2193 0.2111
4515 0.3421 0.3649 0.1324 0.4254 0.2097 0.2325
4520 0.3510 0.3407 0.1367 0.4450 0.2143 0.2040
4525 0.3382 0.3613 0.1299 0.4304 0.2083 0.2314
4530 0.3446 0.3581 0.1367 0.4340 0.2079 0.2214
4535 0.3759 0.3831 0.1801 0.4211 0.1958 0.2029
4540 0.3816 0.3927 0.1712 0.3969 0.2104 0.2214
4545 0.4197 0.4009 0.1794 0.3588 0.2403 0.2214
4550 0.3891 0.4009 0.1602 0.3702 0.2289 0.2407
4555 0.3542 0.3923 0.1495 0.4030 0.2047 0.2428
4560 0.3200 0.4069 0.1267 0.3998 0.1933 0.2802
4565 0.3161 0.4130 0.1385 0.4094 0.1776 0.2745
4570 0.3321 0.4229 0.1574 0.4023 0.1748 0.2656
4575 0.3368 0.4279 0.1559 0.3912 0.1808 0.2720
4580 0.3521 0.4468 0.1705 0.3717 0.1816 0.2763
4585 0.3250 0.4354 0.1517 0.3912 0.1734 0.2837
4590 0.3186 0.4169 0.1403 0.4048 0.1784 0.2766
4595 0.3521 0.4155 0.1577 0.3902 0.1944 0.2577
4600 0.3606 0.3460 0.1385 0.4318 0.2221 0.2075
4605 0.3717 0.3628 0.1342 0.3998 0.2375 0.2286
4610 0.3962 0.3585 0.1374 0.3827 0.2588 0.2211
4615 0.3681 0.3706 0.1502 0.4115 0.2179 0.2204
4620 0.3364 0.3781 0.1360 0.4215 0.2004 0.2421
4625 0.3261 0.3731 0.1570 0.4578 0.1691 0.2161
4630 0.3613 0.3685 0.1780 0.4482 0.1833 0.1905
4635 0.3674 0.3763 0.1670 0.4233 0.2004 0.2093
4640 0.3891 0.3763 0.1627 0.3973 0.2264 0.2136
4645 0.3848 0.3532 0.1406 0.4026 0.2442 0.2125
4650 0.3912 0.3653 0.1413 0.3848 0.2499 0.2239
4655 0.4261 0.3834 0.1630 0.3535 0.2631 0.2204
4660 0.4144 0.3909 0.1552 0.3499 0.2592 0.2357
4665 0.4311 0.4297 0.1844 0.3236 0.2467 0.2453
4670 0.4293 0.4368 0.1969 0.3307 0.2325 0.2399
4675 0.3991 0.4461 0.2001 0.3549 0.1990 0.2460
4680 0.3852 0.4293 0.1741 0.3596 0.2111 0.2553
4685 0.3649 0.4486 0.1841 0.3706 0.1808 0.2645
4690 0.3987 0.4696 0.2154 0.3471 0.1833 0.2542
4695 0.4076 0.5116 0.2503 0.3311 0.1574 0.2613
4700 0.4080 0.5048 0.2499 0.3371 0.1581 0.2549
4705 0.4500 0.5059 0.2859 0.3300 0.1641 0.2200
4710 0.4642 0.4368 0.2531 0.3521 0.2111 0.1837
4715 0.4635 0.3948 0.2442 0.3859 0.2193 0.1506
4720 0.4489 0.3770 0.2204 0.3944 0.2286 0.1566
4725 0.4414 0.3916 0.2332 0.4001 0.2083 0.1584
4730 0.4450 0.4012 0.2275 0.3813 0.2175 0.1737
4735 0.4475 0.3959 0.2068 0.3635 0.2407 0.1890
4740 0.4115 0.3685 0.1883 0.4083 0.2232 0.1801
4745 0.3962 0.3549 0.1787 0.4276 0.2175 0.1762
4750 0.3823 0.3403 0.1566 0.4340 0.2257 0.1837
4755 0.3866 0.3475 0.1691 0.4350 0.2175 0.1784
4760 0.3980 0.3339 0.1527 0.4208 0.2453 0.1812
4765 0.3948 0.3485 0.1520 0.4087 0.2428 0.1965
4770 0.4179 0.3535 0.1655 0.3941 0.2524 0.1880
4775 0.4557 0.3677 0.1919 0.3685 0.2638 0.1759
4780 0.4475 0.3795 0.2125 0.3855 0.2350 0.1670
4785 0.4372 0.3948 0.2136 0.3816 0.2236 0.1812
4790 0.3870 0.3987 0.1937 0.4080 0.1933 0.2051
4795 0.4037 0.4272 0.2040 0.3731 0.1997 0.2232
4800 0.4019 0.4247 0.1915 0.3649 0.2104 0.2332
4805 0.4194 0.4133 0.1734 0.3407 0.2460 0.2399
4810 0.4446 0.4041 0.1527 0.3040 0.2919 0.2513
4815 0.4589 0.4265 0.1613 0.2759 0.2976 0.2652
4820 0.4610 0.3984 0.1470 0.2876 0.3140 0.2513
4825 0.4340 0.3941 0.1452 0.3172 0.2887 0.2488
4830 0.4354 0.3578 0.1328 0.3396 0.3026 0.2250
4835 0.4137 0.3161 0.1285 0.3987 0.2852 0.1876
4840 0.3959 0.3165 0.1360 0.4236 0.2599 0.1805
4845 0.3973 0.3111 0.1253 0.4169 0.2720 0.1858
4850 0.3656 0.2926 0.1153 0.4571 0.2503 0.1773
4855 0.3599 0.3937 0.1897 0.4361 0.1702 0.2040
4860 0.3621 0.4105 0.1887 0.4162 0.1734 0.2218
4865 0.3770 0.4183 0.1986 0.4033 0.1784 0.2197
4870 0.3816 0.4286 0.1897 0.3795 0.1919 0.2389
4875 0.3734 0.4083 0.1723 0.3905 0.2011 0.2360
4880 0.3823 0.4076 0.1691 0.3791 0.2132 0.2385
4885 0.3916 0.4286 0.1784 0.3581 0.2132 0.2503
4890 0.3855 0.3880 0.1463 0.3727 0.2392 0.2417
4895 0.3649 0.4169 0.1442 0.3624 0.2207 0.2727
4900 0.3421 0.4603 0.1488 0.3464 0.1933 0.3115
4905 0.3418 0.4742 0.1598 0.3439 0.1819 0.3143
4910 0.3193 0.4614 0.1744 0.3937 0.1449 0.2869
4915 0.3617 0.4592 0.2051 0.3841 0.1566 0.2542
4920 0.3955 0.4589 0.2318 0.3774 0.1638 0.2271
4925 0.4254 0.4874 0.2496 0.3368 0.1759 0.2378
4930 0.4389 0.4810 0.2410 0.3211 0.1979 0.2399
4935 0.4425 0.4653 0.2083 0.3005 0.2342 0.2570
4940 0.4211 0.4706 0.1965 0.3047 0.2246 0.2741
4945 0.3959 0.4564 0.1851 0.3329 0.2108 0.2713
4950 0.3923 0.4400 0.1670 0.3346 0.2253 0.2731
4955 0.4244 0.4432 0.2300 0.3624 0.1944 0.2132
4960 0.4304 0.4350 0.2439 0.3784 0.1865 0.1912
4965 0.4073 0.4279 0.2054 0.3702 0.2019 0.2225
4970 0.4090 0.4375 0.2221 0.3756 0.1869 0.2154
4975 0.4133 0.4215 0.2154 0.3806 0.1979 0.2061
4980 0.4105 0.4197 0.1983 0.3681 0.2122 0.2214
4985 0.4240 0.4208 0.2268 0.3820 0.1972 0.1940
4990 0.4258 0.4215 0.2257 0.3784 0.2001 0.1958
4995 0.4261 0.4318 0.2289 0.3710 0.1972 0.2029
