8000 0.3553 0.3898 0.1630 0.4179 0.1922 0.2268
8005 0.3453 0.3845 0.1609 0.4311 0.1844 0.2236
8010 0.3549 0.3795 0.1623 0.4279 0.1926 0.2172
8015 0.3581 0.3994 0.1702 0.4126 0.1880 0.2293
8020 0.3599 0.4055 0.1598 0.3944 0.2001 0.2456
8025 0.3407 0.4073 0.1435 0.3955 0.1972 0.2638
8030 0.3471 0.4005 0.1431 0.3955 0.2040 0.2574
8035 0.3539 0.3766 0.1189 0.3884 0.2350 0.2577
8040 0.3638 0.3930 0.1353 0.3784 0.2286 0.2577
8045 0.3742 0.4151 0.1545 0.3653 0.2197 0.2606
8050 0.3944 0.4251 0.1780 0.3585 0.2164 0.2471
8055 0.3724 0.4140 0.1545 0.3681 0.2179 0.2595
8060 0.3841 0.4108 0.1663 0.3713 0.2179 0.2446
8065 0.3905 0.3923 0.1666 0.3838 0.2239 0.2257
8070 0.3898 0.3674 0.1506 0.3934 0.2392 0.2168
8075 0.3859 0.3546 0.1488 0.4083 0.2371 0.2058
8080 0.4005 0.3823 0.1652 0.3823 0.2353 0.2172
8085 0.3955 0.3727 0.1563 0.3880 0.2392 0.2164
8090 0.3944 0.3738 0.1755 0.4073 0.2189 0.1983
8095 0.4087 0.3656 0.1709 0.3966 0.2378 0.1947
8100 0.3920 0.3770 0.1677 0.3987 0.2243 0.2093
8105 0.3977 0.3934 0.1563 0.3653 0.2414 0.2371
8110 0.4001 0.4090 0.1687 0.3596 0.2314 0.2403
8115 0.3866 0.4532 0.1652 0.3254 0.2214 0.2880
8120 0.3877 0.4293 0.1574 0.3403 0.2303 0.2720
8125 0.3984 0.4304 0.1570 0.3282 0.2414 0.2734
8130 0.4051 0.4286 0.1620 0.3282 0.2431 0.2666
8135 0.3791 0.4414 0.1588 0.3382 0.2204 0.2827
8140 0.3845 0.4272 0.1638 0.3521 0.2207 0.2634
8145 0.3524 0.4226 0.1606 0.3855 0.1919 0.2620
8150 0.3638 0.4001 0.1420 0.3781 0.2218 0.2581
8155 0.3428 0.4019 0.1296 0.3848 0.2132 0.2723
8160 0.3581 0.4254 0.1399 0.3564 0.2182 0.2855
8165 0.3834 0.4610 0.1666 0.3222 0.2168 0.2944
8170 0.4019 0.4795 0.2047 0.3232 0.1972 0.2748
8175 0.4343 0.4891 0.2243 0.3008 0.2100 0.2649
8180 0.4557 0.4753 0.2204 0.2894 0.2353 0.2549
8185 0.4457 0.4425 0.2097 0.3215 0.2360 0.2328
8190 0.4268 0.4240 0.1727 0.3218 0.2542 0.2513
8195 0.4272 0.4105 0.1712 0.3336 0.2560 0.2392
8200 0.4418 0.4272 0.1673 0.2983 0.2745 0.2599
8205 0.4155 0.4158 0.1549 0.3236 0.2606 0.2609
8210 0.4140 0.4293 0.1549 0.3115 0.2592 0.2745
8215 0.3998 0.4443 0.1851 0.3410 0.2147 0.2592
8220 0.4019 0.4365 0.1976 0.3592 0.2043 0.2389
8225 0.3738 0.4386 0.1901 0.3777 0.1837 0.2485
8230 0.3784 0.4268 0.1944 0.3891 0.1841 0.2325
8235 0.3959 0.4165 0.1990 0.3866 0.1969 0.2175
8240 0.3713 0.4062 0.1780 0.4005 0.1933 0.2282
8245 0.3667 0.4019 0.1826 0.4140 0.1841 0.2193
8250 0.3799 0.3831 0.1737 0.4108 0.2061 0.2093
8255 0.3745 0.3791 0.1901 0.4365 0.1844 0.1890
8260 0.3895 0.3628 0.1937 0.4414 0.1958 0.1691
8265 0.3588 0.3478 0.1791 0.4724 0.1798 0.1687
8270 0.3866 0.3788 0.1912 0.4258 0.1954 0.1876
8275 0.3848 0.3848 0.1962 0.4265 0.1887 0.1887
8280 0.4272 0.4026 0.2207 0.3909 0.2065 0.1819
8285 0.4261 0.4119 0.2214 0.3834 0.2047 0.1905
8290 0.4112 0.4254 0.2200 0.3834 0.1912 0.2054
8295 0.3855 0.4033 0.1848 0.3959 0.2008 0.2186
8300 0.3766 0.3927 0.1769 0.4076 0.1997 0.2157
8305 0.3428 0.3507 0.1517 0.4582 0.1912 0.1990
8310 0.3300 0.3713 0.1559 0.4546 0.1741 0.2154
8315 0.3428 0.3977 0.1858 0.4454 0.1570 0.2118
8320 0.3699 0.4478 0.2143 0.3966 0.1556 0.2335
8325 0.3535 0.4532 0.2015 0.3948 0.1520 0.2517
8330 0.3460 0.4831 0.2097 0.3806 0.1363 0.2734
8335 0.3272 0.4703 0.2125 0.4151 0.1146 0.2577
8340 0.3307 0.4656 0.2147 0.4183 0.1161 0.2510
8345 0.3079 0.4521 0.1869 0.4268 0.1210 0.2652
8350 0.3371 0.4422 0.1969 0.4176 0.1403 0.2453
8355 0.3670 0.4201 0.1976 0.4105 0.1695 0.2225
8360 0.3834 0.4290 0.2253 0.4130 0.1581 0.2036
8365 0.3994 0.4489 0.2350 0.3866 0.1645 0.2140
8370 0.4016 0.4667 0.2510 0.3827 0.1506 0.2157
8375 0.3966 0.4724 0.2538 0.3848 0.1428 0.2186
8380 0.4016 0.4592 0.2396 0.3788 0.1620 0.2197
8385 0.3870 0.4578 0.2307 0.3859 0.1563 0.2271
8390 0.3692 0.4190 0.1883 0.4001 0.1808 0.2307
8395 0.3585 0.4229 0.2072 0.4258 0.1513 0.2157
8400 0.3485 0.4357 0.2015 0.4172 0.1470 0.2342
8405 0.3457 0.4482 0.2115 0.4176 0.1342 0.2367
8410 0.3446 0.4781 0.2286 0.4058 0.1161 0.2496
8415 0.3443 0.4660 0.2207 0.4105 0.1235 0.2453
8420 0.3407 0.5133 0.2282 0.3742 0.1125 0.2852
8425 0.3546 0.5158 0.2310 0.3606 0.1235 0.2848
8430 0.3930 0.5212 0.2513 0.3371 0.1417 0.2698
8435 0.3685 0.4763 0.2268 0.3820 0.1417 0.2496
8440 0.3784 0.4567 0.2043 0.3692 0.1741 0.2524
8445 0.3766 0.4286 0.1972 0.3920 0.1794 0.2314
8450 0.3870 0.4489 0.1883 0.3524 0.1986 0.2606
8455 0.3610 0.4222 0.1784 0.3952 0.1826 0.2439
8460 0.3514 0.4172 0.1755 0.4069 0.1759 0.2417
8465 0.3539 0.4073 0.1517 0.3905 0.2022 0.2556
8470 0.3745 0.4343 0.1826 0.3738 0.1919 0.2517
8475 0.3859 0.4140 0.1791 0.3791 0.2068 0.2350
8480 0.3478 0.4169 0.1606 0.3959 0.1873 0.2563
8485 0.3272 0.3763 0.1474 0.4439 0.1798 0.2289
8490 0.2848 0.3699 0.1239 0.4692 0.1609 0.2460
8495 0.2919 0.3325 0.1225 0.4980 0.1695 0.2100
8500 0.2553 0.3215 0.0922 0.5155 0.1630 0.2293
8505 0.2656 0.3143 0.1015 0.5215 0.1641 0.2129
8510 0.2570 0.3101 0.0876 0.5205 0.1695 0.2225
8515 0.3022 0.3154 0.1189 0.5012 0.1833 0.1965
8520 0.3097 0.3556 0.1299 0.4646 0.1798 0.2257
8525 0.3307 0.3546 0.1396 0.4543 0.1912 0.2150
8530 0.3464 0.3656 0.1474 0.4354 0.1990 0.2182
8535 0.3282 0.3742 0.1449 0.4425 0.1833 0.2293
8540 0.3471 0.3806 0.1609 0.4333 0.1862 0.2197
8545 0.3286 0.3888 0.1606 0.4432 0.1680 0.2282
8550 0.3311 0.4048 0.1545 0.4187 0.1766 0.2503
8555 0.3297 0.4033 0.1602 0.4272 0.1695 0.2431
8560 0.3257 0.3959 0.1598 0.4382 0.1659 0.2360
8565 0.3421 0.3984 0.1616 0.4211 0.1805 0.2367
8570 0.3268 0.3955 0.1353 0.4130 0.1915 0.2602
8575 0.3268 0.3898 0.1278 0.4112 0.1990 0.2620
8580 0.3350 0.3556 0.1292 0.4386 0.2058 0.2264
8585 0.3870 0.3528 0.1584 0.4187 0.2286 0.1944
8590 0.3816 0.3631 0.1730 0.4283 0.2086 0.1901
8595 0.3727 0.3599 0.1417 0.4090 0.2310 0.2182
8600 0.3382 0.3514 0.1385 0.4489 0.1997 0.2129
8605 0.3314 0.3475 0.1214 0.4425 0.2100 0.2261
8610 0.3193 0.3635 0.1143 0.4315 0.2051 0.2492
8615 0.3318 0.4208 0.1581 0.4055 0.1737 0.2627
8620 0.3400 0.4300 0.1474 0.3774 0.1926 0.2827
8625 0.3685 0.4340 0.1773 0.3749 0.1912 0.2567
8630 0.3613 0.4340 0.1933 0.3980 0.1680 0.2407
8635 0.3535 0.4322 0.1905 0.4048 0.1630 0.2417
8640 0.3432 0.4009 0.1566 0.4126 0.1865 0.2442
8645 0.3503 0.3731 0.1666 0.4432 0.1837 0.2065
8650 0.3535 0.3923 0.1712 0.4254 0.1823 0.2211
8655 0.3492 0.3870 0.1691 0.4329 0.1801 0.2179
8660 0.3393 0.3905 0.1776 0.4478 0.1616 0.2129
8665 0.3514 0.3752 0.1776 0.4511 0.1737 0.1976
8670 0.3446 0.3891 0.1680 0.4343 0.1766 0.2211
8675 0.3621 0.3841 0.1663 0.4201 0.1958 0.2179
8680 0.3781 0.3799 0.1734 0.4155 0.2047 0.2065
8685 0.4058 0.4197 0.1930 0.3674 0.2129 0.2268
8690 0.3827 0.4486 0.2015 0.3702 0.1812 0.2471
8695 0.3585 0.4575 0.2004 0.3845 0.1581 0.2570
8700 0.3410 0.4446 0.1908 0.4051 0.1502 0.2538
8705 0.3460 0.4240 0.1919 0.4219 0.1541 0.2321
8710 0.3624 0.4226 0.1976 0.4126 0.1648 0.2250
8715 0.3692 0.4051 0.1887 0.4144 0.1805 0.2164
8720 0.3880 0.3923 0.2065 0.4261 0.1816 0.1858
8725 0.3788 0.3692 0.1588 0.4108 0.2200 0.2104
8730 0.3770 0.3852 0.1506 0.3884 0.2264 0.2346
8735 0.3809 0.3606 0.1314 0.3898 0.2496 0.2293
8740 0.3653 0.3610 0.0979 0.3717 0.2674 0.2631
8745 0.3336 0.3332 0.0822 0.4155 0.2513 0.2510
8750 0.3368 0.3421 0.0876 0.4087 0.2492 0.2545
8755 0.3702 0.3211 0.0879 0.3966 0.2823 0.2332
8760 0.3838 0.3236 0.0869 0.3795 0.2969 0.2367
8765 0.4087 0.3485 0.1153 0.3581 0.2933 0.2332
8770 0.4080 0.3592 0.1378 0.3706 0.2702 0.2214
8775 0.3944 0.3635 0.1420 0.3841 0.2524 0.2214
8780 0.3799 0.3585 0.1189 0.3806 0.2609 0.2396
8785 0.3859 0.3759 0.1210 0.3592 0.2649 0.2549
8790 0.3980 0.3638 0.1185 0.3567 0.2795 0.2453
8795 0.4329 0.3610 0.1271 0.3332 0.3058 0.2339
8800 0.4119 0.3891 0.1488 0.3478 0.2631 0.2403
8805 0.4158 0.3984 0.1638 0.3496 0.2520 0.2346
8810 0.3482 0.4001 0.1403 0.3920 0.2079 0.2599
8815 0.3418 0.3838 0.1378 0.4122 0.2040 0.2460
8820 0.3339 0.3660 0.1406 0.4407 0.1933 0.2253
8825 0.3457 0.3663 0.1481 0.4361 0.1976 0.2182
8830 0.3653 0.3567 0.1417 0.4197 0.2236 0.2150
8835 0.3852 0.3710 0.1477 0.3916 0.2375 0.2232
8840 0.3969 0.3952 0.1663 0.3742 0.2307 0.2289
8845 0.4176 0.4233 0.1848 0.3439 0.2328 0.2385
8850 0.4190 0.4457 0.1986 0.3339 0.2204 0.2471
8855 0.4137 0.4422 0.2204 0.3645 0.1933 0.2218
8860 0.4179 0.4539 0.2449 0.3731 0.1730 0.2090
8865 0.4226 0.4261 0.2161 0.3674 0.2065 0.2100
8870 0.4201 0.4169 0.1812 0.3443 0.2389 0.2357
8875 0.4151 0.3944 0.1630 0.3535 0.2520 0.2314
8880 0.4290 0.3713 0.1509 0.3507 0.2780 0.2204
8885 0.3809 0.3813 0.1545 0.3923 0.2264 0.2268
8890 0.3738 0.3756 0.1545 0.4051 0.2193 0.2211
8895 0.3638 0.3507 0.1410 0.4265 0.2229 0.2097
8900 0.3560 0.3553 0.1481 0.4368 0.2079 0.2072
8905 0.3649 0.3354 0.1410 0.4407 0.2239 0.1944
8910 0.3613 0.3685 0.1812 0.4514 0.1801 0.1873
8915 0.3464 0.3948 0.1769 0.4357 0.1695 0.2179
8920 0.3361 0.4066 0.2011 0.4585 0.1349 0.2054
8925 0.3645 0.4155 0.2054 0.4254 0.1591 0.2100
8930 0.3677 0.4151 0.2068 0.4240 0.1609 0.2083
8935 0.3396 0.4026 0.1709 0.4286 0.1687 0.2318
8940 0.3318 0.3663 0.1492 0.4511 0.1826 0.2172
8945 0.3304 0.3517 0.1502 0.4681 0.1801 0.2015
8950 0.3443 0.3588 0.1741 0.4710 0.1702 0.1848
8955 0.3617 0.3571 0.1908 0.4721 0.1709 0.1663
8960 0.3980 0.3542 0.1798 0.4276 0.2182 0.1744
8965 0.3941 0.3713 0.1808 0.4155 0.2132 0.1905
8970 0.4112 0.3763 0.1584 0.3710 0.2528 0.2179
8975 0.3944 0.3912 0.1666 0.3809 0.2278 0.2246
8980 0.3823 0.4005 0.1609 0.3781 0.2214 0.2396
8985 0.3763 0.4087 0.1413 0.3564 0.2350 0.2674
8990 0.3813 0.4119 0.1449 0.3517 0.2364 0.2670
8995 0.3777 0.4115 0.1420 0.3528 0.2357 0.2695
