9000 0.1895 0.1674 0.0698 0.7130 0.1197 0.0976
9005 0.1885 0.1664 0.0716 0.7167 0.1169 0.0948
9010 0.1922 0.1652 0.0683 0.7109 0.1239 0.0968
9015 0.1922 0.1628 0.0690 0.7139 0.1233 0.0938
9020 0.1977 0.1607 0.0697 0.7113 0.1280 0.0911
9025 0.1937 0.1647 0.0597 0.7012 0.1340 0.1051
9030 0.1976 0.1670 0.0572 0.6927 0.1403 0.1098
9035 0.1916 0.1729 0.0587 0.6941 0.1330 0.1142
9040 0.1924 0.1730 0.0599 0.6945 0.1325 0.1132
9045 0.1834 0.1697 0.0612 0.7081 0.1222 0.1084
9050 0.1856 0.1633 0.0607 0.7119 0.1249 0.1025
9055 0.1839 0.1594 0.0624 0.7191 0.1215 0.0970
9060 0.1828 0.1604 0.0638 0.7206 0.1191 0.0966
9065 0.1850 0.1652 0.0648 0.7146 0.1202 0.1004
9070 0.1826 0.1685 0.0610 0.7099 0.1216 0.1075
9075 0.1852 0.1665 0.0562 0.7044 0.1291 0.1104
9080 0.1798 0.1689 0.0552 0.7064 0.1246 0.1138
9085 0.1837 0.1653 0.0572 0.7082 0.1264 0.1081
9090 0.1790 0.1644 0.0587 0.7154 0.1203 0.1057
9095 0.1753 0.1616 0.0603 0.7233 0.1151 0.1013
9100 0.1776 0.1669 0.0612 0.7167 0.1164 0.1057
9105 0.1803 0.1621 0.0578 0.7155 0.1224 0.1042
9110 0.1788 0.1600 0.0580 0.7191 0.1209 0.1020
9115 0.1712 0.1537 0.0533 0.7283 0.1180 0.1005
9120 0.1757 0.1559 0.0527 0.7210 0.1231 0.1032
9125 0.1676 0.1561 0.0540 0.7302 0.1136 0.1022
9130 0.1701 0.1651 0.0598 0.7246 0.1104 0.1053
9135 0.1750 0.1688 0.0587 0.7149 0.1163 0.1101
9140 0.1745 0.1693 0.0578 0.7140 0.1167 0.1115
9145 0.1738 0.1680 0.0576 0.7159 0.1162 0.1104
9150 0.1729 0.1596 0.0553 0.7227 0.1176 0.1043
9155 0.1724 0.1609 0.0530 0.7197 0.1194 0.1078
9160 0.1752 0.1546 0.0549 0.7252 0.1203 0.0996
9165 0.1759 0.1548 0.0571 0.7264 0.1188 0.0977
9170 0.1757 0.1631 0.0570 0.7181 0.1187 0.1061
9175 0.1700 0.1656 0.0594 0.7238 0.1106 0.1061
9180 0.1704 0.1721 0.0616 0.7191 0.1088 0.1105
9185 0.1700 0.1692 0.0644 0.7252 0.1057 0.1048
9190 0.1722 0.1687 0.0651 0.7242 0.1071 0.1036
9195 0.1720 0.1651 0.0636 0.7266 0.1083 0.1014
9200 0.1734 0.1685 0.0692 0.7273 0.1042 0.0993
9205 0.1680 0.1679 0.0696 0.7337 0.0984 0.0983
9210 0.1646 0.1657 0.0674 0.7371 0.0972 0.0983
9215 0.1674 0.1744 0.0653 0.7236 0.1020 0.1090
9220 0.1642 0.1747 0.0659 0.7270 0.0983 0.1088
9225 0.1693 0.1726 0.0685 0.7266 0.1008 0.1041
9230 0.1814 0.1733 0.0676 0.7130 0.1138 0.1057
9235 0.1767 0.1735 0.0601 0.7099 0.1165 0.1134
9240 0.1775 0.1762 0.0626 0.7089 0.1150 0.1136
9245 0.1790 0.1741 0.0598 0.7067 0.1192 0.1144
9250 0.1746 0.1724 0.0601 0.7131 0.1145 0.1123
9255 0.1785 0.1689 0.0623 0.7149 0.1162 0.1066
9260 0.1821 0.1681 0.0639 0.7137 0.1182 0.1042
9265 0.1790 0.1651 0.0645 0.7204 0.1145 0.1006
9270 0.1788 0.1609 0.0611 0.7214 0.1177 0.0997
9275 0.1767 0.1640 0.0696 0.7289 0.1071 0.0944
9280 0.1768 0.1651 0.0636 0.7218 0.1132 0.1014
9285 0.1761 0.1651 0.0665 0.7254 0.1095 0.0985
9290 0.1737 0.1681 0.0671 0.7254 0.1065 0.1010
9295 0.1634 0.1612 0.0663 0.7417 0.0971 0.0949
9300 0.1616 0.1549 0.0618 0.7453 0.0997 0.0931
9305 0.1571 0.1500 0.0615 0.7544 0.0956 0.0885
9310 0.1569 0.1520 0.0627 0.7538 0.0942 0.0894
9315 0.1537 0.1619 0.0661 0.7504 0.0877 0.0959
9320 0.1560 0.1624 0.0628 0.7444 0.0932 0.0996
9325 0.1580 0.1694 0.0669 0.7395 0.0911 0.1025
9330 0.1563 0.1747 0.0670 0.7360 0.0892 0.1077
9335 0.1575 0.1717 0.0700 0.7409 0.0874 0.1017
9340 0.1586 0.1659 0.0725 0.7480 0.0861 0.0935
9345 0.1659 0.1739 0.0723 0.7325 0.0936 0.1016
9350 0.1662 0.1788 0.0762 0.7312 0.0900 0.1026
9355 0.1642 0.1856 0.0745 0.7247 0.0897 0.1111
9360 0.1641 0.1856 0.0768 0.7271 0.0873 0.1088
9365 0.1640 0.1861 0.0764 0.7264 0.0875 0.1096
9370 0.1624 0.1936 0.0737 0.7177 0.0888 0.1199
9375 0.1611 0.1886 0.0745 0.7248 0.0866 0.1141
9380 0.1633 0.1893 0.0755 0.7229 0.0878 0.1139
9385 0.1701 0.1932 0.0779 0.7145 0.0923 0.1153
9390 0.1629 0.1855 0.0756 0.7272 0.0873 0.1099
9395 0.1637 0.1755 0.0729 0.7337 0.0908 0.1025
9400 0.1732 0.1732 0.0716 0.7253 0.1016 0.1016
9405 0.1685 0.1743 0.0674 0.7247 0.1011 0.1069
9410 0.1698 0.1790 0.0712 0.7225 0.0985 0.1077
9415 0.1756 0.1786 0.0728 0.7186 0.1028 0.1058
9420 0.1825 0.1846 0.0768 0.7097 0.1057 0.1078
9425 0.1877 0.1868 0.0733 0.6988 0.1144 0.1135
9430 0.1854 0.1852 0.0732 0.7026 0.1122 0.1121
9435 0.1810 0.1836 0.0714 0.7068 0.1096 0.1122
9440 0.1796 0.1878 0.0687 0.7014 0.1109 0.1191
9445 0.1788 0.1919 0.0687 0.6980 0.1101 0.1232
9450 0.1801 0.1902 0.0639 0.6936 0.1162 0.1263
9455 0.1797 0.1910 0.0659 0.6952 0.1138 0.1251
9460 0.1733 0.1974 0.0692 0.6985 0.1041 0.1282
9465 0.1743 0.1986 0.0702 0.6973 0.1041 0.1285
9470 0.1704 0.2009 0.0685 0.6971 0.1019 0.1325
9475 0.1641 0.2006 0.0697 0.7050 0.0944 0.1309
9480 0.1646 0.1941 0.0719 0.7132 0.0927 0.1222
9485 0.1656 0.1892 0.0738 0.7190 0.0918 0.1154
9490 0.1680 0.1886 0.0801 0.7235 0.0879 0.1086
9495 0.1711 0.1786 0.0770 0.7273 0.0941 0.1016
9500 0.1732 0.1692 0.0770 0.7347 0.0961 0.0921
9505 0.1718 0.1735 0.0802 0.7348 0.0917 0.0933
9510 0.1726 0.1710 0.0770 0.7335 0.0955 0.0940
9515 0.1749 0.1726 0.0755 0.7281 0.0994 0.0971
9520 0.1708 0.1751 0.0775 0.7317 0.0932 0.0976
9525 0.1757 0.1714 0.0725 0.7254 0.1032 0.0989
9530 0.1738 0.1704 0.0729 0.7288 0.1008 0.0975
9535 0.1750 0.1623 0.0789 0.7416 0.0961 0.0834
9540 0.1659 0.1669 0.0774 0.7446 0.0885 0.0895
9545 0.1734 0.1644 0.0761 0.7383 0.0973 0.0883
9550 0.1636 0.1654 0.0791 0.7500 0.0845 0.0863
9555 0.1651 0.1587 0.0729 0.7492 0.0921 0.0857
9560 0.1594 0.1616 0.0726 0.7516 0.0868 0.0890
9565 0.1605 0.1619 0.0728 0.7504 0.0877 0.0891
9570 0.1688 0.1691 0.0826 0.7447 0.0862 0.0865
9575 0.1765 0.1743 0.0843 0.7335 0.0923 0.0900
9580 0.1809 0.1802 0.0902 0.7291 0.0907 0.0900
9585 0.1761 0.1767 0.0890 0.7363 0.0871 0.0877
9590 0.1873 0.1804 0.0937 0.7260 0.0936 0.0867
9595 0.1829 0.1785 0.0891 0.7277 0.0938 0.0894
9600 0.1823 0.1839 0.0932 0.7270 0.0891 0.0907
9605 0.1774 0.1808 0.0985 0.7404 0.0789 0.0822
9610 0.1767 0.1811 0.0956 0.7378 0.0810 0.0855
9615 0.1910 0.1834 0.1034 0.7289 0.0877 0.0801
9620 0.1970 0.1817 0.0981 0.7194 0.0989 0.0837
9625 0.1919 0.1850 0.0955 0.7186 0.0964 0.0895
9630 0.1945 0.1846 0.0962 0.7171 0.0983 0.0884
9635 0.1984 0.1833 0.1013 0.7196 0.0971 0.0820
9640 0.1982 0.1875 0.0991 0.7134 0.0990 0.0884
9645 0.1874 0.1858 0.0908 0.7175 0.0966 0.0950
9650 0.1811 0.1811 0.0850 0.7227 0.0961 0.0961
9655 0.1761 0.1819 0.0880 0.7301 0.0880 0.0938
9660 0.1770 0.1772 0.0885 0.7343 0.0885 0.0886
9665 0.1692 0.1893 0.0902 0.7317 0.0790 0.0991
9670 0.1623 0.1925 0.0851 0.7303 0.0772 0.1074
9675 0.1561 0.1918 0.0798 0.7319 0.0763 0.1119
9680 0.1611 0.1943 0.0837 0.7283 0.0774 0.1106
9685 0.1774 0.2007 0.0908 0.7127 0.0866 0.1099
9690 0.1787 0.1974 0.0919 0.7157 0.0868 0.1055
9695 0.1930 0.1943 0.0946 0.7073 0.0984 0.0997
9700 0.1906 0.1957 0.0978 0.7115 0.0927 0.0979
9705 0.1868 0.1914 0.0919 0.7137 0.0949 0.0995
9710 0.1913 0.1891 0.0917 0.7113 0.0996 0.0975
9715 0.1897 0.1858 0.0871 0.7115 0.1026 0.0988
9720 0.1865 0.1937 0.0919 0.7117 0.0946 0.1018
9725 0.1893 0.1890 0.0946 0.7162 0.0948 0.0944
9730 0.1779 0.1907 0.0884 0.7198 0.0895 0.1023
9735 0.1753 0.1907 0.0865 0.7204 0.0889 0.1042
9740 0.1687 0.1896 0.0837 0.7254 0.0850 0.1059
9745 0.1665 0.1867 0.0855 0.7323 0.0810 0.1012
9750 0.1681 0.1906 0.0863 0.7277 0.0818 0.1042
9755 0.1750 0.1907 0.0848 0.7191 0.0902 0.1059
9760 0.1738 0.1908 0.0867 0.7221 0.0871 0.1041
9765 0.1654 0.1939 0.0849 0.7255 0.0805 0.1090
9770 0.1738 0.1877 0.0882 0.7267 0.0856 0.0995
9775 0.1701 0.1919 0.0926 0.7306 0.0775 0.0993
9780 0.1735 0.1844 0.0871 0.7291 0.0865 0.0973
9785 0.1688 0.1886 0.0855 0.7281 0.0833 0.1031
9790 0.1668 0.1778 0.0859 0.7413 0.0809 0.0919
9795 0.1659 0.1819 0.0804 0.7326 0.0855 0.1014
9800 0.1747 0.1796 0.0813 0.7270 0.0935 0.0983
9805 0.1814 0.1815 0.0803 0.7174 0.1011 0.1012
9810 0.1797 0.1817 0.0825 0.7210 0.0972 0.0993
9815 0.1851 0.1872 0.0849 0.7126 0.1002 0.1023
9820 0.1851 0.1964 0.0890 0.7075 0.0961 0.1074
9825 0.1782 0.1942 0.0848 0.7124 0.0935 0.1094
9830 0.1753 0.1906 0.0847 0.7188 0.0907 0.1059
9835 0.1799 0.1960 0.0884 0.7125 0.0915 0.1076
9840 0.1697 0.1965 0.0861 0.7200 0.0836 0.1104
9845 0.1755 0.1898 0.0839 0.7186 0.0915 0.1059
9850 0.1750 0.1767 0.0768 0.7252 0.0982 0.0999
9855 0.1752 0.1733 0.0758 0.7273 0.0994 0.0975
9860 0.1779 0.1753 0.0805 0.7273 0.0973 0.0948
9865 0.1846 0.1784 0.0803 0.7173 0.1043 0.0981
9870 0.1850 0.1866 0.0882 0.7166 0.0968 0.0984
9875 0.1942 0.1959 0.0929 0.7028 0.1013 0.1030
9880 0.1988 0.1962 0.0976 0.7026 0.1012 0.0987
9885 0.2012 0.1947 0.0991 0.7033 0.1020 0.0955
9890 0.1990 0.1939 0.0967 0.7038 0.1023 0.0972
9895 0.1949 0.1929 0.0977 0.7099 0.0972 0.0952
9900 0.1891 0.1973 0.0941 0.7076 0.0950 0.1032
9905 0.1906 0.1914 0.0999 0.7179 0.0907 0.0915
9910 0.1820 0.2012 0.1018 0.7186 0.0802 0.0994
9915 0.1732 0.1973 0.0952 0.7247 0.0780 0.1022
9920 0.1682 0.2029 0.0935 0.7224 0.0747 0.1094
9925 0.1712 0.2136 0.0964 0.7115 0.0749 0.1173
9930 0.1792 0.2125 0.0981 0.7063 0.0811 0.1145
9935 0.1877 0.2098 0.1042 0.7068 0.0834 0.1055
9940 0.1908 0.2053 0.1047 0.7086 0.0861 0.1006
9945 0.1925 0.2100 0.1074 0.7049 0.0851 0.1026
9950 0.1856 0.2124 0.1039 0.7058 0.0818 0.1086
9955 0.1868 0.2082 0.0943 0.6993 0.0925 0.1139
9960 0.1902 0.2009 0.0985 0.7074 0.0917 0.1024
9965 0.1903 0.1968 0.0933 0.7062 0.0970 0.1035
9970 0.1930 0.2012 0.0952 0.7010 0.0978 0.1060
9975 0.1962 0.1985 0.0994 0.7046 0.0968 0.0991
9980 0.2035 0.2030 0.1086 0.7021 0.0949 0.0944
9985 0.2025 0.2060 0.1115 0.7029 0.0911 0.0946
9990 0.2079 0.2052 0.1129 0.6998 0.0950 0.0923
9995 0.2098 0.2078 0.1133 0.6957 0.0965 0.0946
