4000 0.3542 0.3481 0.1706 0.4682 0.1837 0.1776
4005 0.3579 0.3474 0.1763 0.4711 0.1815 0.1710
4010 0.3567 0.3435 0.1773 0.4771 0.1794 0.1663
4015 0.3599 0.3469 0.1831 0.4763 0.1768 0.1638
4020 0.3704 0.3618 0.1934 0.4612 0.1770 0.1684
4025 0.3845 0.3681 0.2103 0.4577 0.1742 0.1578
4030 0.3984 0.3788 0.2212 0.4440 0.1773 0.1576
4035 0.4111 0.3754 0.2260 0.4396 0.1850 0.1494
4040 0.4161 0.3402 0.2180 0.4617 0.1981 0.1222
4045 0.4178 0.3370 0.2087 0.4539 0.2091 0.1283
4050 0.4057 0.3251 0.1951 0.4643 0.2106 0.1300
4055 0.4012 0.3251 0.1861 0.4598 0.2151 0.1390
4060 0.3946 0.3192 0.1753 0.4615 0.2193 0.1439
4065 0.3963 0.3306 0.1754 0.4486 0.2209 0.1552
4070 0.3871 0.3483 0.1809 0.4455 0.2062 0.1674
4075 0.3879 0.3664 0.2006 0.4463 0.1873 0.1658
4080 0.3783 0.3861 0.1978 0.4335 0.1805 0.1882
4085 0.3611 0.3931 0.1928 0.4387 0.1683 0.2003
4090 0.3606 0.3908 0.1952 0.4438 0.1654 0.1955
4095 0.3634 0.3570 0.1843 0.4640 0.1791 0.1727
4100 0.3652 0.3570 0.1928 0.4707 0.1724 0.1642
4105 0.3562 0.3515 0.1896 0.4819 0.1666 0.1619
4110 0.3608 0.3609 0.2024 0.4807 0.1584 0.1585
4115 0.3507 0.3518 0.1902 0.4877 0.1605 0.1616
4120 0.3492 0.3585 0.1980 0.4903 0.1512 0.1605
4125 0.3512 0.3528 0.1981 0.4941 0.1530 0.1547
4130 0.3644 0.3551 0.2020 0.4824 0.1625 0.1532
4135 0.3713 0.3606 0.1957 0.4638 0.1756 0.1649
4140 0.3981 0.3660 0.2029 0.4388 0.1952 0.1631
4145 0.3864 0.3762 0.1983 0.4358 0.1881 0.1779
4150 0.3908 0.3650 0.1971 0.4412 0.1937 0.1680
4155 0.3945 0.3560 0.2099 0.4594 0.1846 0.1462
4160 0.4106 0.3724 0.2199 0.4370 0.1907 0.1524
4165 0.4024 0.3823 0.2187 0.4341 0.1837 0.1635
4170 0.3992 0.3850 0.2085 0.4243 0.1907 0.1765
4175 0.3868 0.4074 0.2117 0.4175 0.1751 0.1957
4180 0.3890 0.3887 0.2144 0.4368 0.1745 0.1742
4185 0.3864 0.3932 0.2149 0.4353 0.1715 0.1783
4190 0.3763 0.3885 0.1904 0.4255 0.1859 0.1981
4195 0.3841 0.3993 0.1928 0.4094 0.1913 0.2065
4200 0.3909 0.4073 0.2024 0.4042 0.1885 0.2048
4205 0.3996 0.3984 0.2070 0.4089 0.1927 0.1914
4210 0.3989 0.3818 0.1885 0.4079 0.2103 0.1933
4215 0.3897 0.3704 0.1843 0.4242 0.2055 0.1861
4220 0.3704 0.3571 0.1887 0.4612 0.1817 0.1684
4225 0.3631 0.3647 0.1888 0.4611 0.1742 0.1759
4230 0.3810 0.3676 0.1908 0.4422 0.1902 0.1768
4235 0.3775 0.3536 0.1823 0.4512 0.1952 0.1713
4240 0.3733 0.3594 0.1841 0.4515 0.1891 0.1753
4245 0.3719 0.3527 0.1800 0.4554 0.1919 0.1727
4250 0.3600 0.3487 0.1803 0.4716 0.1797 0.1684
4255 0.3672 0.3624 0.1823 0.4527 0.1849 0.1802
4260 0.3664 0.3620 0.1818 0.4534 0.1846 0.1802
4265 0.3845 0.3554 0.1954 0.4554 0.1891 0.1600
4270 0.3951 0.3531 0.2105 0.4623 0.1846 0.1427
4275 0.4013 0.3591 0.2199 0.4595 0.1814 0.1392
4280 0.4056 0.3525 0.2175 0.4594 0.1881 0.1350
4285 0.3963 0.3632 0.2138 0.4544 0.1824 0.1494
4290 0.4086 0.3826 0.2254 0.4342 0.1832 0.1571
4295 0.4050 0.3756 0.2317 0.4512 0.1733 0.1439
4300 0.4018 0.3643 0.2300 0.4640 0.1718 0.1343
4305 0.4071 0.3413 0.2131 0.4647 0.1940 0.1282
4310 0.4239 0.3396 0.2135 0.4501 0.2103 0.1260
4315 0.4130 0.3614 0.2256 0.4512 0.1875 0.1358
4320 0.4068 0.3509 0.2245 0.4668 0.1823 0.1264
4325 0.3724 0.3760 0.2248 0.4765 0.1475 0.1512
4330 0.3562 0.3685 0.2155 0.4908 0.1407 0.1530
4335 0.3455 0.3670 0.2131 0.5005 0.1324 0.1539
4340 0.3603 0.3443 0.1989 0.4943 0.1614 0.1454
4345 0.3789 0.3282 0.1937 0.4867 0.1852 0.1344
4350 0.3649 0.3257 0.1888 0.4982 0.1760 0.1369
4355 0.3847 0.3623 0.2138 0.4668 0.1709 0.1485
4360 0.3876 0.3663 0.2109 0.4571 0.1766 0.1553
4365 0.4068 0.3707 0.2199 0.4425 0.1869 0.1507
4370 0.4089 0.3682 0.2129 0.4358 0.1960 0.1553
4375 0.4059 0.3678 0.2116 0.4379 0.1943 0.1562
4380 0.3958 0.3586 0.2000 0.4455 0.1959 0.1587
4385 0.4025 0.3563 0.2035 0.4446 0.1991 0.1529
4390 0.4207 0.3585 0.1995 0.4204 0.2212 0.1590
4395 0.4210 0.3736 0.2189 0.4243 0.2021 0.1547
4400 0.4327 0.3922 0.2315 0.4066 0.2012 0.1606
4405 0.4359 0.4126 0.2577 0.4092 0.1782 0.1549
4410 0.4345 0.4132 0.2570 0.4092 0.1776 0.1562
4415 0.4141 0.3945 0.2455 0.4370 0.1686 0.1489
4420 0.3949 0.4070 0.2311 0.4292 0.1638 0.1759
4425 0.4042 0.4022 0.2269 0.4205 0.1773 0.1753
4430 0.3977 0.4056 0.2210 0.4178 0.1766 0.1846
4435 0.4114 0.4028 0.2431 0.4289 0.1683 0.1597
4440 0.4037 0.3926 0.2330 0.4367 0.1707 0.1596
4445 0.4053 0.3631 0.2225 0.4542 0.1827 0.1405
4450 0.3820 0.3527 0.2090 0.4743 0.1730 0.1437
4455 0.3853 0.3507 0.2044 0.4684 0.1809 0.1463
4460 0.3727 0.3559 0.2065 0.4780 0.1661 0.1494
4465 0.3763 0.3618 0.2036 0.4655 0.1727 0.1582
4470 0.3759 0.3298 0.1951 0.4894 0.1808 0.1347
4475 0.3714 0.3091 0.1907 0.5101 0.1808 0.1184
4480 0.3627 0.2968 0.1885 0.5290 0.1742 0.1082
4485 0.3477 0.3099 0.1908 0.5333 0.1568 0.1190
4490 0.3580 0.3263 0.2026 0.5182 0.1555 0.1238
4495 0.3658 0.3406 0.2016 0.4952 0.1642 0.1390
4500 0.3762 0.3733 0.2250 0.4755 0.1512 0.1483
4505 0.4010 0.3844 0.2204 0.4350 0.1806 0.1640
4510 0.4054 0.3922 0.2254 0.4278 0.1800 0.1667
4515 0.4097 0.3852 0.2344 0.4396 0.1753 0.1507
4520 0.4269 0.3987 0.2545 0.4289 0.1724 0.1442
4525 0.4347 0.4115 0.2655 0.4193 0.1692 0.1460
4530 0.4417 0.4172 0.2737 0.4149 0.1680 0.1434
4535 0.4508 0.4236 0.2824 0.4080 0.1684 0.1411
4540 0.4422 0.4022 0.2620 0.4176 0.1802 0.1402
4545 0.4228 0.3877 0.2577 0.4472 0.1651 0.1300
4550 0.3916 0.3647 0.2274 0.4711 0.1642 0.1373
4555 0.3932 0.3669 0.2274 0.4673 0.1658 0.1395
4560 0.3887 0.3830 0.2183 0.4466 0.1704 0.1648
4565 0.4071 0.3830 0.2335 0.4434 0.1736 0.1495
4570 0.3815 0.3888 0.2202 0.4499 0.1613 0.1686
4575 0.3608 0.3827 0.2073 0.4638 0.1535 0.1754
4580 0.3631 0.3804 0.2070 0.4635 0.1561 0.1734
4585 0.3635 0.3716 0.2097 0.4746 0.1538 0.1619
4590 0.3323 0.3603 0.1945 0.5019 0.1378 0.1658
4595 0.3278 0.3528 0.1863 0.5056 0.1416 0.1666
4600 0.3350 0.3458 0.1896 0.5088 0.1454 0.1562
4605 0.3435 0.3672 0.1832 0.4725 0.1603 0.1840
4610 0.3678 0.3835 0.2163 0.4650 0.1515 0.1672
4615 0.3652 0.3830 0.2134 0.4652 0.1518 0.1696
4620 0.3536 0.3612 0.1968 0.4819 0.1568 0.1645
4625 0.3458 0.3362 0.1853 0.5033 0.1605 0.1509
4630 0.3403 0.3250 0.1733 0.5080 0.1670 0.1517
4635 0.3553 0.3355 0.1762 0.4854 0.1791 0.1593
4640 0.3695 0.3553 0.1971 0.4723 0.1724 0.1582
4645 0.3745 0.3752 0.2065 0.4568 0.1680 0.1687
4650 0.3736 0.3876 0.2030 0.4419 0.1706 0.1846
4655 0.3809 0.3806 0.2038 0.4423 0.1771 0.1768
4660 0.4144 0.3911 0.2154 0.4098 0.1991 0.1757
4665 0.4295 0.3730 0.2062 0.4037 0.2233 0.1667
4670 0.4435 0.3769 0.2277 0.4073 0.2158 0.1492
4675 0.4300 0.3865 0.2443 0.4278 0.1856 0.1422
4680 0.4239 0.3786 0.2425 0.4400 0.1814 0.1361
4685 0.4304 0.3784 0.2407 0.4318 0.1898 0.1378
4690 0.4376 0.3568 0.2401 0.4457 0.1975 0.1168
4695 0.4326 0.3605 0.2407 0.4476 0.1919 0.1198
4700 0.4213 0.3757 0.2365 0.4396 0.1847 0.1392
4705 0.4208 0.3740 0.2381 0.4432 0.1827 0.1360
4710 0.4002 0.3992 0.2503 0.4508 0.1500 0.1489
4715 0.4018 0.4025 0.2495 0.4452 0.1523 0.1530
4720 0.4115 0.4027 0.2597 0.4455 0.1518 0.1430
4725 0.4079 0.4027 0.2568 0.4463 0.1510 0.1459
4730 0.3973 0.3783 0.2303 0.4547 0.1670 0.1480
4735 0.3914 0.3829 0.2225 0.4483 0.1689 0.1603
4740 0.3919 0.3655 0.2151 0.4577 0.1768 0.1504
4745 0.3929 0.3621 0.2155 0.4604 0.1774 0.1466
4750 0.3970 0.3701 0.2048 0.4377 0.1922 0.1652
4755 0.3891 0.3719 0.2006 0.4396 0.1885 0.1713
4760 0.3891 0.3847 0.2137 0.4399 0.1754 0.1710
4765 0.3815 0.3789 0.2062 0.4458 0.1753 0.1727
4770 0.3731 0.3902 0.2077 0.4444 0.1654 0.1824
4775 0.3763 0.3745 0.2056 0.4548 0.1707 0.1689
4780 0.3798 0.3786 0.2237 0.4653 0.1561 0.1549
4785 0.4010 0.3830 0.2327 0.4487 0.1683 0.1503
4790 0.4080 0.3725 0.2384 0.4579 0.1696 0.1341
4795 0.4263 0.3777 0.2373 0.4333 0.1890 0.1404
4800 0.4144 0.3780 0.2449 0.4525 0.1695 0.1331
4805 0.4217 0.3574 0.2340 0.4548 0.1878 0.1235
4810 0.4076 0.3772 0.2382 0.4534 0.1693 0.1390
4815 0.3977 0.3771 0.2306 0.4559 0.1670 0.1465
4820 0.3996 0.3839 0.2361 0.4525 0.1635 0.1478
4825 0.3908 0.3888 0.2381 0.4585 0.1527 0.1507
4830 0.3835 0.3716 0.2355 0.4804 0.1480 0.1361
4835 0.3774 0.3499 0.2170 0.4897 0.1603 0.1329
4840 0.3791 0.3477 0.2112 0.4845 0.1678 0.1364
4845 0.3841 0.3460 0.2213 0.4912 0.1628 0.1247
4850 0.3847 0.3399 0.2221 0.4975 0.1626 0.1178
4855 0.3635 0.3493 0.2190 0.5062 0.1445 0.1303
4860 0.3582 0.3474 0.2176 0.5121 0.1405 0.1297
4865 0.3655 0.3626 0.2164 0.4883 0.1491 0.1462
4870 0.3844 0.3698 0.2076 0.4534 0.1768 0.1622
4875 0.3946 0.3675 0.2119 0.4498 0.1827 0.1556
4880 0.3914 0.3717 0.2111 0.4480 0.1803 0.1606
4885 0.3826 0.3675 0.2018 0.4518 0.1808 0.1657
4890 0.3951 0.3731 0.2090 0.4408 0.1861 0.1642
4895 0.4028 0.3571 0.2119 0.4519 0.1910 0.1453
4900 0.3960 0.3512 0.2093 0.4621 0.1867 0.1419
4905 0.3896 0.3541 0.2184 0.4748 0.1712 0.1357
4910 0.3818 0.3644 0.2222 0.4760 0.1596 0.1422
4915 0.3868 0.3679 0.2244 0.4696 0.1625 0.1436
4920 0.3920 0.3885 0.2472 0.4667 0.1448 0.1413
4925 0.4039 0.3789 0.2558 0.4729 0.1481 0.1232
4930 0.3932 0.3855 0.2486 0.4699 0.1446 0.1369
4935 0.4050 0.3861 0.2471 0.4560 0.1579 0.1390
4940 0.3978 0.3900 0.2311 0.4432 0.1667 0.1590
4945 0.3938 0.3913 0.2218 0.4367 0.1721 0.1695
4950 0.3954 0.3879 0.2119 0.4286 0.1835 0.1760
4955 0.4041 0.4016 0.2301 0.4245 0.1739 0.1715
4960 0.4007 0.4231 0.2469 0.4231 0.1538 0.1762
4965 0.3810 0.4364 0.2425 0.4251 0.1385 0.1939
4970 0.3884 0.4303 0.2458 0.4272 0.1425 0.1844
4975 0.3870 0.4219 0.2381 0.4292 0.1489 0.1838
4980 0.3818 0.4216 0.2375 0.4341 0.1443 0.1841
4985 0.4005 0.4030 0.2430 0.4394 0.1576 0.1600
4990 0.4036 0.3999 0.2417 0.4382 0.1619 0.1582
4995 0.4005 0.4079 0.2422 0.4338 0.1584 0.1657
