7000 0.4375 0.4133 0.1887 0.3378 0.2488 0.2246
7005 0.4382 0.4130 0.1887 0.3375 0.2496 0.2243
7010 0.4397 0.4098 0.1848 0.3354 0.2549 0.2250
7015 0.4130 0.4090 0.1727 0.3507 0.2403 0.2364
7020 0.3994 0.4044 0.1744 0.3706 0.2250 0.2300
7025 0.3873 0.3991 0.1538 0.3674 0.2335 0.2453
7030 0.4041 0.4026 0.1648 0.3581 0.2392 0.2378
7035 0.4258 0.4201 0.1986 0.3528 0.2271 0.2214
7040 0.4379 0.4226 0.2189 0.3585 0.2189 0.2036
7045 0.4229 0.3955 0.1880 0.3695 0.2350 0.2075
7050 0.4329 0.4236 0.1986 0.3421 0.2342 0.2250
7055 0.4236 0.4365 0.1837 0.3236 0.2399 0.2528
7060 0.4414 0.4389 0.1791 0.2987 0.2624 0.2599
7065 0.4518 0.4329 0.1752 0.2905 0.2766 0.2577
7070 0.4728 0.4468 0.2051 0.2855 0.2677 0.2417
7075 0.4375 0.4422 0.2079 0.3282 0.2296 0.2342
7080 0.3994 0.4300 0.1883 0.3588 0.2111 0.2417
7085 0.3731 0.4108 0.1905 0.4066 0.1826 0.2204
7090 0.3613 0.3713 0.1773 0.4446 0.1841 0.1940
7095 0.3660 0.3596 0.1776 0.4521 0.1883 0.1819
7100 0.3670 0.3710 0.1634 0.4254 0.2036 0.2075
7105 0.4080 0.3560 0.1841 0.4201 0.2239 0.1719
7110 0.4172 0.3713 0.2104 0.4219 0.2068 0.1609
7115 0.4147 0.4016 0.2200 0.4037 0.1947 0.1816
7120 0.3998 0.4162 0.1844 0.3685 0.2154 0.2318
7125 0.4251 0.4187 0.1719 0.3282 0.2531 0.2467
7130 0.4386 0.4187 0.1744 0.3172 0.2642 0.2442
7135 0.4685 0.4062 0.1912 0.3165 0.2773 0.2150
7140 0.4575 0.3905 0.1986 0.3507 0.2588 0.1919
7145 0.4834 0.3499 0.2065 0.3731 0.2770 0.1435
7150 0.4639 0.3532 0.2065 0.3895 0.2574 0.1467
7155 0.4482 0.3663 0.2111 0.3966 0.2371 0.1552
7160 0.4315 0.3738 0.1930 0.3877 0.2385 0.1808
7165 0.4450 0.4308 0.1994 0.3236 0.2456 0.2314
7170 0.4518 0.4560 0.2043 0.2965 0.2474 0.2517
7175 0.4617 0.4585 0.2129 0.2926 0.2488 0.2456
7180 0.4557 0.4614 0.2161 0.2990 0.2396 0.2453
7185 0.4365 0.4229 0.1776 0.3183 0.2588 0.2453
7190 0.4222 0.4073 0.1737 0.3443 0.2485 0.2335
7195 0.4155 0.3720 0.1620 0.3745 0.2535 0.2100
7200 0.4076 0.3346 0.1452 0.4030 0.2624 0.1894
7205 0.4130 0.3101 0.1577 0.4347 0.2553 0.1524
7210 0.3962 0.3393 0.1730 0.4375 0.2232 0.1663
7215 0.3855 0.3410 0.1620 0.4354 0.2236 0.1791
7220 0.3606 0.3977 0.1709 0.4126 0.1897 0.2268
7225 0.3521 0.4233 0.1944 0.4190 0.1577 0.2289
7230 0.3596 0.4026 0.1848 0.4226 0.1748 0.2179
7235 0.3485 0.3361 0.1702 0.4856 0.1784 0.1659
7240 0.3724 0.3268 0.1759 0.4767 0.1965 0.1509
7245 0.3912 0.3179 0.1695 0.4603 0.2218 0.1485
7250 0.4087 0.3770 0.1766 0.3909 0.2321 0.2004
7255 0.4443 0.3863 0.1816 0.3510 0.2627 0.2047
7260 0.4681 0.4194 0.2104 0.3229 0.2577 0.2090
7265 0.4870 0.4236 0.2417 0.3311 0.2453 0.1819
7270 0.4934 0.4187 0.2506 0.3386 0.2428 0.1680
7275 0.4382 0.4041 0.2239 0.3816 0.2143 0.1801
7280 0.4244 0.3973 0.2108 0.3891 0.2136 0.1865
7285 0.3969 0.4090 0.1983 0.3923 0.1986 0.2108
7290 0.4204 0.4183 0.2193 0.3806 0.2011 0.1990
7295 0.4251 0.4478 0.2129 0.3400 0.2122 0.2350
7300 0.3959 0.4222 0.2168 0.3987 0.1791 0.2054
7305 0.3855 0.4026 0.1986 0.4105 0.1869 0.2040
7310 0.3738 0.3827 0.1744 0.4179 0.1994 0.2083
7315 0.3503 0.3613 0.1634 0.4518 0.1869 0.1979
7320 0.3553 0.3507 0.1648 0.4589 0.1905 0.1858
7325 0.3766 0.3560 0.1776 0.4450 0.1990 0.1784
7330 0.3880 0.3432 0.1538 0.4226 0.2342 0.1894
7335 0.3781 0.3656 0.1552 0.4115 0.2229 0.2104
7340 0.3959 0.4005 0.1680 0.3717 0.2278 0.2325
7345 0.4105 0.3973 0.1830 0.3752 0.2275 0.2143
7350 0.4112 0.4126 0.1983 0.3745 0.2129 0.2143
7355 0.4151 0.4162 0.2068 0.3756 0.2083 0.2093
7360 0.4457 0.4368 0.2293 0.3467 0.2164 0.2075
7365 0.4286 0.3923 0.2086 0.3877 0.2200 0.1837
7370 0.4432 0.3977 0.2147 0.3738 0.2286 0.1830
7375 0.4272 0.3994 0.2186 0.3920 0.2086 0.1808
7380 0.4190 0.3806 0.2061 0.4066 0.2129 0.1744
7385 0.4140 0.3873 0.2083 0.4069 0.2058 0.1791
7390 0.3959 0.3745 0.1972 0.4268 0.1986 0.1773
7395 0.3813 0.3984 0.2022 0.4226 0.1791 0.1962
7400 0.3738 0.4048 0.2054 0.4268 0.1684 0.1994
7405 0.3699 0.4176 0.2136 0.4261 0.1563 0.2040
7410 0.3621 0.4251 0.2061 0.4190 0.1559 0.2189
7415 0.3542 0.4379 0.2140 0.4219 0.1403 0.2239
7420 0.3720 0.4379 0.1976 0.3877 0.1744 0.2403
7425 0.3795 0.4315 0.1983 0.3873 0.1812 0.2332
7430 0.3813 0.4090 0.2161 0.4258 0.1652 0.1930
7435 0.3834 0.3820 0.2268 0.4614 0.1566 0.1552
7440 0.3699 0.4080 0.2004 0.4226 0.1695 0.2075
7445 0.3695 0.4244 0.1841 0.3902 0.1855 0.2403
7450 0.4048 0.4592 0.2093 0.3453 0.1954 0.2499
7455 0.4133 0.4689 0.2011 0.3190 0.2122 0.2677
7460 0.4521 0.4436 0.2189 0.3232 0.2332 0.2246
7465 0.4656 0.4300 0.2214 0.3257 0.2442 0.2086
7470 0.4745 0.3742 0.1851 0.3364 0.2894 0.1890
7475 0.4703 0.3510 0.1698 0.3485 0.3005 0.1812
7480 0.4856 0.3339 0.1908 0.3713 0.2948 0.1431
7485 0.4810 0.3286 0.1816 0.3720 0.2994 0.1470
7490 0.4696 0.3329 0.1691 0.3667 0.3005 0.1638
7495 0.4653 0.3457 0.1730 0.3621 0.2923 0.1727
7500 0.4236 0.3738 0.1609 0.3635 0.2627 0.2129
7505 0.4023 0.3841 0.1602 0.3738 0.2421 0.2239
7510 0.3734 0.4176 0.1630 0.3720 0.2104 0.2545
7515 0.3631 0.4340 0.1748 0.3777 0.1883 0.2592
7520 0.3674 0.4571 0.1851 0.3606 0.1823 0.2720
7525 0.4012 0.4931 0.2218 0.3275 0.1794 0.2713
7530 0.4475 0.4706 0.2147 0.2965 0.2328 0.2560
7535 0.4493 0.4617 0.2111 0.3001 0.2382 0.2506
7540 0.4375 0.4585 0.1933 0.2973 0.2442 0.2652
7545 0.4236 0.4592 0.1741 0.2912 0.2496 0.2852
7550 0.4094 0.4461 0.1766 0.3211 0.2328 0.2695
7555 0.4119 0.4169 0.1630 0.3343 0.2488 0.2538
7560 0.3880 0.4087 0.1659 0.3692 0.2221 0.2428
7565 0.3987 0.4098 0.1755 0.3670 0.2232 0.2342
7570 0.3959 0.3969 0.1716 0.3788 0.2243 0.2253
7575 0.3952 0.3948 0.1741 0.3841 0.2211 0.2207
7580 0.3685 0.3610 0.1456 0.4162 0.2229 0.2154
7585 0.3571 0.3450 0.1346 0.4325 0.2225 0.2104
7590 0.3503 0.3574 0.1335 0.4258 0.2168 0.2239
7595 0.3567 0.3749 0.1591 0.4276 0.1976 0.2157
7600 0.3745 0.3628 0.1602 0.4229 0.2143 0.2026
7605 0.3880 0.3749 0.1666 0.4037 0.2214 0.2083
7610 0.3799 0.3770 0.1730 0.4162 0.2068 0.2040
7615 0.3510 0.3952 0.1538 0.4076 0.1972 0.2414
7620 0.3549 0.3781 0.1335 0.4005 0.2214 0.2446
7625 0.3596 0.3973 0.1328 0.3759 0.2268 0.2645
7630 0.3553 0.4069 0.1392 0.3770 0.2161 0.2677
7635 0.3799 0.3991 0.1509 0.3720 0.2289 0.2481
7640 0.3980 0.4137 0.1687 0.3571 0.2293 0.2449
7645 0.4119 0.4365 0.1919 0.3435 0.2200 0.2446
7650 0.3834 0.4429 0.1805 0.3542 0.2029 0.2624
7655 0.3688 0.4389 0.1887 0.3809 0.1801 0.2503
7660 0.3564 0.4240 0.1787 0.3984 0.1776 0.2453
7665 0.3482 0.4521 0.1890 0.3888 0.1591 0.2631
7670 0.3795 0.4610 0.2143 0.3738 0.1652 0.2467
7675 0.3966 0.4706 0.2204 0.3532 0.1762 0.2503
7680 0.4051 0.4938 0.2367 0.3378 0.1684 0.2570
7685 0.4062 0.5009 0.2367 0.3297 0.1695 0.2642
7690 0.3749 0.4867 0.2040 0.3425 0.1709 0.2827
7695 0.3724 0.4948 0.1858 0.3186 0.1865 0.3090
7700 0.3485 0.4834 0.1538 0.3218 0.1947 0.3297
7705 0.3766 0.4567 0.1769 0.3435 0.1997 0.2798
7710 0.3674 0.4094 0.1613 0.3845 0.2061 0.2481
7715 0.3749 0.3834 0.1673 0.4090 0.2075 0.2161
7720 0.3599 0.3902 0.1737 0.4236 0.1862 0.2164
7725 0.3396 0.3952 0.1374 0.4026 0.2022 0.2577
7730 0.3350 0.4297 0.1428 0.3781 0.1922 0.2869
7735 0.3485 0.4567 0.1620 0.3567 0.1865 0.2948
7740 0.3567 0.4589 0.1744 0.3588 0.1823 0.2844
7745 0.3685 0.4489 0.1477 0.3304 0.2207 0.3012
7750 0.3539 0.4354 0.1367 0.3475 0.2172 0.2987
7755 0.3503 0.4624 0.1413 0.3286 0.2090 0.3211
7760 0.3443 0.4671 0.1452 0.3339 0.1990 0.3218
7765 0.3289 0.4724 0.1424 0.3410 0.1865 0.3300
7770 0.3656 0.4322 0.1299 0.3321 0.2357 0.3022
7775 0.3859 0.3820 0.1200 0.3521 0.2659 0.2620
7780 0.3980 0.3695 0.1378 0.3702 0.2602 0.2318
7785 0.3820 0.3734 0.1371 0.3816 0.2449 0.2364
7790 0.3674 0.4105 0.1581 0.3802 0.2093 0.2524
7795 0.3895 0.4187 0.1670 0.3588 0.2225 0.2517
7800 0.3920 0.4069 0.1873 0.3884 0.2047 0.2197
7805 0.3934 0.4094 0.1944 0.3916 0.1990 0.2150
7810 0.3710 0.3944 0.1844 0.4190 0.1865 0.2100
7815 0.3635 0.4087 0.1858 0.4137 0.1776 0.2229
7820 0.3265 0.3977 0.1698 0.4457 0.1566 0.2278
7825 0.3044 0.4005 0.1445 0.4397 0.1598 0.2560
7830 0.2923 0.3859 0.1374 0.4592 0.1549 0.2485
7835 0.2837 0.4080 0.1264 0.4347 0.1574 0.2816
7840 0.2702 0.3927 0.1282 0.4653 0.1420 0.2645
7845 0.2752 0.3941 0.1289 0.4596 0.1463 0.2652
7850 0.2663 0.3806 0.1118 0.4649 0.1545 0.2688
7855 0.2645 0.3770 0.1164 0.4749 0.1481 0.2606
7860 0.2948 0.3738 0.1310 0.4624 0.1638 0.2428
7865 0.3126 0.3820 0.1349 0.4404 0.1776 0.2471
7870 0.3072 0.4058 0.1823 0.4692 0.1250 0.2236
7875 0.3005 0.3977 0.1734 0.4753 0.1271 0.2243
7880 0.3044 0.4033 0.1687 0.4610 0.1356 0.2346
7885 0.3133 0.3799 0.1652 0.4721 0.1481 0.2147
7890 0.3268 0.3955 0.1595 0.4372 0.1673 0.2360
7895 0.3432 0.3848 0.1545 0.4265 0.1887 0.2303
7900 0.3460 0.3699 0.1438 0.4279 0.2022 0.2261
7905 0.3588 0.3677 0.1431 0.4165 0.2157 0.2246
7910 0.3610 0.3535 0.1303 0.4158 0.2307 0.2232
7915 0.3596 0.3702 0.1392 0.4094 0.2204 0.2310
7920 0.3841 0.3674 0.1566 0.4051 0.2275 0.2108
7925 0.3663 0.3717 0.1655 0.4276 0.2008 0.2061
7930 0.3766 0.3959 0.1926 0.4201 0.1841 0.2033
7935 0.3870 0.4361 0.2043 0.3813 0.1826 0.2318
7940 0.3727 0.4486 0.2075 0.3863 0.1652 0.2410
7945 0.3621 0.4389 0.1919 0.3909 0.1702 0.2471
7950 0.3225 0.4407 0.1816 0.4183 0.1410 0.2592
7955 0.3065 0.4140 0.1499 0.4293 0.1566 0.2642
7960 0.3119 0.3524 0.1449 0.4806 0.1670 0.2075
7965 0.3339 0.3546 0.1698 0.4813 0.1641 0.1848
7970 0.3898 0.3542 0.1755 0.4315 0.2143 0.1787
7975 0.3952 0.3809 0.1641 0.3880 0.2310 0.2168
7980 0.3870 0.3969 0.1698 0.3859 0.2172 0.2271
7985 0.3717 0.4158 0.1570 0.3695 0.2147 0.2588
7990 0.3745 0.4041 0.1559 0.3774 0.2186 0.2481
7995 0.3706 0.4051 0.1648 0.3891 0.2058 0.2403
