8000 0.1589 0.1443 0.0535 0.7503 0.1054 0.0908
8005 0.1577 0.1436 0.0535 0.7522 0.1042 0.0901
8010 0.1549 0.1449 0.0569 0.7570 0.0981 0.0880
8015 0.1489 0.1404 0.0522 0.7628 0.0967 0.0883
8020 0.1555 0.1480 0.0572 0.7537 0.0983 0.0908
8025 0.1552 0.1522 0.0564 0.7491 0.0988 0.0958
8030 0.1613 0.1530 0.0623 0.7480 0.0990 0.0907
8035 0.1619 0.1511 0.0570 0.7440 0.1049 0.0941
8040 0.1640 0.1494 0.0524 0.7390 0.1116 0.0970
8045 0.1635 0.1560 0.0546 0.7351 0.1089 0.1014
8050 0.1701 0.1627 0.0606 0.7278 0.1095 0.1020
8055 0.1767 0.1737 0.0645 0.7142 0.1122 0.1092
8060 0.1751 0.1623 0.0674 0.7300 0.1077 0.0949
8065 0.1740 0.1663 0.0697 0.7294 0.1043 0.0966
8070 0.1739 0.1622 0.0683 0.7323 0.1055 0.0938
8075 0.1758 0.1607 0.0645 0.7279 0.1113 0.0962
8080 0.1764 0.1599 0.0682 0.7319 0.1082 0.0917
8085 0.1780 0.1596 0.0681 0.7305 0.1099 0.0915
8090 0.1785 0.1546 0.0655 0.7324 0.1130 0.0891
8095 0.1773 0.1558 0.0685 0.7354 0.1088 0.0873
8100 0.1765 0.1543 0.0661 0.7352 0.1105 0.0883
8105 0.1794 0.1578 0.0719 0.7346 0.1076 0.0860
8110 0.1813 0.1586 0.0699 0.7301 0.1113 0.0886
8115 0.1698 0.1587 0.0648 0.7364 0.1049 0.0938
8120 0.1693 0.1559 0.0592 0.7340 0.1101 0.0967
8125 0.1617 0.1530 0.0525 0.7378 0.1092 0.1005
8130 0.1685 0.1559 0.0494 0.7250 0.1191 0.1065
8135 0.1635 0.1516 0.0525 0.7375 0.1110 0.0990
8140 0.1612 0.1583 0.0584 0.7389 0.1028 0.0999
8145 0.1610 0.1567 0.0592 0.7415 0.1018 0.0976
8150 0.1636 0.1588 0.0582 0.7358 0.1054 0.1006
8155 0.1623 0.1587 0.0624 0.7415 0.0999 0.0962
8160 0.1656 0.1582 0.0633 0.7395 0.1023 0.0949
8165 0.1580 0.1575 0.0576 0.7422 0.1004 0.0999
8170 0.1491 0.1589 0.0576 0.7495 0.0915 0.1013
8175 0.1526 0.1584 0.0589 0.7479 0.0937 0.0995
8180 0.1526 0.1602 0.0577 0.7448 0.0949 0.1025
8185 0.1582 0.1522 0.0593 0.7489 0.0989 0.0929
8190 0.1669 0.1578 0.0598 0.7351 0.1071 0.0981
8195 0.1676 0.1583 0.0624 0.7365 0.1052 0.0959
8200 0.1625 0.1520 0.0589 0.7444 0.1036 0.0931
8205 0.1611 0.1464 0.0587 0.7512 0.1024 0.0877
8210 0.1535 0.1361 0.0516 0.7620 0.1019 0.0845
8215 0.1487 0.1391 0.0505 0.7627 0.0982 0.0886
8220 0.1567 0.1426 0.0548 0.7555 0.1019 0.0878
8225 0.1663 0.1450 0.0606 0.7493 0.1057 0.0844
8230 0.1733 0.1444 0.0636 0.7459 0.1096 0.0808
8235 0.1816 0.1450 0.0630 0.7364 0.1186 0.0820
8240 0.1774 0.1381 0.0569 0.7413 0.1205 0.0813
8245 0.1755 0.1438 0.0570 0.7377 0.1185 0.0868
8250 0.1794 0.1439 0.0565 0.7331 0.1229 0.0874
8255 0.1785 0.1454 0.0569 0.7330 0.1216 0.0885
8260 0.1799 0.1464 0.0558 0.7295 0.1241 0.0906
8265 0.1808 0.1529 0.0572 0.7236 0.1235 0.0956
8270 0.1775 0.1459 0.0539 0.7305 0.1237 0.0920
8275 0.1804 0.1544 0.0569 0.7220 0.1235 0.0976
8280 0.1799 0.1509 0.0612 0.7303 0.1187 0.0897
8285 0.1832 0.1470 0.0604 0.7302 0.1228 0.0866
8290 0.1871 0.1507 0.0671 0.7294 0.1199 0.0836
8295 0.1860 0.1557 0.0685 0.7268 0.1175 0.0872
8300 0.1950 0.1604 0.0674 0.7120 0.1276 0.0930
8305 0.1872 0.1570 0.0635 0.7194 0.1237 0.0935
8310 0.1867 0.1575 0.0646 0.7204 0.1221 0.0929
8315 0.1813 0.1558 0.0591 0.7220 0.1222 0.0967
8320 0.1758 0.1479 0.0578 0.7341 0.1180 0.0901
8325 0.1727 0.1549 0.0658 0.7382 0.1069 0.0891
8330 0.1733 0.1588 0.0662 0.7341 0.1071 0.0926
8335 0.1753 0.1590 0.0650 0.7306 0.1104 0.0941
8340 0.1825 0.1496 0.0554 0.7233 0.1270 0.0942
8345 0.1935 0.1483 0.0537 0.7120 0.1397 0.0946
8350 0.1945 0.1471 0.0546 0.7130 0.1400 0.0925
8355 0.1892 0.1582 0.0630 0.7156 0.1262 0.0952
8360 0.1886 0.1664 0.0665 0.7115 0.1221 0.0999
8365 0.1898 0.1623 0.0664 0.7143 0.1234 0.0959
8370 0.1871 0.1694 0.0750 0.7185 0.1121 0.0944
8375 0.1808 0.1512 0.0719 0.7399 0.1089 0.0793
8380 0.1657 0.1485 0.0652 0.7510 0.1005 0.0833
8385 0.1652 0.1487 0.0652 0.7514 0.1000 0.0834
8390 0.1677 0.1534 0.0644 0.7433 0.1034 0.0890
8395 0.1651 0.1540 0.0668 0.7477 0.0983 0.0872
8400 0.1677 0.1569 0.0665 0.7419 0.1012 0.0903
8405 0.1699 0.1552 0.0680 0.7429 0.1019 0.0872
8410 0.1701 0.1588 0.0706 0.7417 0.0995 0.0882
8415 0.1738 0.1604 0.0700 0.7359 0.1037 0.0903
8420 0.1747 0.1613 0.0757 0.7396 0.0990 0.0856
8425 0.1734 0.1640 0.0750 0.7376 0.0984 0.0890
8430 0.1798 0.1710 0.0816 0.7308 0.0982 0.0894
8435 0.1712 0.1709 0.0804 0.7383 0.0908 0.0904
8440 0.1648 0.1685 0.0758 0.7425 0.0890 0.0926
8445 0.1652 0.1706 0.0773 0.7415 0.0879 0.0933
8450 0.1692 0.1688 0.0780 0.7400 0.0912 0.0908
8455 0.1728 0.1612 0.0780 0.7440 0.0948 0.0832
8460 0.1688 0.1596 0.0706 0.7422 0.0982 0.0890
8465 0.1647 0.1598 0.0710 0.7465 0.0937 0.0888
8470 0.1693 0.1546 0.0719 0.7480 0.0975 0.0827
8475 0.1741 0.1664 0.0772 0.7366 0.0970 0.0892
8480 0.1780 0.1708 0.0744 0.7256 0.1036 0.0964
8485 0.1802 0.1751 0.0758 0.7206 0.1043 0.0993
8490 0.1839 0.1895 0.0815 0.7081 0.1024 0.1080
8495 0.1827 0.1862 0.0793 0.7104 0.1034 0.1069
8500 0.1873 0.1794 0.0747 0.7080 0.1125 0.1047
8505 0.1913 0.1722 0.0749 0.7114 0.1164 0.0973
8510 0.1889 0.1529 0.0679 0.7261 0.1210 0.0850
8515 0.1751 0.1501 0.0628 0.7376 0.1123 0.0873
8520 0.1734 0.1439 0.0619 0.7446 0.1115 0.0820
8525 0.1718 0.1404 0.0599 0.7476 0.1119 0.0805
8530 0.1718 0.1339 0.0508 0.7451 0.1210 0.0831
8535 0.1680 0.1367 0.0507 0.7460 0.1173 0.0860
8540 0.1658 0.1380 0.0501 0.7463 0.1157 0.0879
8545 0.1711 0.1413 0.0520 0.7396 0.1191 0.0892
8550 0.1759 0.1442 0.0530 0.7329 0.1229 0.0912
8555 0.1872 0.1459 0.0572 0.7242 0.1299 0.0886
8560 0.1890 0.1468 0.0582 0.7224 0.1308 0.0886
8565 0.1937 0.1500 0.0645 0.7208 0.1292 0.0855
8570 0.1874 0.1551 0.0663 0.7238 0.1211 0.0888
8575 0.1805 0.1532 0.0644 0.7306 0.1162 0.0889
8580 0.1775 0.1458 0.0566 0.7334 0.1209 0.0891
8585 0.1879 0.1507 0.0605 0.7219 0.1274 0.0902
8590 0.1932 0.1496 0.0648 0.7220 0.1284 0.0848
8595 0.1912 0.1444 0.0683 0.7328 0.1228 0.0761
8600 0.1929 0.1474 0.0676 0.7273 0.1252 0.0798
8605 0.1927 0.1477 0.0655 0.7250 0.1273 0.0822
8610 0.1860 0.1518 0.0677 0.7300 0.1182 0.0840
8615 0.1829 0.1508 0.0676 0.7338 0.1153 0.0832
8620 0.1850 0.1547 0.0681 0.7284 0.1169 0.0866
8625 0.1867 0.1551 0.0696 0.7278 0.1171 0.0855
8630 0.1886 0.1535 0.0656 0.7235 0.1231 0.0879
8635 0.1980 0.1507 0.0638 0.7150 0.1343 0.0869
8640 0.1980 0.1528 0.0633 0.7125 0.1348 0.0895
8645 0.1945 0.1611 0.0650 0.7093 0.1296 0.0961
8650 0.1883 0.1637 0.0601 0.7081 0.1281 0.1036
8655 0.1857 0.1641 0.0632 0.7133 0.1226 0.1010
8660 0.1782 0.1680 0.0627 0.7165 0.1156 0.1053
8665 0.1822 0.1674 0.0651 0.7155 0.1171 0.1023
8670 0.1858 0.1788 0.0668 0.7021 0.1191 0.1121
8675 0.1885 0.1784 0.0652 0.6983 0.1233 0.1132
8680 0.1907 0.1793 0.0658 0.6958 0.1249 0.1135
8685 0.1977 0.1727 0.0636 0.6933 0.1340 0.1090
8690 0.2012 0.1699 0.0681 0.6970 0.1331 0.1018
8695 0.2035 0.1650 0.0673 0.6988 0.1362 0.0977
8700 0.2034 0.1628 0.0681 0.7020 0.1352 0.0947
8705 0.2003 0.1615 0.0720 0.7102 0.1284 0.0895
8710 0.1973 0.1573 0.0705 0.7159 0.1268 0.0868
8715 0.1936 0.1602 0.0725 0.7186 0.1211 0.0878
8720 0.1931 0.1567 0.0685 0.7186 0.1246 0.0883
8725 0.1906 0.1554 0.0711 0.7252 0.1194 0.0843
8730 0.1848 0.1467 0.0607 0.7293 0.1240 0.0860
8735 0.1794 0.1452 0.0564 0.7318 0.1231 0.0888
8740 0.1782 0.1516 0.0606 0.7308 0.1176 0.0909
8745 0.1813 0.1558 0.0600 0.7230 0.1212 0.0958
8750 0.1836 0.1647 0.0644 0.7161 0.1192 0.1004
8755 0.1964 0.1637 0.0646 0.7045 0.1317 0.0991
8760 0.2020 0.1622 0.0719 0.7076 0.1302 0.0903
8765 0.1978 0.1600 0.0650 0.7072 0.1328 0.0950
8770 0.1900 0.1650 0.0665 0.7116 0.1234 0.0984
8775 0.1913 0.1618 0.0675 0.7144 0.1238 0.0943
8780 0.1871 0.1612 0.0686 0.7203 0.1185 0.0926
8785 0.1822 0.1578 0.0723 0.7323 0.1099 0.0855
8790 0.1838 0.1582 0.0697 0.7277 0.1141 0.0885
8795 0.1897 0.1431 0.0647 0.7319 0.1250 0.0784
8800 0.1842 0.1465 0.0601 0.7295 0.1240 0.0863
8805 0.1804 0.1456 0.0548 0.7288 0.1256 0.0908
8810 0.1785 0.1453 0.0534 0.7296 0.1251 0.0919
8815 0.1772 0.1386 0.0511 0.7353 0.1261 0.0875
8820 0.1751 0.1385 0.0524 0.7388 0.1227 0.0861
8825 0.1782 0.1377 0.0493 0.7334 0.1290 0.0884
8830 0.1811 0.1282 0.0476 0.7382 0.1336 0.0807
8835 0.1840 0.1308 0.0490 0.7342 0.1350 0.0818
8840 0.1897 0.1340 0.0504 0.7266 0.1394 0.0837
8845 0.1898 0.1324 0.0525 0.7303 0.1373 0.0798
8850 0.1851 0.1322 0.0517 0.7343 0.1334 0.0805
8855 0.1896 0.1359 0.0543 0.7289 0.1352 0.0815
8860 0.1825 0.1362 0.0511 0.7324 0.1314 0.0851
8865 0.1821 0.1423 0.0547 0.7303 0.1274 0.0875
8870 0.1790 0.1429 0.0520 0.7302 0.1269 0.0908
8875 0.1756 0.1455 0.0516 0.7305 0.1240 0.0940
8880 0.1801 0.1536 0.0541 0.7204 0.1260 0.0995
8885 0.1872 0.1566 0.0564 0.7126 0.1308 0.1002
8890 0.1901 0.1645 0.0559 0.7014 0.1342 0.1086
8895 0.1945 0.1698 0.0584 0.6941 0.1361 0.1113
8900 0.1884 0.1653 0.0645 0.7108 0.1239 0.1008
8905 0.1896 0.1710 0.0663 0.7057 0.1233 0.1047
8910 0.1872 0.1785 0.0740 0.7084 0.1132 0.1045
8915 0.1883 0.1769 0.0743 0.7091 0.1140 0.1026
8920 0.1884 0.1710 0.0761 0.7167 0.1123 0.0949
8925 0.1877 0.1695 0.0710 0.7138 0.1167 0.0985
8930 0.1788 0.1627 0.0628 0.7213 0.1160 0.0999
8935 0.1694 0.1645 0.0609 0.7270 0.1086 0.1036
8940 0.1722 0.1673 0.0677 0.7283 0.1045 0.0995
8945 0.1810 0.1733 0.0766 0.7223 0.1045 0.0967
8950 0.1803 0.1629 0.0761 0.7329 0.1042 0.0868
8955 0.1833 0.1558 0.0683 0.7293 0.1150 0.0874
8960 0.1821 0.1592 0.0670 0.7258 0.1151 0.0921
8965 0.1785 0.1543 0.0640 0.7312 0.1145 0.0903
8970 0.1844 0.1547 0.0644 0.7253 0.1200 0.0903
8975 0.1869 0.1583 0.0675 0.7223 0.1194 0.0908
8980 0.1965 0.1622 0.0708 0.7121 0.1257 0.0914
8985 0.1910 0.1704 0.0749 0.7134 0.1162 0.0955
8990 0.1924 0.1699 0.0755 0.7132 0.1169 0.0944
8995 0.1924 0.1716 0.0720 0.7080 0.1204 0.0996
