17000 0.4211 0.3090 0.1474 0.4172 0.2738 0.1616
17005 0.4247 0.3076 0.1449 0.4126 0.2798 0.1627
17010 0.4268 0.3108 0.1552 0.4176 0.2716 0.1556
17015 0.4272 0.3318 0.1734 0.4144 0.2538 0.1584
17020 0.4211 0.3446 0.1794 0.4137 0.2417 0.1652
17025 0.4461 0.3788 0.1976 0.3727 0.2485 0.1812
17030 0.4318 0.3685 0.1951 0.3948 0.2367 0.1734
17035 0.4140 0.3827 0.2022 0.4055 0.2118 0.1805
17040 0.3952 0.3699 0.1648 0.3998 0.2303 0.2051
17045 0.3855 0.3677 0.1371 0.3838 0.2485 0.2307
17050 0.3863 0.3382 0.1193 0.3948 0.2670 0.2189
17055 0.4051 0.3585 0.1527 0.3891 0.2524 0.2058
17060 0.4197 0.3635 0.1506 0.3674 0.2691 0.2129
17065 0.4265 0.3674 0.1766 0.3827 0.2499 0.1908
17070 0.4087 0.3428 0.1481 0.3966 0.2606 0.1947
17075 0.4108 0.3325 0.1371 0.3937 0.2738 0.1954
17080 0.3813 0.3133 0.1314 0.4368 0.2499 0.1819
17085 0.3923 0.3211 0.1413 0.4279 0.2510 0.1798
17090 0.3902 0.3279 0.1467 0.4286 0.2435 0.1812
17095 0.3873 0.3799 0.1876 0.4204 0.1997 0.1922
17100 0.3564 0.3763 0.1556 0.4229 0.2008 0.2207
17105 0.3695 0.4090 0.1744 0.3959 0.1951 0.2346
17110 0.3681 0.4147 0.1823 0.3994 0.1858 0.2325
17115 0.3710 0.4503 0.2054 0.3841 0.1655 0.2449
17120 0.3749 0.4532 0.2065 0.3784 0.1684 0.2467
17125 0.3831 0.4813 0.1894 0.3250 0.1937 0.2919
17130 0.4001 0.4920 0.2040 0.3119 0.1962 0.2880
17135 0.4244 0.4849 0.2193 0.3101 0.2051 0.2656
17140 0.4525 0.4656 0.2503 0.3321 0.2022 0.2154
17145 0.4653 0.4443 0.2581 0.3485 0.2072 0.1862
17150 0.4813 0.4187 0.2442 0.3443 0.2371 0.1744
17155 0.4600 0.3962 0.2058 0.3496 0.2542 0.1905
17160 0.4276 0.4219 0.2115 0.3621 0.2161 0.2104
17165 0.4236 0.4119 0.2175 0.3820 0.2061 0.1944
17170 0.3934 0.3952 0.1994 0.4108 0.1940 0.1958
17175 0.3845 0.3841 0.1869 0.4183 0.1976 0.1972
17180 0.3795 0.3855 0.1844 0.4194 0.1951 0.2011
17185 0.3955 0.3784 0.1776 0.4037 0.2179 0.2008
17190 0.3888 0.3788 0.1727 0.4051 0.2161 0.2061
17195 0.4158 0.3873 0.1912 0.3880 0.2246 0.1962
17200 0.4425 0.3838 0.1922 0.3660 0.2503 0.1915
17205 0.4753 0.4083 0.2161 0.3325 0.2592 0.1922
17210 0.4788 0.4219 0.2221 0.3215 0.2567 0.1997
17215 0.4717 0.4315 0.2271 0.3240 0.2446 0.2043
17220 0.4532 0.4137 0.2051 0.3382 0.2481 0.2086
17225 0.4279 0.4315 0.2026 0.3432 0.2253 0.2289
17230 0.4838 0.4005 0.2075 0.3232 0.2763 0.1930
17235 0.4763 0.3816 0.1922 0.3343 0.2841 0.1894
17240 0.4934 0.4048 0.2286 0.3304 0.2649 0.1762
17245 0.5034 0.4058 0.2310 0.3218 0.2723 0.1748
17250 0.5073 0.4318 0.2499 0.3108 0.2574 0.1819
17255 0.4973 0.4297 0.2346 0.3076 0.2627 0.1951
17260 0.4802 0.4322 0.2456 0.3332 0.2346 0.1865
17265 0.4738 0.4354 0.2446 0.3354 0.2293 0.1908
17270 0.4660 0.4375 0.2339 0.3304 0.2321 0.2036
17275 0.4400 0.4297 0.2275 0.3578 0.2125 0.2022
17280 0.4422 0.4535 0.2385 0.3428 0.2036 0.2150
17285 0.4254 0.4532 0.2286 0.3499 0.1969 0.2246
17290 0.3994 0.4735 0.2147 0.3418 0.1848 0.2588
17295 0.3991 0.4810 0.2282 0.3482 0.1709 0.2528
17300 0.3781 0.4646 0.2221 0.3795 0.1559 0.2424
17305 0.3759 0.4279 0.1791 0.3752 0.1969 0.2488
17310 0.3724 0.4076 0.1734 0.3934 0.1990 0.2342
17315 0.3838 0.4261 0.1784 0.3685 0.2054 0.2478
17320 0.4037 0.4272 0.1905 0.3596 0.2132 0.2367
17325 0.4101 0.4397 0.1912 0.3414 0.2189 0.2485
17330 0.3653 0.4514 0.1737 0.3571 0.1915 0.2777
17335 0.3539 0.4073 0.1499 0.3888 0.2040 0.2574
17340 0.3667 0.3977 0.1321 0.3677 0.2346 0.2656
17345 0.4055 0.3920 0.1549 0.3574 0.2506 0.2371
17350 0.4229 0.4607 0.2097 0.3261 0.2132 0.2510
17355 0.4023 0.4614 0.2147 0.3510 0.1876 0.2467
17360 0.4023 0.4600 0.2104 0.3482 0.1919 0.2496
17365 0.4347 0.4564 0.2111 0.3200 0.2236 0.2453
17370 0.4550 0.4144 0.1954 0.3261 0.2595 0.2189
17375 0.4496 0.4044 0.1776 0.3236 0.2720 0.2268
17380 0.4414 0.4115 0.1954 0.3425 0.2460 0.2161
17385 0.4432 0.4155 0.2026 0.3439 0.2407 0.2129
17390 0.4322 0.4418 0.2104 0.3364 0.2218 0.2314
17395 0.4311 0.4486 0.2225 0.3428 0.2086 0.2261
17400 0.4315 0.4703 0.2268 0.3250 0.2047 0.2435
17405 0.4311 0.4806 0.2375 0.3257 0.1937 0.2431
17410 0.4226 0.4788 0.2342 0.3329 0.1883 0.2446
17415 0.4350 0.4913 0.2513 0.3250 0.1837 0.2399
17420 0.3998 0.4664 0.2339 0.3677 0.1659 0.2325
17425 0.4155 0.4632 0.2375 0.3588 0.1780 0.2257
17430 0.4244 0.4443 0.2225 0.3539 0.2019 0.2218
17435 0.4443 0.4500 0.2318 0.3375 0.2125 0.2182
17440 0.4329 0.4194 0.2043 0.3521 0.2286 0.2150
17445 0.4290 0.4098 0.2068 0.3681 0.2221 0.2029
17450 0.4226 0.4137 0.2058 0.3695 0.2168 0.2079
17455 0.4290 0.4265 0.2307 0.3752 0.1983 0.1958
17460 0.4133 0.4201 0.2075 0.3742 0.2058 0.2125
17465 0.3937 0.4261 0.1958 0.3759 0.1979 0.2303
17470 0.3688 0.4382 0.1915 0.3845 0.1773 0.2467
17475 0.3695 0.3998 0.1431 0.3738 0.2264 0.2567
17480 0.3863 0.4151 0.1691 0.3677 0.2172 0.2460
17485 0.3973 0.4418 0.2172 0.3781 0.1801 0.2246
17490 0.4062 0.5069 0.2656 0.3524 0.1406 0.2414
17495 0.4048 0.5180 0.2620 0.3393 0.1428 0.2560
17500 0.4051 0.5176 0.2553 0.3325 0.1499 0.2624
17505 0.3895 0.5005 0.2186 0.3286 0.1709 0.2820
17510 0.3841 0.4913 0.2407 0.3653 0.1435 0.2506
17515 0.3681 0.4557 0.2268 0.4030 0.1413 0.2289
17520 0.3752 0.4482 0.2172 0.3937 0.1581 0.2310
17525 0.3507 0.4820 0.2250 0.3923 0.1257 0.2570
17530 0.3845 0.4706 0.2421 0.3870 0.1424 0.2286
17535 0.3670 0.4535 0.2157 0.3952 0.1513 0.2378
17540 0.3845 0.4393 0.2104 0.3866 0.1741 0.2289
17545 0.3759 0.4211 0.1944 0.3973 0.1816 0.2268
17550 0.3816 0.4300 0.2043 0.3927 0.1773 0.2257
17555 0.3781 0.4699 0.2193 0.3713 0.1588 0.2506
17560 0.3809 0.4881 0.2132 0.3443 0.1677 0.2748
17565 0.3799 0.4891 0.2243 0.3553 0.1556 0.2649
17570 0.3806 0.4753 0.2264 0.3706 0.1541 0.2488
17575 0.3884 0.4945 0.2225 0.3396 0.1659 0.2720
17580 0.4140 0.4856 0.2378 0.3382 0.1762 0.2478
17585 0.4197 0.4760 0.2346 0.3389 0.1851 0.2414
17590 0.4389 0.4660 0.2325 0.3275 0.2065 0.2335
17595 0.4436 0.4382 0.2225 0.3407 0.2211 0.2157
17600 0.4710 0.4567 0.2481 0.3204 0.2229 0.2086
17605 0.4596 0.4560 0.2624 0.3467 0.1972 0.1937
17610 0.4389 0.4354 0.2471 0.3727 0.1919 0.1883
17615 0.3923 0.4372 0.2332 0.4037 0.1591 0.2040
17620 0.3944 0.4322 0.2371 0.4105 0.1574 0.1951
17625 0.4026 0.4689 0.2446 0.3731 0.1581 0.2243
17630 0.3880 0.4678 0.2364 0.3806 0.1517 0.2314
17635 0.3966 0.4671 0.2186 0.3549 0.1780 0.2485
17640 0.4261 0.4283 0.1730 0.3186 0.2531 0.2553
17645 0.4162 0.4436 0.1851 0.3254 0.2310 0.2585
17650 0.3884 0.4443 0.1477 0.3151 0.2407 0.2965
17655 0.3969 0.4557 0.1769 0.3243 0.2200 0.2787
17660 0.3756 0.4550 0.1937 0.3631 0.1819 0.2613
17665 0.3717 0.4596 0.1986 0.3674 0.1730 0.2609
17670 0.3852 0.4653 0.1994 0.3489 0.1858 0.2659
17675 0.4041 0.4667 0.2200 0.3492 0.1841 0.2467
17680 0.4486 0.4582 0.2243 0.3176 0.2243 0.2339
17685 0.4514 0.4389 0.2036 0.3133 0.2478 0.2353
17690 0.4300 0.4486 0.1862 0.3076 0.2439 0.2624
17695 0.4208 0.4464 0.1841 0.3168 0.2367 0.2624
17700 0.3859 0.4567 0.1509 0.3083 0.2350 0.3058
17705 0.3966 0.4731 0.1541 0.2844 0.2424 0.3190
17710 0.3855 0.4863 0.1630 0.2912 0.2225 0.3232
17715 0.4080 0.4945 0.1616 0.2592 0.2464 0.3329
17720 0.3977 0.4838 0.1509 0.2695 0.2467 0.3329
17725 0.4322 0.4607 0.1566 0.2638 0.2755 0.3040
17730 0.4407 0.4236 0.1417 0.2773 0.2990 0.2820
17735 0.4624 0.4300 0.1655 0.2731 0.2969 0.2645
17740 0.4959 0.4119 0.1787 0.2709 0.3172 0.2332
17745 0.4856 0.4087 0.1801 0.2859 0.3054 0.2286
17750 0.4535 0.3998 0.1695 0.3161 0.2841 0.2303
17755 0.4005 0.3912 0.1563 0.3645 0.2442 0.2350
17760 0.3766 0.3959 0.1403 0.3677 0.2364 0.2556
17765 0.3407 0.3770 0.1360 0.4183 0.2047 0.2410
17770 0.3311 0.3631 0.1324 0.4382 0.1986 0.2307
17775 0.3218 0.3617 0.1403 0.4567 0.1816 0.2214
17780 0.3564 0.3916 0.1488 0.4009 0.2075 0.2428
17785 0.3635 0.4012 0.1460 0.3813 0.2175 0.2553
17790 0.3827 0.4475 0.1602 0.3300 0.2225 0.2873
17795 0.3820 0.4518 0.1709 0.3371 0.2111 0.2809
17800 0.3863 0.4664 0.1855 0.3329 0.2008 0.2809
17805 0.3777 0.4931 0.1930 0.3222 0.1848 0.3001
17810 0.4016 0.5027 0.2047 0.3005 0.1969 0.2980
17815 0.3980 0.4557 0.1841 0.3304 0.2140 0.2716
17820 0.3920 0.4333 0.1784 0.3532 0.2136 0.2549
17825 0.3848 0.4197 0.1702 0.3656 0.2147 0.2496
17830 0.4009 0.4211 0.1855 0.3635 0.2154 0.2357
17835 0.4005 0.4090 0.1801 0.3706 0.2204 0.2289
17840 0.4044 0.3934 0.1755 0.3777 0.2289 0.2179
17845 0.4233 0.4219 0.2043 0.3592 0.2189 0.2175
17850 0.4179 0.4685 0.2332 0.3467 0.1848 0.2353
17855 0.4229 0.4785 0.2268 0.3254 0.1962 0.2517
17860 0.4133 0.4653 0.2211 0.3425 0.1922 0.2442
17865 0.4076 0.4543 0.2040 0.3421 0.2036 0.2503
17870 0.4204 0.4457 0.1972 0.3311 0.2232 0.2485
17875 0.4204 0.4660 0.1965 0.3101 0.2239 0.2695
17880 0.4350 0.4468 0.1933 0.3115 0.2417 0.2535
17885 0.4347 0.4411 0.1794 0.3037 0.2553 0.2617
17890 0.4674 0.4528 0.1901 0.2698 0.2773 0.2627
17895 0.4518 0.4514 0.1930 0.2898 0.2588 0.2585
17900 0.4443 0.4596 0.1915 0.2876 0.2528 0.2681
17905 0.4244 0.4443 0.1876 0.3190 0.2367 0.2567
17910 0.4169 0.4546 0.1698 0.2983 0.2471 0.2848
17915 0.4347 0.4560 0.1794 0.2887 0.2553 0.2766
17920 0.4543 0.4674 0.1823 0.2606 0.2720 0.2852
17925 0.4557 0.4514 0.1698 0.2627 0.2859 0.2816
17930 0.4468 0.4514 0.1687 0.2706 0.2780 0.2827
17935 0.4706 0.4365 0.1915 0.2844 0.2791 0.2449
17940 0.4550 0.4244 0.1983 0.3190 0.2567 0.2261
17945 0.4333 0.4258 0.2015 0.3425 0.2318 0.2243
17950 0.4115 0.4336 0.1912 0.3460 0.2204 0.2424
17955 0.3663 0.4219 0.1566 0.3685 0.2097 0.2652
17960 0.3645 0.4422 0.1609 0.3542 0.2036 0.2812
17965 0.3991 0.4539 0.1737 0.3208 0.2253 0.2802
17970 0.4183 0.4610 0.2122 0.3329 0.2061 0.2488
17975 0.4037 0.4671 0.2175 0.3467 0.1862 0.2496
17980 0.3952 0.4628 0.2065 0.3485 0.1887 0.2563
17985 0.3795 0.4518 0.1819 0.3507 0.1976 0.2698
17990 0.3781 0.4521 0.1937 0.3635 0.1844 0.2585
17995 0.3734 0.4617 0.2100 0.3749 0.1634 0.2517
