8000 0.3400 0.3431 0.2009 0.5178 0.1391 0.1422
8005 0.3383 0.3459 0.2033 0.5190 0.1351 0.1427
8010 0.3416 0.3436 0.2029 0.5177 0.1387 0.1408
8015 0.3409 0.3410 0.1996 0.5177 0.1413 0.1414
8020 0.3439 0.3324 0.2003 0.5240 0.1436 0.1321
8025 0.3400 0.3235 0.1951 0.5316 0.1449 0.1284
8030 0.3466 0.3223 0.1985 0.5296 0.1481 0.1238
8035 0.3512 0.3124 0.1962 0.5325 0.1551 0.1162
8040 0.3507 0.3151 0.1915 0.5257 0.1592 0.1236
8045 0.3524 0.3235 0.1931 0.5172 0.1593 0.1304
8050 0.3506 0.3218 0.1906 0.5182 0.1600 0.1312
8055 0.3450 0.3301 0.1982 0.5231 0.1468 0.1318
8060 0.3288 0.3312 0.1879 0.5279 0.1409 0.1433
8065 0.3304 0.3387 0.1889 0.5198 0.1415 0.1498
8070 0.3295 0.3319 0.1849 0.5235 0.1446 0.1470
8075 0.3425 0.3342 0.1929 0.5163 0.1495 0.1413
8080 0.3359 0.3392 0.1898 0.5147 0.1460 0.1494
8085 0.3364 0.3386 0.1919 0.5169 0.1445 0.1467
8090 0.3497 0.3408 0.1962 0.5057 0.1535 0.1446
8095 0.3523 0.3350 0.1934 0.5062 0.1588 0.1415
8100 0.3652 0.3290 0.1999 0.5057 0.1653 0.1291
8105 0.3656 0.3381 0.2051 0.5014 0.1605 0.1330
8110 0.3679 0.3285 0.1942 0.4978 0.1737 0.1343
8115 0.3626 0.3280 0.1925 0.5019 0.1701 0.1355
8120 0.3603 0.3280 0.1928 0.5045 0.1675 0.1352
8125 0.3485 0.3426 0.1965 0.5054 0.1520 0.1460
8130 0.3487 0.3366 0.2039 0.5186 0.1448 0.1327
8135 0.3397 0.3431 0.2025 0.5196 0.1373 0.1406
8140 0.3418 0.3316 0.2009 0.5275 0.1409 0.1307
8145 0.3350 0.3501 0.2025 0.5174 0.1325 0.1476
8150 0.3399 0.3379 0.2029 0.5251 0.1370 0.1351
8155 0.3397 0.3368 0.2036 0.5271 0.1361 0.1331
8160 0.3385 0.3345 0.2027 0.5298 0.1357 0.1317
8165 0.3416 0.3379 0.2048 0.5253 0.1368 0.1331
8170 0.3470 0.3390 0.2131 0.5271 0.1339 0.1259
8175 0.3392 0.3403 0.2138 0.5343 0.1254 0.1264
8180 0.3525 0.3354 0.2123 0.5244 0.1402 0.1231
8185 0.3537 0.3387 0.2160 0.5236 0.1377 0.1227
8190 0.3483 0.3334 0.2141 0.5324 0.1342 0.1193
8195 0.3458 0.3350 0.2127 0.5319 0.1331 0.1223
8200 0.3470 0.3348 0.2097 0.5279 0.1373 0.1251
8205 0.3589 0.3359 0.2142 0.5195 0.1446 0.1216
8210 0.3639 0.3419 0.2168 0.5110 0.1471 0.1251
8215 0.3662 0.3378 0.2252 0.5212 0.1410 0.1126
8220 0.3594 0.3356 0.2181 0.5231 0.1413 0.1175
8225 0.3687 0.3315 0.2218 0.5217 0.1468 0.1096
8230 0.3656 0.3324 0.2255 0.5275 0.1401 0.1069
8235 0.3718 0.3376 0.2304 0.5210 0.1414 0.1072
8240 0.3640 0.3441 0.2302 0.5221 0.1338 0.1139
8245 0.3561 0.3546 0.2279 0.5172 0.1282 0.1267
8250 0.3458 0.3496 0.2178 0.5225 0.1280 0.1317
8255 0.3529 0.3503 0.2235 0.5203 0.1294 0.1268
8260 0.3488 0.3422 0.2228 0.5318 0.1260 0.1194
8265 0.3487 0.3388 0.2208 0.5333 0.1278 0.1180
8270 0.3502 0.3341 0.2146 0.5303 0.1356 0.1194
8275 0.3506 0.3474 0.2164 0.5185 0.1342 0.1309
8280 0.3407 0.3587 0.2142 0.5149 0.1264 0.1445
8285 0.3409 0.3692 0.2167 0.5066 0.1242 0.1525
8290 0.3534 0.3674 0.2265 0.5057 0.1269 0.1409
8295 0.3576 0.3644 0.2222 0.5003 0.1353 0.1422
8300 0.3683 0.3711 0.2333 0.4939 0.1349 0.1378
8305 0.3656 0.3685 0.2309 0.4968 0.1347 0.1377
8310 0.3692 0.3700 0.2353 0.4961 0.1339 0.1347
8315 0.3512 0.3630 0.2275 0.5133 0.1237 0.1355
8320 0.3632 0.3590 0.2293 0.5071 0.1339 0.1296
8325 0.3625 0.3472 0.2265 0.5168 0.1360 0.1207
8330 0.3658 0.3377 0.2295 0.5260 0.1364 0.1082
8335 0.3622 0.3422 0.2283 0.5239 0.1339 0.1139
8340 0.3492 0.3407 0.2213 0.5315 0.1278 0.1193
8345 0.3448 0.3345 0.2181 0.5389 0.1267 0.1163
8350 0.3467 0.3274 0.2213 0.5473 0.1254 0.1060
8355 0.3528 0.3210 0.2132 0.5394 0.1396 0.1078
8360 0.3554 0.3286 0.2199 0.5359 0.1355 0.1087
8365 0.3605 0.3333 0.2215 0.5276 0.1391 0.1118
8370 0.3654 0.3436 0.2327 0.5236 0.1327 0.1109
8375 0.3705 0.3493 0.2354 0.5156 0.1351 0.1139
8380 0.3667 0.3547 0.2287 0.5072 0.1380 0.1260
8385 0.3565 0.3594 0.2301 0.5142 0.1264 0.1293
8390 0.3629 0.3652 0.2333 0.5053 0.1295 0.1318
8395 0.3660 0.3691 0.2388 0.5037 0.1272 0.1303
8400 0.3614 0.3631 0.2268 0.5022 0.1347 0.1364
8405 0.3611 0.3577 0.2273 0.5085 0.1338 0.1304
8410 0.3520 0.3574 0.2203 0.5108 0.1317 0.1371
8415 0.3443 0.3567 0.2162 0.5152 0.1281 0.1405
8420 0.3502 0.3720 0.2262 0.5040 0.1240 0.1458
8425 0.3565 0.3631 0.2337 0.5141 0.1228 0.1294
8430 0.3592 0.3665 0.2358 0.5101 0.1235 0.1307
8435 0.3594 0.3614 0.2349 0.5141 0.1245 0.1265
8440 0.3502 0.3511 0.2255 0.5241 0.1247 0.1256
8445 0.3454 0.3471 0.2200 0.5275 0.1254 0.1271
8450 0.3404 0.3512 0.2207 0.5291 0.1197 0.1306
8455 0.3316 0.3563 0.2171 0.5292 0.1145 0.1392
8460 0.3368 0.3536 0.2154 0.5251 0.1214 0.1382
8465 0.3376 0.3521 0.2146 0.5249 0.1229 0.1375
8470 0.3423 0.3660 0.2195 0.5112 0.1228 0.1464
8475 0.3335 0.3687 0.2173 0.5151 0.1162 0.1513
8480 0.3418 0.3728 0.2191 0.5045 0.1227 0.1537
8485 0.3447 0.3663 0.2185 0.5075 0.1262 0.1479
8490 0.3347 0.3665 0.2120 0.5108 0.1227 0.1544
8495 0.3281 0.3518 0.2049 0.5251 0.1232 0.1468
8500 0.3284 0.3512 0.2012 0.5216 0.1272 0.1501
8505 0.3314 0.3519 0.2036 0.5204 0.1277 0.1482
8510 0.3297 0.3586 0.2056 0.5173 0.1241 0.1530
8515 0.3427 0.3657 0.2180 0.5096 0.1247 0.1477
8520 0.3413 0.3701 0.2195 0.5081 0.1218 0.1506
8525 0.3463 0.3711 0.2233 0.5058 0.1231 0.1479
8530 0.3568 0.3684 0.2224 0.4972 0.1344 0.1460
8535 0.3609 0.3596 0.2194 0.4988 0.1415 0.1402
8540 0.3601 0.3613 0.2182 0.4968 0.1419 0.1431
8545 0.3524 0.3574 0.2239 0.5141 0.1285 0.1335
8550 0.3519 0.3638 0.2249 0.5093 0.1269 0.1388
8555 0.3529 0.3671 0.2313 0.5112 0.1216 0.1358
8560 0.3497 0.3711 0.2248 0.5040 0.1249 0.1463
8565 0.3574 0.3643 0.2339 0.5121 0.1236 0.1304
8570 0.3623 0.3647 0.2321 0.5050 0.1303 0.1326
8575 0.3629 0.3485 0.2222 0.5108 0.1406 0.1263
8580 0.3623 0.3445 0.2203 0.5134 0.1420 0.1242
8585 0.3496 0.3479 0.2140 0.5165 0.1356 0.1339
8590 0.3492 0.3561 0.2208 0.5155 0.1284 0.1353
8595 0.3534 0.3711 0.2287 0.5041 0.1247 0.1424
8600 0.3565 0.3839 0.2353 0.4948 0.1213 0.1486
8605 0.3673 0.3689 0.2381 0.5019 0.1291 0.1308
8610 0.3729 0.3564 0.2323 0.5030 0.1406 0.1241
8615 0.3702 0.3489 0.2372 0.5181 0.1330 0.1117
8620 0.3652 0.3462 0.2344 0.5230 0.1308 0.1118
8625 0.3631 0.3479 0.2279 0.5169 0.1352 0.1200
8630 0.3569 0.3481 0.2332 0.5282 0.1237 0.1149
8635 0.3533 0.3428 0.2251 0.5289 0.1282 0.1178
8640 0.3483 0.3480 0.2246 0.5283 0.1237 0.1235
8645 0.3435 0.3450 0.2195 0.5310 0.1240 0.1255
8650 0.3414 0.3521 0.2124 0.5189 0.1290 0.1397
8655 0.3435 0.3459 0.2114 0.5220 0.1321 0.1346
8660 0.3439 0.3366 0.2113 0.5307 0.1326 0.1254
8665 0.3493 0.3374 0.2225 0.5358 0.1268 0.1149
8670 0.3370 0.3304 0.2172 0.5497 0.1198 0.1132
8675 0.3342 0.3285 0.2061 0.5434 0.1281 0.1224
8680 0.3221 0.3303 0.2022 0.5498 0.1198 0.1281
8685 0.3308 0.3323 0.2097 0.5466 0.1211 0.1225
8690 0.3488 0.3365 0.2247 0.5394 0.1241 0.1118
8695 0.3475 0.3410 0.2240 0.5355 0.1235 0.1170
8700 0.3458 0.3506 0.2224 0.5260 0.1235 0.1282
8705 0.3565 0.3515 0.2239 0.5159 0.1326 0.1276
8710 0.3501 0.3527 0.2178 0.5151 0.1322 0.1348
8715 0.3546 0.3499 0.2244 0.5199 0.1302 0.1255
8720 0.3538 0.3501 0.2215 0.5176 0.1324 0.1286
8725 0.3631 0.3620 0.2336 0.5085 0.1295 0.1284
8730 0.3556 0.3587 0.2229 0.5085 0.1327 0.1358
8735 0.3490 0.3661 0.2252 0.5101 0.1238 0.1409
8740 0.3456 0.3590 0.2162 0.5116 0.1294 0.1428
8745 0.3372 0.3590 0.2114 0.5152 0.1258 0.1476
8750 0.3332 0.3665 0.2158 0.5161 0.1174 0.1507
8755 0.3279 0.3782 0.2194 0.5133 0.1085 0.1588
8760 0.3378 0.3733 0.2162 0.5050 0.1216 0.1572
8765 0.3422 0.3640 0.2113 0.5050 0.1309 0.1528
8770 0.3559 0.3666 0.2212 0.4987 0.1347 0.1454
8775 0.3587 0.3666 0.2269 0.5015 0.1318 0.1397
8780 0.3654 0.3653 0.2314 0.5006 0.1340 0.1339
8785 0.3679 0.3719 0.2351 0.4954 0.1327 0.1368
8790 0.3644 0.3709 0.2355 0.5003 0.1289 0.1353
8795 0.3583 0.3741 0.2410 0.5085 0.1174 0.1331
8800 0.3452 0.3689 0.2309 0.5168 0.1143 0.1380
8805 0.3480 0.3639 0.2339 0.5220 0.1142 0.1300
8810 0.3394 0.3529 0.2226 0.5303 0.1167 0.1303
8815 0.3370 0.3583 0.2239 0.5285 0.1131 0.1344
8820 0.3346 0.3443 0.2157 0.5368 0.1189 0.1286
8825 0.3403 0.3430 0.2197 0.5364 0.1206 0.1233
8830 0.3417 0.3376 0.2175 0.5382 0.1242 0.1201
8835 0.3317 0.3405 0.2171 0.5448 0.1147 0.1235
8840 0.3266 0.3386 0.2188 0.5536 0.1078 0.1198
8845 0.3258 0.3334 0.2169 0.5577 0.1089 0.1165
8850 0.3217 0.3332 0.2158 0.5610 0.1059 0.1174
8855 0.3184 0.3339 0.2102 0.5579 0.1082 0.1237
8860 0.3173 0.3306 0.2166 0.5687 0.1007 0.1140
8865 0.3243 0.3328 0.2283 0.5713 0.0959 0.1045
8870 0.3315 0.3267 0.2188 0.5606 0.1127 0.1080
8875 0.3284 0.3361 0.2189 0.5544 0.1095 0.1173
8880 0.3487 0.3369 0.2211 0.5355 0.1276 0.1158
8885 0.3427 0.3438 0.2194 0.5329 0.1233 0.1244
8890 0.3430 0.3419 0.2221 0.5372 0.1209 0.1198
8895 0.3492 0.3395 0.2238 0.5351 0.1254 0.1157
8900 0.3496 0.3390 0.2220 0.5334 0.1276 0.1170
8905 0.3418 0.3348 0.2076 0.5310 0.1342 0.1272
8910 0.3467 0.3416 0.2141 0.5258 0.1326 0.1275
8915 0.3439 0.3361 0.2169 0.5369 0.1269 0.1192
8920 0.3425 0.3492 0.2184 0.5267 0.1241 0.1308
8925 0.3483 0.3467 0.2259 0.5309 0.1224 0.1209
8930 0.3461 0.3545 0.2288 0.5283 0.1173 0.1256
8935 0.3478 0.3499 0.2308 0.5331 0.1170 0.1192
8940 0.3538 0.3521 0.2286 0.5226 0.1253 0.1236
8945 0.3572 0.3569 0.2282 0.5141 0.1290 0.1287
8950 0.3573 0.3595 0.2295 0.5127 0.1278 0.1300
8955 0.3521 0.3594 0.2233 0.5118 0.1289 0.1361
8960 0.3540 0.3507 0.2184 0.5137 0.1356 0.1324
8965 0.3456 0.3515 0.2142 0.5172 0.1313 0.1373
8970 0.3496 0.3527 0.2199 0.5177 0.1296 0.1327
8975 0.3533 0.3458 0.2194 0.5203 0.1339 0.1264
8980 0.3558 0.3552 0.2252 0.5142 0.1306 0.1300
8985 0.3549 0.3474 0.2242 0.5220 0.1307 0.1232
8990 0.3498 0.3449 0.2208 0.5261 0.1290 0.1241
8995 0.3559 0.3425 0.2173 0.5190 0.1386 0.1251
