3000 0.4210 0.3772 0.2311 0.4329 0.1899 0.1462
3005 0.4265 0.3812 0.2376 0.4300 0.1888 0.1436
3010 0.4283 0.3826 0.2405 0.4297 0.1878 0.1421
3015 0.4242 0.3824 0.2436 0.4370 0.1806 0.1389
3020 0.3958 0.3923 0.2365 0.4484 0.1593 0.1558
3025 0.4034 0.3896 0.2361 0.4431 0.1674 0.1535
3030 0.4044 0.3836 0.2358 0.4478 0.1686 0.1478
3035 0.3948 0.3937 0.2449 0.4565 0.1498 0.1488
3040 0.3945 0.4027 0.2536 0.4565 0.1408 0.1491
3045 0.3948 0.4091 0.2507 0.4469 0.1440 0.1584
3050 0.3884 0.4150 0.2506 0.4472 0.1378 0.1645
3055 0.4077 0.4188 0.2676 0.4411 0.1401 0.1512
3060 0.3983 0.4129 0.2644 0.4533 0.1338 0.1485
3065 0.4015 0.4260 0.2707 0.4432 0.1308 0.1553
3070 0.4066 0.4121 0.2622 0.4434 0.1445 0.1500
3075 0.3906 0.4015 0.2509 0.4588 0.1398 0.1506
3080 0.3900 0.3824 0.2484 0.4760 0.1416 0.1340
3085 0.4137 0.3920 0.2524 0.4467 0.1613 0.1396
3090 0.3957 0.3806 0.2449 0.4687 0.1507 0.1357
3095 0.4034 0.3856 0.2545 0.4655 0.1489 0.1311
3100 0.4022 0.3727 0.2465 0.4716 0.1558 0.1262
3105 0.3955 0.3850 0.2442 0.4636 0.1513 0.1408
3110 0.3724 0.3762 0.2263 0.4778 0.1460 0.1498
3115 0.3548 0.3902 0.2280 0.4830 0.1268 0.1622
3120 0.3557 0.3887 0.2237 0.4793 0.1320 0.1649
3125 0.3655 0.3896 0.2242 0.4691 0.1413 0.1654
3130 0.3673 0.3870 0.2216 0.4673 0.1457 0.1654
3135 0.3635 0.3824 0.2173 0.4714 0.1462 0.1651
3140 0.3690 0.3806 0.2125 0.4629 0.1565 0.1681
3145 0.3816 0.3821 0.2102 0.4464 0.1715 0.1719
3150 0.3841 0.3859 0.2077 0.4377 0.1763 0.1782
3155 0.4056 0.3806 0.2183 0.4321 0.1873 0.1623
3160 0.4175 0.3897 0.2315 0.4243 0.1859 0.1582
3165 0.4161 0.4073 0.2379 0.4146 0.1782 0.1693
3170 0.4120 0.4004 0.2369 0.4245 0.1751 0.1635
3175 0.4036 0.3928 0.2201 0.4237 0.1835 0.1727
3180 0.4037 0.3881 0.2282 0.4364 0.1756 0.1599
3185 0.4013 0.4112 0.2369 0.4243 0.1645 0.1744
3190 0.4152 0.4167 0.2419 0.4100 0.1733 0.1748
3195 0.4059 0.4210 0.2483 0.4214 0.1576 0.1727
3200 0.3737 0.4031 0.2207 0.4438 0.1530 0.1824
3205 0.3606 0.3634 0.2176 0.4937 0.1430 0.1457
3210 0.3704 0.3445 0.2213 0.5065 0.1491 0.1232
3215 0.3916 0.3414 0.2379 0.5050 0.1536 0.1035
3220 0.4088 0.3608 0.2547 0.4851 0.1541 0.1061
3225 0.4138 0.3681 0.2580 0.4761 0.1558 0.1100
3230 0.4237 0.3882 0.2619 0.4499 0.1619 0.1264
3235 0.4237 0.3882 0.2527 0.4408 0.1710 0.1355
3240 0.4012 0.4138 0.2463 0.4313 0.1549 0.1675
3245 0.4016 0.4393 0.2586 0.4178 0.1430 0.1806
3250 0.4234 0.4388 0.2647 0.4025 0.1587 0.1741
3255 0.4480 0.4438 0.2762 0.3844 0.1718 0.1677
3260 0.4350 0.4368 0.2676 0.3958 0.1674 0.1692
3265 0.4292 0.4444 0.2669 0.3932 0.1623 0.1776
3270 0.4127 0.4397 0.2515 0.3990 0.1613 0.1882
3275 0.4045 0.4336 0.2498 0.4117 0.1547 0.1838
3280 0.3923 0.4219 0.2300 0.4158 0.1623 0.1919
3285 0.3960 0.4150 0.2265 0.4155 0.1695 0.1885
3290 0.4193 0.4074 0.2330 0.4063 0.1863 0.1744
3295 0.4280 0.3928 0.2419 0.4211 0.1861 0.1509
3300 0.4297 0.3916 0.2580 0.4368 0.1716 0.1335
3305 0.4144 0.3902 0.2449 0.4403 0.1695 0.1453
3310 0.4034 0.3820 0.2369 0.4515 0.1666 0.1451
3315 0.4030 0.3780 0.2410 0.4600 0.1620 0.1370
3320 0.4091 0.3937 0.2364 0.4336 0.1727 0.1573
3325 0.4094 0.4143 0.2353 0.4117 0.1741 0.1789
3330 0.4118 0.4297 0.2358 0.3943 0.1760 0.1939
3335 0.4076 0.4374 0.2411 0.3961 0.1664 0.1963
3340 0.4047 0.4454 0.2352 0.3852 0.1695 0.2102
3345 0.4105 0.4499 0.2341 0.3737 0.1763 0.2158
3350 0.3879 0.4387 0.2337 0.4071 0.1542 0.2050
3355 0.3855 0.4137 0.2210 0.4219 0.1645 0.1927
3360 0.3967 0.4012 0.2271 0.4292 0.1696 0.1741
3365 0.3786 0.3919 0.2204 0.4499 0.1582 0.1715
3370 0.3641 0.3913 0.1962 0.4408 0.1680 0.1951
3375 0.3487 0.4124 0.1919 0.4307 0.1568 0.2205
3380 0.3413 0.4193 0.1786 0.4181 0.1626 0.2407
3385 0.3390 0.4246 0.1849 0.4213 0.1541 0.2398
3390 0.3253 0.4271 0.1969 0.4446 0.1283 0.2301
3395 0.3378 0.4324 0.2144 0.4443 0.1233 0.2180
3400 0.3365 0.4437 0.2224 0.4422 0.1142 0.2213
3405 0.3362 0.4422 0.2212 0.4428 0.1151 0.2210
3410 0.3239 0.4275 0.2146 0.4632 0.1093 0.2129
3415 0.3312 0.4214 0.2128 0.4601 0.1184 0.2087
3420 0.3254 0.4098 0.2045 0.4693 0.1209 0.2053
3425 0.3109 0.4134 0.1930 0.4687 0.1180 0.2204
3430 0.3259 0.4002 0.1920 0.4659 0.1338 0.2082
3435 0.3216 0.3960 0.1948 0.4772 0.1268 0.2012
3440 0.3577 0.4100 0.2105 0.4428 0.1472 0.1995
3445 0.3752 0.4091 0.2134 0.4291 0.1619 0.1957
3450 0.3844 0.4187 0.2114 0.4083 0.1730 0.2073
3455 0.3731 0.4294 0.2116 0.4091 0.1616 0.2178
3460 0.3693 0.4205 0.2135 0.4237 0.1558 0.2070
3465 0.3806 0.4073 0.2154 0.4275 0.1652 0.1919
3470 0.3905 0.4208 0.2369 0.4255 0.1536 0.1840
3475 0.3833 0.3996 0.2347 0.4518 0.1486 0.1649
3480 0.3733 0.3832 0.2236 0.4672 0.1497 0.1596
3485 0.3716 0.3789 0.2233 0.4728 0.1483 0.1556
3490 0.3676 0.3768 0.2120 0.4676 0.1556 0.1648
3495 0.3669 0.3634 0.2084 0.4781 0.1585 0.1550
3500 0.3699 0.3624 0.1992 0.4668 0.1707 0.1632
3505 0.3649 0.3632 0.1963 0.4682 0.1686 0.1669
3510 0.3660 0.3528 0.1904 0.4716 0.1756 0.1625
3515 0.3637 0.3376 0.1951 0.4938 0.1686 0.1425
3520 0.3765 0.3486 0.2045 0.4795 0.1719 0.1440
3525 0.3783 0.3635 0.2074 0.4656 0.1709 0.1561
3530 0.3884 0.3874 0.2149 0.4391 0.1734 0.1725
3535 0.3789 0.3862 0.2064 0.4412 0.1725 0.1799
3540 0.3679 0.3964 0.2137 0.4493 0.1542 0.1827
3545 0.3493 0.3972 0.1969 0.4504 0.1524 0.2003
3550 0.3623 0.3946 0.2077 0.4508 0.1545 0.1869
3555 0.3448 0.3881 0.1955 0.4627 0.1492 0.1925
3560 0.3480 0.3748 0.1984 0.4757 0.1495 0.1763
3565 0.3454 0.3530 0.1834 0.4850 0.1620 0.1696
3570 0.3405 0.3536 0.1888 0.4947 0.1517 0.1648
3575 0.3432 0.3742 0.1994 0.4819 0.1439 0.1748
3580 0.3371 0.3752 0.1905 0.4781 0.1466 0.1847
3585 0.3739 0.3906 0.2176 0.4531 0.1562 0.1730
3590 0.3701 0.4063 0.2234 0.4470 0.1466 0.1829
3595 0.3807 0.4060 0.2216 0.4348 0.1591 0.1844
3600 0.3816 0.4044 0.2414 0.4554 0.1402 0.1629
3605 0.3826 0.4146 0.2413 0.4441 0.1413 0.1733
3610 0.3951 0.4237 0.2533 0.4345 0.1417 0.1704
3615 0.3977 0.4239 0.2594 0.4379 0.1382 0.1645
3620 0.4088 0.4149 0.2475 0.4239 0.1613 0.1674
3625 0.4088 0.3958 0.2341 0.4295 0.1747 0.1617
3630 0.3998 0.4044 0.2344 0.4303 0.1654 0.1699
3635 0.3749 0.4217 0.2273 0.4306 0.1477 0.1945
3640 0.3556 0.4275 0.2239 0.4408 0.1317 0.2036
3645 0.3535 0.4274 0.2277 0.4469 0.1257 0.1997
3650 0.3670 0.4118 0.2388 0.4600 0.1282 0.1730
3655 0.3629 0.4031 0.2399 0.4739 0.1230 0.1632
3660 0.3670 0.4188 0.2396 0.4537 0.1274 0.1792
3665 0.3714 0.4182 0.2280 0.4383 0.1434 0.1902
3670 0.3839 0.4277 0.2399 0.4283 0.1440 0.1878
3675 0.4034 0.4315 0.2430 0.4080 0.1605 0.1885
3680 0.4066 0.4324 0.2420 0.4030 0.1646 0.1904
3685 0.4283 0.4258 0.2562 0.4021 0.1721 0.1696
3690 0.4102 0.4111 0.2487 0.4275 0.1614 0.1623
3695 0.3946 0.4141 0.2458 0.4371 0.1488 0.1683
3700 0.3873 0.3890 0.2247 0.4484 0.1626 0.1643
3705 0.3624 0.3737 0.2041 0.4679 0.1584 0.1696
3710 0.3724 0.3614 0.2122 0.4784 0.1602 0.1492
3715 0.3798 0.3608 0.2134 0.4728 0.1664 0.1474
3720 0.3728 0.3655 0.2050 0.4667 0.1678 0.1605
3725 0.3664 0.3673 0.2106 0.4769 0.1558 0.1567
3730 0.3660 0.3926 0.2114 0.4528 0.1545 0.1812
3735 0.3698 0.4098 0.2419 0.4623 0.1279 0.1680
3740 0.3827 0.4170 0.2567 0.4569 0.1260 0.1603
3745 0.3719 0.3858 0.2391 0.4815 0.1328 0.1466
3750 0.3812 0.3813 0.2408 0.4783 0.1404 0.1405
3755 0.3842 0.3704 0.2266 0.4720 0.1576 0.1437
3760 0.3887 0.3661 0.2184 0.4636 0.1702 0.1477
3765 0.3855 0.3733 0.2155 0.4568 0.1699 0.1578
3770 0.3803 0.3820 0.2227 0.4604 0.1576 0.1593
3775 0.3716 0.3868 0.2116 0.4531 0.1600 0.1753
3780 0.3859 0.3731 0.2187 0.4597 0.1672 0.1544
3785 0.3935 0.3804 0.2172 0.4432 0.1763 0.1632
3790 0.3963 0.3839 0.2306 0.4504 0.1657 0.1533
3795 0.4028 0.3765 0.2303 0.4510 0.1725 0.1462
3800 0.4030 0.3673 0.2164 0.4461 0.1866 0.1509
3805 0.4146 0.3585 0.2198 0.4467 0.1948 0.1387
3810 0.4219 0.3428 0.2079 0.4432 0.2140 0.1349
3815 0.4135 0.3406 0.2065 0.4524 0.2070 0.1341
3820 0.4044 0.3499 0.2193 0.4650 0.1850 0.1306
3825 0.3812 0.3579 0.2151 0.4760 0.1661 0.1428
3830 0.3893 0.3754 0.2244 0.4597 0.1649 0.1510
3835 0.3708 0.3946 0.2247 0.4592 0.1462 0.1699
3840 0.3748 0.3952 0.2362 0.4662 0.1385 0.1590
3845 0.3792 0.4059 0.2381 0.4530 0.1411 0.1678
3850 0.3783 0.3859 0.2198 0.4556 0.1585 0.1661
3855 0.3784 0.3838 0.2213 0.4591 0.1571 0.1625
3860 0.3687 0.3684 0.2119 0.4748 0.1568 0.1565
3865 0.3632 0.3646 0.2047 0.4769 0.1585 0.1599
3870 0.3707 0.3688 0.2003 0.4608 0.1704 0.1686
3875 0.3655 0.3602 0.1879 0.4623 0.1776 0.1722
3880 0.3672 0.3553 0.1863 0.4638 0.1809 0.1690
3885 0.3733 0.3361 0.1776 0.4682 0.1957 0.1585
3890 0.3771 0.3272 0.1811 0.4768 0.1960 0.1462
3895 0.3772 0.3379 0.1936 0.4784 0.1837 0.1443
3900 0.3676 0.3600 0.2053 0.4777 0.1623 0.1547
3905 0.3676 0.3765 0.1989 0.4548 0.1687 0.1776
3910 0.3539 0.3722 0.1817 0.4556 0.1722 0.1905
3915 0.3679 0.3806 0.1853 0.4368 0.1826 0.1952
3920 0.3710 0.3620 0.1783 0.4454 0.1927 0.1837
3925 0.3684 0.3536 0.1715 0.4495 0.1969 0.1821
3930 0.3824 0.3246 0.1698 0.4627 0.2126 0.1549
3935 0.3902 0.3292 0.1991 0.4797 0.1911 0.1302
3940 0.3810 0.3614 0.2000 0.4576 0.1811 0.1614
3945 0.3917 0.3853 0.2202 0.4432 0.1715 0.1651
3950 0.3724 0.3986 0.2210 0.4501 0.1513 0.1776
3955 0.3807 0.3856 0.2172 0.4508 0.1635 0.1684
3960 0.3707 0.3772 0.2116 0.4636 0.1591 0.1657
3965 0.3752 0.3358 0.1829 0.4719 0.1923 0.1529
3970 0.3783 0.3248 0.1681 0.4650 0.2102 0.1567
3975 0.3778 0.3211 0.1634 0.4644 0.2144 0.1578
3980 0.3815 0.3282 0.1776 0.4679 0.2039 0.1506
3985 0.3710 0.3376 0.1841 0.4755 0.1869 0.1535
3990 0.3682 0.3399 0.1882 0.4801 0.1800 0.1517
3995 0.3760 0.3368 0.1902 0.4774 0.1858 0.1466
