9000 0.3496 0.3455 0.2081 0.5129 0.1415 0.1375
9005 0.3532 0.3474 0.2108 0.5102 0.1424 0.1366
9010 0.3510 0.3421 0.2079 0.5148 0.1430 0.1342
9015 0.3468 0.3501 0.2078 0.5109 0.1390 0.1423
9020 0.3415 0.3396 0.2078 0.5267 0.1337 0.1318
9025 0.3351 0.3300 0.2092 0.5441 0.1259 0.1208
9030 0.3481 0.3262 0.2166 0.5424 0.1314 0.1096
9035 0.3565 0.3223 0.2137 0.5349 0.1428 0.1086
9040 0.3593 0.3188 0.2197 0.5416 0.1396 0.0991
9045 0.3468 0.3284 0.2062 0.5310 0.1406 0.1222
9050 0.3496 0.3352 0.2063 0.5215 0.1433 0.1289
9055 0.3535 0.3378 0.2086 0.5172 0.1449 0.1293
9060 0.3545 0.3343 0.2106 0.5218 0.1439 0.1237
9065 0.3479 0.3314 0.1996 0.5203 0.1483 0.1318
9070 0.3507 0.3236 0.2102 0.5359 0.1405 0.1134
9075 0.3529 0.3200 0.2150 0.5421 0.1379 0.1050
9080 0.3483 0.3208 0.2144 0.5453 0.1339 0.1064
9085 0.3534 0.3303 0.2170 0.5334 0.1363 0.1132
9090 0.3517 0.3324 0.2223 0.5382 0.1294 0.1101
9095 0.3487 0.3299 0.2188 0.5402 0.1299 0.1111
9100 0.3467 0.3272 0.2209 0.5470 0.1257 0.1063
9105 0.3501 0.3318 0.2285 0.5466 0.1216 0.1033
9110 0.3477 0.3357 0.2304 0.5470 0.1173 0.1053
9115 0.3448 0.3352 0.2319 0.5520 0.1129 0.1033
9120 0.3409 0.3363 0.2214 0.5442 0.1194 0.1149
9125 0.3361 0.3318 0.2197 0.5518 0.1164 0.1121
9130 0.3328 0.3412 0.2202 0.5461 0.1126 0.1211
9135 0.3193 0.3380 0.2159 0.5586 0.1034 0.1221
9140 0.3123 0.3344 0.2159 0.5691 0.0965 0.1185
9145 0.3263 0.3333 0.2197 0.5600 0.1067 0.1136
9150 0.3291 0.3362 0.2232 0.5579 0.1059 0.1130
9155 0.3330 0.3380 0.2206 0.5496 0.1125 0.1174
9160 0.3319 0.3328 0.2221 0.5574 0.1098 0.1107
9165 0.3294 0.3318 0.2190 0.5579 0.1103 0.1127
9170 0.3263 0.3397 0.2188 0.5527 0.1076 0.1209
9175 0.3319 0.3426 0.2198 0.5453 0.1121 0.1228
9180 0.3339 0.3471 0.2142 0.5333 0.1197 0.1328
9185 0.3381 0.3450 0.2112 0.5281 0.1269 0.1338
9190 0.3359 0.3436 0.2115 0.5319 0.1245 0.1322
9195 0.3484 0.3510 0.2154 0.5160 0.1331 0.1356
9200 0.3477 0.3524 0.2141 0.5141 0.1336 0.1382
9205 0.3467 0.3477 0.2163 0.5219 0.1304 0.1314
9210 0.3459 0.3401 0.2083 0.5223 0.1376 0.1318
9215 0.3449 0.3290 0.2012 0.5273 0.1437 0.1278
9220 0.3478 0.3280 0.2015 0.5257 0.1463 0.1265
9225 0.3510 0.3282 0.2043 0.5251 0.1467 0.1240
9230 0.3575 0.3320 0.2178 0.5282 0.1398 0.1143
9235 0.3625 0.3317 0.2145 0.5204 0.1480 0.1172
9240 0.3667 0.3352 0.2153 0.5133 0.1515 0.1199
9245 0.3492 0.3310 0.2011 0.5209 0.1481 0.1299
9250 0.3531 0.3320 0.2060 0.5209 0.1471 0.1260
9255 0.3453 0.3318 0.2062 0.5291 0.1391 0.1256
9260 0.3455 0.3483 0.2058 0.5119 0.1398 0.1425
9265 0.3512 0.3479 0.2154 0.5162 0.1358 0.1326
9270 0.3511 0.3545 0.2158 0.5102 0.1353 0.1387
9275 0.3510 0.3554 0.2117 0.5054 0.1393 0.1437
9280 0.3438 0.3575 0.2019 0.5006 0.1419 0.1557
9285 0.3435 0.3572 0.2034 0.5027 0.1401 0.1538
9290 0.3469 0.3560 0.2083 0.5054 0.1386 0.1477
9295 0.3394 0.3524 0.2072 0.5155 0.1322 0.1452
9300 0.3448 0.3476 0.2083 0.5160 0.1365 0.1393
9305 0.3397 0.3417 0.2031 0.5217 0.1366 0.1386
9310 0.3376 0.3500 0.1982 0.5107 0.1394 0.1517
9315 0.3318 0.3590 0.1967 0.5059 0.1351 0.1624
9320 0.3286 0.3599 0.1928 0.5042 0.1358 0.1672
9325 0.3208 0.3580 0.1937 0.5148 0.1271 0.1644
9330 0.3274 0.3550 0.1996 0.5172 0.1278 0.1554
9335 0.3375 0.3521 0.2038 0.5142 0.1337 0.1483
9340 0.3383 0.3513 0.2011 0.5114 0.1372 0.1502
9345 0.3435 0.3476 0.1947 0.5036 0.1488 0.1529
9350 0.3410 0.3448 0.1925 0.5068 0.1485 0.1523
9355 0.3349 0.3498 0.1822 0.4974 0.1528 0.1677
9360 0.3368 0.3521 0.1877 0.4988 0.1491 0.1644
9365 0.3317 0.3401 0.1807 0.5089 0.1510 0.1594
9370 0.3301 0.3385 0.1793 0.5107 0.1509 0.1592
9375 0.3347 0.3370 0.1844 0.5128 0.1502 0.1525
9380 0.3282 0.3363 0.1822 0.5176 0.1461 0.1541
9385 0.3334 0.3343 0.1817 0.5140 0.1517 0.1526
9390 0.3351 0.3400 0.1880 0.5129 0.1471 0.1520
9395 0.3392 0.3394 0.1944 0.5158 0.1448 0.1449
9400 0.3367 0.3415 0.1952 0.5170 0.1415 0.1463
9405 0.3366 0.3459 0.1940 0.5116 0.1425 0.1519
9410 0.3342 0.3450 0.1924 0.5132 0.1418 0.1526
9415 0.3351 0.3416 0.1949 0.5182 0.1401 0.1467
9420 0.3429 0.3361 0.2020 0.5230 0.1409 0.1341
9425 0.3561 0.3472 0.2088 0.5055 0.1473 0.1384
9430 0.3551 0.3497 0.2103 0.5055 0.1448 0.1394
9435 0.3597 0.3563 0.2175 0.5016 0.1422 0.1387
9440 0.3515 0.3542 0.2135 0.5078 0.1380 0.1408
9445 0.3516 0.3521 0.2150 0.5113 0.1366 0.1371
9450 0.3511 0.3478 0.2145 0.5156 0.1366 0.1333
9455 0.3459 0.3373 0.2099 0.5267 0.1360 0.1274
9460 0.3493 0.3388 0.2094 0.5213 0.1399 0.1294
9465 0.3471 0.3458 0.2130 0.5201 0.1341 0.1328
9470 0.3444 0.3556 0.2079 0.5079 0.1365 0.1477
9475 0.3395 0.3604 0.2088 0.5089 0.1307 0.1516
9480 0.3409 0.3596 0.2088 0.5084 0.1321 0.1507
9485 0.3588 0.3621 0.2102 0.4893 0.1486 0.1519
9490 0.3710 0.3553 0.2099 0.4837 0.1611 0.1453
9495 0.3691 0.3529 0.2159 0.4939 0.1533 0.1370
9500 0.3526 0.3433 0.2082 0.5123 0.1444 0.1351
9505 0.3351 0.3424 0.2074 0.5300 0.1276 0.1350
9510 0.3357 0.3430 0.2024 0.5237 0.1333 0.1406
9515 0.3386 0.3406 0.1949 0.5157 0.1437 0.1457
9520 0.3380 0.3444 0.1977 0.5153 0.1403 0.1467
9525 0.3439 0.3537 0.2082 0.5105 0.1357 0.1456
9530 0.3414 0.3594 0.2102 0.5094 0.1312 0.1492
9535 0.3423 0.3623 0.2106 0.5060 0.1317 0.1517
9540 0.3452 0.3583 0.2122 0.5088 0.1329 0.1461
9545 0.3376 0.3593 0.2077 0.5108 0.1299 0.1516
9550 0.3337 0.3622 0.2044 0.5085 0.1293 0.1578
9555 0.3314 0.3649 0.2031 0.5069 0.1283 0.1617
9560 0.3383 0.3635 0.2029 0.5011 0.1355 0.1606
9565 0.3368 0.3606 0.2064 0.5090 0.1304 0.1541
9570 0.3376 0.3546 0.2091 0.5169 0.1285 0.1456
9575 0.3424 0.3534 0.2111 0.5153 0.1313 0.1423
9580 0.3455 0.3626 0.2189 0.5108 0.1266 0.1437
9585 0.3405 0.3510 0.2078 0.5163 0.1327 0.1432
9590 0.3387 0.3561 0.2086 0.5137 0.1302 0.1476
9595 0.3449 0.3555 0.2106 0.5102 0.1343 0.1449
9600 0.3364 0.3683 0.2141 0.5094 0.1223 0.1541
9605 0.3324 0.3587 0.2043 0.5132 0.1281 0.1544
9610 0.3426 0.3628 0.2052 0.4997 0.1375 0.1577
9615 0.3383 0.3650 0.2050 0.5017 0.1333 0.1600
9620 0.3423 0.3612 0.2054 0.5020 0.1369 0.1558
9625 0.3541 0.3693 0.2122 0.4888 0.1419 0.1571
9630 0.3455 0.3647 0.2043 0.4940 0.1413 0.1605
9635 0.3462 0.3671 0.2020 0.4887 0.1442 0.1651
9640 0.3532 0.3733 0.2175 0.4910 0.1357 0.1558
9645 0.3554 0.3700 0.2132 0.4878 0.1422 0.1568
9650 0.3603 0.3649 0.2118 0.4867 0.1485 0.1530
9655 0.3556 0.3558 0.2029 0.4915 0.1528 0.1529
9660 0.3549 0.3628 0.2081 0.4903 0.1468 0.1548
9665 0.3551 0.3608 0.2019 0.4859 0.1533 0.1589
9670 0.3544 0.3566 0.2083 0.4973 0.1461 0.1483
9675 0.3474 0.3468 0.1991 0.5049 0.1483 0.1477
9680 0.3512 0.3339 0.2000 0.5148 0.1512 0.1339
9685 0.3449 0.3351 0.1959 0.5160 0.1490 0.1391
9690 0.3462 0.3330 0.1948 0.5156 0.1514 0.1382
9695 0.3397 0.3387 0.1885 0.5100 0.1512 0.1502
9700 0.3363 0.3286 0.1827 0.5177 0.1536 0.1459
9705 0.3378 0.3349 0.1919 0.5191 0.1459 0.1430
9710 0.3486 0.3280 0.1985 0.5219 0.1501 0.1295
9715 0.3531 0.3526 0.1998 0.4941 0.1533 0.1528
9720 0.3618 0.3556 0.2103 0.4929 0.1515 0.1453
9725 0.3541 0.3574 0.2065 0.4950 0.1476 0.1509
9730 0.3570 0.3572 0.2062 0.4920 0.1509 0.1510
9735 0.3572 0.3570 0.2025 0.4883 0.1547 0.1545
9740 0.3580 0.3527 0.2105 0.4997 0.1476 0.1423
9745 0.3540 0.3507 0.2059 0.5012 0.1481 0.1448
9750 0.3602 0.3594 0.2127 0.4931 0.1475 0.1467
9755 0.3601 0.3623 0.2160 0.4936 0.1440 0.1463
9760 0.3592 0.3570 0.2154 0.4992 0.1438 0.1416
9765 0.3602 0.3592 0.2159 0.4965 0.1443 0.1433
9770 0.3689 0.3614 0.2213 0.4910 0.1476 0.1401
9775 0.3587 0.3596 0.2134 0.4951 0.1453 0.1462
9780 0.3516 0.3607 0.2079 0.4956 0.1437 0.1528
9785 0.3476 0.3491 0.2005 0.5039 0.1471 0.1486
9790 0.3489 0.3491 0.2131 0.5151 0.1358 0.1360
9795 0.3492 0.3474 0.2062 0.5095 0.1430 0.1413
9800 0.3382 0.3383 0.2029 0.5263 0.1353 0.1355
9805 0.3405 0.3421 0.2052 0.5225 0.1353 0.1370
9810 0.3457 0.3402 0.2049 0.5190 0.1408 0.1353
9815 0.3443 0.3430 0.2035 0.5162 0.1408 0.1395
9820 0.3569 0.3383 0.2040 0.5088 0.1529 0.1343
9825 0.3577 0.3419 0.2065 0.5070 0.1511 0.1353
9830 0.3551 0.3423 0.2103 0.5129 0.1448 0.1319
9835 0.3455 0.3482 0.2086 0.5148 0.1370 0.1396
9840 0.3426 0.3532 0.2048 0.5089 0.1379 0.1485
9845 0.3477 0.3548 0.2097 0.5073 0.1380 0.1451
9850 0.3546 0.3584 0.2147 0.5017 0.1399 0.1437
9855 0.3633 0.3597 0.2185 0.4955 0.1448 0.1411
9860 0.3568 0.3572 0.2087 0.4948 0.1481 0.1485
9865 0.3544 0.3416 0.2036 0.5076 0.1507 0.1380
9870 0.3577 0.3375 0.2028 0.5076 0.1549 0.1347
9875 0.3549 0.3352 0.2010 0.5109 0.1539 0.1342
9880 0.3545 0.3267 0.1966 0.5153 0.1579 0.1302
9885 0.3531 0.3276 0.2004 0.5196 0.1528 0.1273
9890 0.3492 0.3260 0.1997 0.5246 0.1495 0.1262
9895 0.3496 0.3348 0.2057 0.5213 0.1439 0.1292
9900 0.3462 0.3383 0.2064 0.5219 0.1398 0.1319
9905 0.3460 0.3381 0.2028 0.5186 0.1433 0.1353
9910 0.3459 0.3488 0.2091 0.5143 0.1369 0.1398
9915 0.3541 0.3577 0.2115 0.4997 0.1427 0.1462
9920 0.3522 0.3662 0.2189 0.5004 0.1333 0.1473
9925 0.3536 0.3703 0.2195 0.4956 0.1341 0.1507
9930 0.3515 0.3636 0.2147 0.4997 0.1367 0.1488
9935 0.3481 0.3570 0.2147 0.5097 0.1333 0.1423
9940 0.3454 0.3544 0.2130 0.5132 0.1324 0.1414
9945 0.3479 0.3532 0.2129 0.5117 0.1351 0.1404
9950 0.3471 0.3399 0.2091 0.5222 0.1380 0.1308
9955 0.3450 0.3401 0.2072 0.5220 0.1379 0.1329
9960 0.3342 0.3390 0.2028 0.5296 0.1314 0.1362
9965 0.3327 0.3424 0.2069 0.5319 0.1257 0.1355
9970 0.3246 0.3482 0.2069 0.5341 0.1177 0.1413
9975 0.3281 0.3505 0.2083 0.5297 0.1198 0.1422
9980 0.3281 0.3515 0.2137 0.5341 0.1144 0.1377
9985 0.3217 0.3534 0.2083 0.5333 0.1134 0.1451
9990 0.3290 0.3565 0.2123 0.5268 0.1167 0.1442
9995 0.3329 0.3558 0.2122 0.5235 0.1207 0.1435
