4000 0.2873 0.2928 0.1675 0.5874 0.1198 0.1252
4005 0.2833 0.2899 0.1610 0.5878 0.1223 0.1289
4010 0.2818 0.2923 0.1593 0.5853 0.1225 0.1329
4015 0.2910 0.2943 0.1632 0.5780 0.1278 0.1310
4020 0.2976 0.2929 0.1702 0.5797 0.1274 0.1227
4025 0.3050 0.3021 0.1669 0.5598 0.1381 0.1352
4030 0.3132 0.3005 0.1666 0.5530 0.1466 0.1338
4035 0.3099 0.3056 0.1722 0.5566 0.1377 0.1334
4040 0.3178 0.2995 0.1752 0.5580 0.1425 0.1242
4045 0.3169 0.2920 0.1669 0.5580 0.1500 0.1251
4050 0.3199 0.2820 0.1641 0.5622 0.1558 0.1179
4055 0.3263 0.2809 0.1655 0.5583 0.1608 0.1154
4060 0.3313 0.2867 0.1678 0.5498 0.1635 0.1189
4065 0.3303 0.2883 0.1725 0.5538 0.1578 0.1159
4070 0.3295 0.2925 0.1780 0.5560 0.1515 0.1145
4075 0.3294 0.2940 0.1805 0.5571 0.1488 0.1135
4080 0.3338 0.3025 0.1885 0.5522 0.1453 0.1140
4085 0.3370 0.3011 0.1804 0.5424 0.1565 0.1207
4090 0.3347 0.3036 0.1846 0.5463 0.1501 0.1191
4095 0.3388 0.3000 0.1828 0.5440 0.1560 0.1172
4100 0.3280 0.2938 0.1759 0.5541 0.1521 0.1179
4105 0.3318 0.2939 0.1751 0.5494 0.1567 0.1188
4110 0.3368 0.2986 0.1796 0.5442 0.1572 0.1189
4115 0.3348 0.3054 0.1842 0.5440 0.1506 0.1212
4120 0.3327 0.3236 0.1942 0.5379 0.1385 0.1294
4125 0.3332 0.3200 0.1951 0.5419 0.1381 0.1250
4130 0.3263 0.3284 0.1958 0.5411 0.1305 0.1326
4135 0.3286 0.3300 0.1983 0.5397 0.1303 0.1317
4140 0.3270 0.3277 0.1993 0.5446 0.1276 0.1284
4145 0.3370 0.3237 0.1919 0.5312 0.1451 0.1318
4150 0.3318 0.3165 0.1870 0.5387 0.1448 0.1295
4155 0.3309 0.3097 0.1831 0.5425 0.1478 0.1266
4160 0.3334 0.3202 0.1834 0.5299 0.1500 0.1367
4165 0.3334 0.3104 0.1750 0.5311 0.1584 0.1355
4170 0.3285 0.3159 0.1738 0.5295 0.1547 0.1420
4175 0.3219 0.3247 0.1709 0.5243 0.1510 0.1538
4180 0.3286 0.3279 0.1718 0.5153 0.1568 0.1560
4185 0.3387 0.3327 0.1793 0.5079 0.1594 0.1534
4190 0.3378 0.3277 0.1833 0.5177 0.1545 0.1444
4195 0.3315 0.3248 0.1805 0.5242 0.1510 0.1443
4200 0.3351 0.3232 0.1808 0.5225 0.1543 0.1424
4205 0.3388 0.3232 0.1831 0.5210 0.1558 0.1401
4210 0.3373 0.3180 0.1805 0.5252 0.1568 0.1375
4215 0.3335 0.3122 0.1766 0.5309 0.1569 0.1356
4220 0.3351 0.3151 0.1736 0.5234 0.1615 0.1415
4225 0.3391 0.3214 0.1791 0.5186 0.1600 0.1423
4230 0.3359 0.3286 0.1823 0.5177 0.1536 0.1463
4235 0.3401 0.3339 0.1871 0.5131 0.1530 0.1468
4240 0.3385 0.3229 0.1860 0.5246 0.1525 0.1370
4245 0.3309 0.3285 0.1843 0.5249 0.1466 0.1442
4250 0.3245 0.3300 0.1867 0.5323 0.1377 0.1433
4255 0.3224 0.3371 0.1871 0.5276 0.1353 0.1500
4260 0.3311 0.3353 0.1900 0.5235 0.1411 0.1453
4265 0.3400 0.3306 0.1935 0.5229 0.1464 0.1371
4270 0.3448 0.3313 0.1930 0.5170 0.1517 0.1382
4275 0.3434 0.3257 0.1863 0.5172 0.1571 0.1394
4280 0.3409 0.3239 0.1850 0.5201 0.1559 0.1390
4285 0.3471 0.3221 0.1834 0.5143 0.1636 0.1386
4290 0.3340 0.3159 0.1819 0.5320 0.1521 0.1339
4295 0.3410 0.3174 0.1862 0.5278 0.1548 0.1312
4300 0.3386 0.3313 0.1927 0.5228 0.1459 0.1386
4305 0.3363 0.3395 0.1933 0.5175 0.1430 0.1462
4310 0.3372 0.3353 0.1899 0.5174 0.1473 0.1454
4315 0.3358 0.3366 0.1870 0.5146 0.1488 0.1496
4320 0.3348 0.3305 0.1896 0.5243 0.1452 0.1409
4325 0.3323 0.3183 0.1803 0.5297 0.1520 0.1380
4330 0.3368 0.3174 0.1810 0.5268 0.1558 0.1363
4335 0.3270 0.3137 0.1839 0.5432 0.1430 0.1298
4340 0.3308 0.3266 0.1905 0.5331 0.1403 0.1361
4345 0.3372 0.3275 0.1834 0.5187 0.1538 0.1440
4350 0.3295 0.3296 0.1844 0.5253 0.1451 0.1452
4355 0.3274 0.3237 0.1909 0.5398 0.1365 0.1328
4360 0.3342 0.3304 0.1934 0.5288 0.1408 0.1370
4365 0.3327 0.3267 0.1924 0.5330 0.1403 0.1343
4370 0.3359 0.3342 0.1963 0.5262 0.1396 0.1379
4375 0.3267 0.3496 0.1988 0.5225 0.1279 0.1507
4380 0.3275 0.3527 0.1918 0.5116 0.1357 0.1610
4385 0.3319 0.3464 0.1942 0.5158 0.1377 0.1523
4390 0.3410 0.3477 0.1971 0.5084 0.1439 0.1506
4395 0.3382 0.3424 0.1953 0.5147 0.1429 0.1471
4400 0.3394 0.3381 0.1937 0.5162 0.1457 0.1444
4405 0.3438 0.3294 0.1877 0.5146 0.1560 0.1416
4410 0.3462 0.3207 0.1871 0.5203 0.1591 0.1336
4415 0.3387 0.3181 0.1884 0.5315 0.1504 0.1298
4420 0.3325 0.3248 0.1896 0.5323 0.1429 0.1352
4425 0.3373 0.3284 0.1906 0.5249 0.1467 0.1377
4430 0.3319 0.3291 0.1839 0.5229 0.1480 0.1452
4435 0.3245 0.3325 0.1829 0.5259 0.1415 0.1496
4440 0.3168 0.3298 0.1802 0.5336 0.1366 0.1496
4445 0.3150 0.3272 0.1794 0.5372 0.1356 0.1478
4450 0.3276 0.3250 0.1827 0.5301 0.1449 0.1423
4455 0.3299 0.3285 0.1819 0.5235 0.1480 0.1466
4460 0.3335 0.3300 0.1905 0.5270 0.1430 0.1395
4465 0.3409 0.3299 0.2010 0.5302 0.1399 0.1289
4470 0.3388 0.3304 0.1991 0.5299 0.1398 0.1313
4475 0.3298 0.3327 0.1991 0.5367 0.1307 0.1336
4480 0.3252 0.3304 0.1939 0.5383 0.1313 0.1365
4485 0.3305 0.3266 0.1951 0.5379 0.1355 0.1315
4490 0.3390 0.3252 0.1897 0.5256 0.1492 0.1355
4495 0.3402 0.3271 0.1944 0.5271 0.1458 0.1327
4500 0.3439 0.3246 0.1860 0.5175 0.1579 0.1386
4505 0.3401 0.3306 0.1855 0.5147 0.1547 0.1452
4510 0.3380 0.3300 0.1874 0.5194 0.1506 0.1427
4515 0.3441 0.3327 0.1846 0.5078 0.1596 0.1481
4520 0.3486 0.3343 0.1891 0.5062 0.1594 0.1452
4525 0.3478 0.3396 0.1880 0.5006 0.1598 0.1516
4530 0.3390 0.3344 0.1851 0.5117 0.1539 0.1493
4535 0.3375 0.3367 0.1828 0.5086 0.1547 0.1539
4540 0.3525 0.3279 0.1901 0.5098 0.1624 0.1377
4545 0.3463 0.3325 0.1850 0.5061 0.1613 0.1476
4550 0.3439 0.3476 0.1974 0.5060 0.1464 0.1501
4555 0.3396 0.3479 0.1987 0.5112 0.1409 0.1492
4560 0.3423 0.3434 0.2007 0.5151 0.1415 0.1427
4565 0.3430 0.3308 0.1983 0.5246 0.1447 0.1324
4570 0.3452 0.3300 0.1987 0.5235 0.1464 0.1313
4575 0.3521 0.3242 0.1947 0.5184 0.1574 0.1295
4580 0.3575 0.3260 0.1952 0.5117 0.1624 0.1308
4585 0.3532 0.3218 0.1947 0.5196 0.1586 0.1271
4590 0.3492 0.3208 0.1842 0.5142 0.1650 0.1366
4595 0.3472 0.3159 0.1832 0.5201 0.1640 0.1327
4600 0.3343 0.3207 0.1842 0.5292 0.1501 0.1365
4605 0.3325 0.3219 0.1870 0.5325 0.1456 0.1350
4610 0.3212 0.3091 0.1802 0.5499 0.1410 0.1289
4615 0.3251 0.2984 0.1791 0.5556 0.1459 0.1193
4620 0.3260 0.2895 0.1749 0.5594 0.1511 0.1146
4625 0.3260 0.3094 0.1867 0.5513 0.1393 0.1227
4630 0.3245 0.3115 0.1843 0.5484 0.1401 0.1271
4635 0.3096 0.3070 0.1765 0.5599 0.1331 0.1305
4640 0.3035 0.3145 0.1711 0.5531 0.1324 0.1434
4645 0.3031 0.3147 0.1694 0.5516 0.1337 0.1453
4650 0.3022 0.3094 0.1668 0.5551 0.1355 0.1427
4655 0.3146 0.3050 0.1658 0.5461 0.1488 0.1393
4660 0.3313 0.3131 0.1781 0.5338 0.1531 0.1350
4665 0.3334 0.3154 0.1800 0.5312 0.1534 0.1353
4670 0.3372 0.3173 0.1784 0.5239 0.1588 0.1389
4675 0.3368 0.3144 0.1749 0.5237 0.1620 0.1395
4680 0.3358 0.3171 0.1738 0.5209 0.1620 0.1433
4685 0.3327 0.3175 0.1742 0.5240 0.1584 0.1433
4690 0.3455 0.3199 0.1862 0.5208 0.1593 0.1337
4695 0.3371 0.3125 0.1775 0.5280 0.1596 0.1350
4700 0.3428 0.3048 0.1802 0.5326 0.1626 0.1246
4705 0.3387 0.3091 0.1819 0.5341 0.1568 0.1271
4710 0.3388 0.2914 0.1749 0.5446 0.1640 0.1165
4715 0.3387 0.2940 0.1721 0.5393 0.1666 0.1220
4720 0.3392 0.2885 0.1683 0.5406 0.1709 0.1202
4725 0.3425 0.3001 0.1704 0.5278 0.1721 0.1297
4730 0.3366 0.2998 0.1605 0.5240 0.1761 0.1394
4735 0.3322 0.2899 0.1545 0.5325 0.1776 0.1353
4740 0.3335 0.2997 0.1624 0.5291 0.1712 0.1374
4745 0.3218 0.3045 0.1563 0.5300 0.1655 0.1482
4750 0.3267 0.3053 0.1640 0.5320 0.1627 0.1413
4755 0.3415 0.3137 0.1766 0.5214 0.1649 0.1371
4760 0.3401 0.3204 0.1786 0.5181 0.1615 0.1418
4765 0.3399 0.3296 0.1889 0.5194 0.1510 0.1408
4770 0.3444 0.3340 0.2029 0.5244 0.1415 0.1312
4775 0.3486 0.3433 0.1983 0.5065 0.1502 0.1449
4780 0.3631 0.3454 0.2094 0.5009 0.1536 0.1360
4785 0.3583 0.3465 0.2087 0.5039 0.1496 0.1379
4790 0.3453 0.3340 0.2088 0.5295 0.1365 0.1252
4795 0.3349 0.3188 0.1992 0.5455 0.1357 0.1196
4800 0.3388 0.3197 0.2024 0.5439 0.1365 0.1173
4805 0.3339 0.3151 0.2005 0.5514 0.1334 0.1146
4810 0.3353 0.3168 0.2074 0.5554 0.1279 0.1093
4815 0.3417 0.3280 0.2184 0.5487 0.1233 0.1096
4820 0.3373 0.3363 0.2050 0.5314 0.1323 0.1313
4825 0.3391 0.3487 0.2116 0.5238 0.1275 0.1371
4830 0.3347 0.3438 0.2099 0.5315 0.1247 0.1338
4835 0.3343 0.3333 0.2103 0.5427 0.1240 0.1230
4840 0.3266 0.3361 0.2130 0.5503 0.1136 0.1231
4845 0.3287 0.3294 0.2046 0.5465 0.1241 0.1247
4850 0.3256 0.3322 0.2053 0.5475 0.1203 0.1269
4855 0.3217 0.3286 0.2007 0.5504 0.1209 0.1279
4860 0.3284 0.3344 0.2039 0.5411 0.1245 0.1305
4865 0.3274 0.3323 0.1983 0.5387 0.1290 0.1339
4870 0.3252 0.3376 0.2024 0.5396 0.1228 0.1352
4875 0.3250 0.3395 0.1952 0.5307 0.1298 0.1443
4880 0.3276 0.3386 0.1998 0.5336 0.1278 0.1387
4885 0.3274 0.3277 0.2001 0.5450 0.1273 0.1276
4890 0.3274 0.3260 0.1952 0.5419 0.1322 0.1308
4895 0.3197 0.3282 0.1891 0.5412 0.1305 0.1391
4900 0.3135 0.3255 0.1828 0.5439 0.1307 0.1427
4905 0.3159 0.3351 0.1894 0.5384 0.1265 0.1457
4910 0.3170 0.3444 0.1905 0.5291 0.1265 0.1539
4915 0.3185 0.3409 0.1895 0.5301 0.1290 0.1514
4920 0.3233 0.3378 0.1877 0.5266 0.1356 0.1501
4925 0.3245 0.3392 0.1863 0.5227 0.1381 0.1529
4930 0.3263 0.3382 0.1865 0.5219 0.1399 0.1517
4935 0.3277 0.3387 0.1925 0.5261 0.1352 0.1462
4940 0.3231 0.3317 0.1889 0.5341 0.1342 0.1428
4945 0.3224 0.3314 0.1900 0.5362 0.1324 0.1414
4950 0.3156 0.3267 0.1920 0.5497 0.1236 0.1347
4955 0.3101 0.3189 0.1906 0.5617 0.1194 0.1283
4960 0.3118 0.3190 0.1891 0.5583 0.1227 0.1299
4965 0.3008 0.3202 0.1824 0.5614 0.1184 0.1377
4970 0.3056 0.3214 0.1892 0.5622 0.1164 0.1322
4975 0.3065 0.3226 0.1918 0.5627 0.1148 0.1308
4980 0.3203 0.3189 0.1909 0.5517 0.1294 0.1280
4985 0.3247 0.3176 0.1900 0.5477 0.1347 0.1276
4990 0.3279 0.3224 0.1956 0.5453 0.1323 0.1269
4995 0.3228 0.3213 0.1923 0.5482 0.1305 0.1290
