4000 0.1314 0.1087 0.0637 0.8236 0.0677 0.0450
4005 0.1254 0.1103 0.0603 0.8246 0.0651 0.0501
4010 0.1272 0.1089 0.0617 0.8255 0.0656 0.0473
4015 0.1277 0.1087 0.0595 0.8231 0.0682 0.0491
4020 0.1301 0.1054 0.0574 0.8220 0.0727 0.0480
4025 0.1294 0.1052 0.0588 0.8243 0.0705 0.0463
4030 0.1228 0.1062 0.0533 0.8243 0.0695 0.0529
4035 0.1294 0.1043 0.0554 0.8217 0.0740 0.0489
4040 0.1275 0.1098 0.0560 0.8188 0.0715 0.0538
4045 0.1237 0.1108 0.0590 0.8244 0.0647 0.0519
4050 0.1229 0.1048 0.0548 0.8272 0.0681 0.0500
4055 0.1176 0.1041 0.0526 0.8309 0.0650 0.0515
4060 0.1186 0.1018 0.0545 0.8340 0.0642 0.0474
4065 0.1105 0.0940 0.0509 0.8464 0.0595 0.0431
4070 0.1115 0.0932 0.0483 0.8436 0.0632 0.0449
4075 0.1105 0.0919 0.0475 0.8451 0.0630 0.0444
4080 0.1105 0.0963 0.0499 0.8431 0.0606 0.0464
4085 0.1129 0.0994 0.0495 0.8372 0.0634 0.0499
4090 0.1192 0.0991 0.0497 0.8314 0.0695 0.0494
4095 0.1192 0.1069 0.0551 0.8289 0.0642 0.0519
4100 0.1254 0.1066 0.0580 0.8261 0.0673 0.0486
4105 0.1290 0.1135 0.0585 0.8159 0.0705 0.0551
4110 0.1300 0.1226 0.0595 0.8069 0.0704 0.0631
4115 0.1298 0.1193 0.0611 0.8119 0.0688 0.0582
4120 0.1316 0.1205 0.0605 0.8084 0.0711 0.0600
4125 0.1311 0.1171 0.0614 0.8132 0.0697 0.0556
4130 0.1285 0.1153 0.0587 0.8149 0.0698 0.0566
4135 0.1277 0.1159 0.0608 0.8172 0.0669 0.0551
4140 0.1216 0.1141 0.0597 0.8240 0.0619 0.0545
4145 0.1274 0.1213 0.0664 0.8177 0.0610 0.0549
4150 0.1257 0.1216 0.0625 0.8152 0.0632 0.0591
4155 0.1392 0.1167 0.0662 0.8103 0.0730 0.0506
4160 0.1354 0.1190 0.0620 0.8077 0.0734 0.0569
4165 0.1371 0.1122 0.0577 0.8084 0.0794 0.0546
4170 0.1347 0.1184 0.0606 0.8075 0.0741 0.0578
4175 0.1360 0.1127 0.0587 0.8100 0.0773 0.0540
4180 0.1342 0.1092 0.0556 0.8123 0.0786 0.0535
4185 0.1387 0.1119 0.0567 0.8061 0.0820 0.0552
4190 0.1366 0.1160 0.0611 0.8085 0.0755 0.0549
4195 0.1401 0.1187 0.0613 0.8025 0.0788 0.0574
4200 0.1353 0.1185 0.0627 0.8090 0.0725 0.0558
4205 0.1368 0.1193 0.0645 0.8084 0.0723 0.0548
4210 0.1275 0.1189 0.0575 0.8112 0.0699 0.0613
4215 0.1255 0.1161 0.0577 0.8160 0.0678 0.0585
4220 0.1144 0.1135 0.0552 0.8273 0.0592 0.0584
4225 0.1148 0.1109 0.0597 0.8339 0.0552 0.0513
4230 0.1151 0.1145 0.0608 0.8313 0.0542 0.0536
4235 0.1147 0.1094 0.0575 0.8334 0.0572 0.0519
4240 0.1145 0.1082 0.0553 0.8326 0.0592 0.0529
4245 0.1095 0.1087 0.0542 0.8360 0.0553 0.0545
4250 0.1121 0.1035 0.0523 0.8367 0.0598 0.0512
4255 0.1167 0.0945 0.0547 0.8435 0.0620 0.0398
4260 0.1155 0.0935 0.0561 0.8471 0.0594 0.0373
4265 0.1165 0.0923 0.0554 0.8466 0.0611 0.0369
4270 0.1212 0.0984 0.0569 0.8373 0.0643 0.0415
4275 0.1183 0.0985 0.0548 0.8380 0.0634 0.0437
4280 0.1232 0.1033 0.0588 0.8323 0.0644 0.0444
4285 0.1174 0.0987 0.0545 0.8384 0.0630 0.0442
4290 0.1160 0.1041 0.0561 0.8360 0.0599 0.0480
4295 0.1194 0.1074 0.0556 0.8288 0.0638 0.0517
4300 0.1199 0.1102 0.0547 0.8246 0.0652 0.0555
4305 0.1179 0.1044 0.0575 0.8352 0.0604 0.0469
4310 0.1164 0.1009 0.0579 0.8406 0.0585 0.0430
4315 0.1095 0.1008 0.0579 0.8476 0.0516 0.0429
4320 0.1094 0.1039 0.0601 0.8469 0.0493 0.0437
4325 0.1158 0.1085 0.0564 0.8321 0.0594 0.0521
4330 0.1166 0.1079 0.0575 0.8331 0.0591 0.0503
4335 0.1151 0.1089 0.0561 0.8321 0.0590 0.0528
4340 0.1096 0.1069 0.0540 0.8374 0.0556 0.0529
4345 0.1124 0.1023 0.0487 0.8340 0.0637 0.0536
4350 0.1126 0.1008 0.0499 0.8365 0.0627 0.0509
4355 0.1102 0.1020 0.0494 0.8372 0.0608 0.0526
4360 0.1134 0.1007 0.0517 0.8377 0.0617 0.0489
4365 0.1106 0.1083 0.0504 0.8315 0.0601 0.0579
4370 0.1155 0.1089 0.0530 0.8286 0.0625 0.0559
4375 0.1229 0.1121 0.0549 0.8199 0.0679 0.0572
4380 0.1270 0.1181 0.0591 0.8139 0.0679 0.0591
4385 0.1362 0.1152 0.0599 0.8085 0.0763 0.0553
4390 0.1362 0.1187 0.0564 0.8014 0.0799 0.0624
4395 0.1306 0.1166 0.0562 0.8091 0.0743 0.0604
4400 0.1366 0.1171 0.0587 0.8051 0.0779 0.0584
4405 0.1196 0.1142 0.0495 0.8157 0.0701 0.0647
4410 0.1226 0.1185 0.0535 0.8124 0.0691 0.0650
4415 0.1270 0.1173 0.0529 0.8086 0.0741 0.0644
4420 0.1332 0.1161 0.0552 0.8059 0.0780 0.0610
4425 0.1375 0.1145 0.0579 0.8059 0.0796 0.0566
4430 0.1405 0.1138 0.0555 0.8013 0.0849 0.0582
4435 0.1500 0.1099 0.0548 0.7949 0.0952 0.0551
4440 0.1495 0.1152 0.0605 0.7958 0.0890 0.0547
4445 0.1539 0.1083 0.0571 0.7948 0.0969 0.0513
4450 0.1480 0.1098 0.0569 0.7991 0.0911 0.0528
4455 0.1407 0.1139 0.0600 0.8054 0.0807 0.0539
4460 0.1374 0.1173 0.0578 0.8030 0.0796 0.0595
4465 0.1358 0.1148 0.0595 0.8090 0.0762 0.0553
4470 0.1409 0.1320 0.0761 0.8032 0.0649 0.0559
4475 0.1471 0.1289 0.0757 0.7997 0.0714 0.0532
4480 0.1517 0.1197 0.0741 0.8027 0.0776 0.0456
4485 0.1562 0.1176 0.0748 0.8010 0.0814 0.0428
4490 0.1583 0.1118 0.0709 0.8008 0.0874 0.0409
4495 0.1603 0.1242 0.0776 0.7931 0.0827 0.0466
4500 0.1529 0.1361 0.0813 0.7923 0.0716 0.0548
4505 0.1484 0.1353 0.0779 0.7942 0.0705 0.0574
4510 0.1452 0.1394 0.0761 0.7915 0.0691 0.0633
4515 0.1537 0.1380 0.0761 0.7844 0.0776 0.0619
4520 0.1544 0.1358 0.0724 0.7823 0.0820 0.0633
4525 0.1490 0.1241 0.0686 0.7956 0.0803 0.0554
4530 0.1476 0.1220 0.0689 0.7993 0.0787 0.0532
4535 0.1487 0.1184 0.0665 0.7994 0.0822 0.0519
4540 0.1511 0.1166 0.0694 0.8016 0.0818 0.0473
4545 0.1647 0.1213 0.0701 0.7840 0.0946 0.0513
4550 0.1647 0.1257 0.0699 0.7795 0.0948 0.0558
4555 0.1665 0.1328 0.0671 0.7678 0.0994 0.0657
4560 0.1528 0.1380 0.0673 0.7766 0.0854 0.0707
4565 0.1496 0.1348 0.0668 0.7824 0.0828 0.0681
4570 0.1389 0.1281 0.0634 0.7964 0.0755 0.0646
4575 0.1363 0.1264 0.0619 0.7991 0.0744 0.0645
4580 0.1387 0.1287 0.0631 0.7957 0.0756 0.0656
4585 0.1372 0.1171 0.0606 0.8064 0.0766 0.0565
4590 0.1453 0.1196 0.0639 0.7990 0.0814 0.0556
4595 0.1470 0.1133 0.0614 0.8012 0.0855 0.0519
4600 0.1508 0.1106 0.0612 0.7999 0.0896 0.0494
4605 0.1531 0.1101 0.0650 0.8017 0.0881 0.0451
4610 0.1567 0.1177 0.0681 0.7937 0.0886 0.0496
4615 0.1595 0.1102 0.0662 0.7964 0.0933 0.0441
4620 0.1608 0.1120 0.0690 0.7962 0.0918 0.0430
4625 0.1606 0.1059 0.0645 0.7981 0.0961 0.0414
4630 0.1625 0.1057 0.0663 0.7981 0.0962 0.0395
4635 0.1679 0.1037 0.0634 0.7918 0.1044 0.0403
4640 0.1745 0.1050 0.0679 0.7884 0.1066 0.0371
4645 0.1685 0.1061 0.0678 0.7932 0.1007 0.0383
4650 0.1641 0.1039 0.0642 0.7962 0.1000 0.0397
4655 0.1607 0.1098 0.0632 0.7928 0.0975 0.0466
4660 0.1593 0.1134 0.0629 0.7902 0.0964 0.0506
4665 0.1443 0.1155 0.0551 0.7953 0.0892 0.0605
4670 0.1384 0.1186 0.0469 0.7899 0.0914 0.0717
4675 0.1257 0.1180 0.0430 0.7993 0.0827 0.0750
4680 0.1153 0.1148 0.0399 0.8098 0.0754 0.0749
4685 0.1098 0.1171 0.0430 0.8162 0.0668 0.0741
4690 0.1113 0.1189 0.0435 0.8133 0.0678 0.0754
4695 0.1108 0.1236 0.0441 0.8097 0.0668 0.0795
4700 0.1081 0.1236 0.0428 0.8111 0.0653 0.0808
4705 0.1209 0.1250 0.0454 0.7995 0.0755 0.0796
4710 0.1184 0.1206 0.0450 0.8060 0.0734 0.0756
4715 0.1245 0.1179 0.0502 0.8078 0.0743 0.0677
4720 0.1255 0.1262 0.0543 0.8027 0.0711 0.0718
4725 0.1251 0.1202 0.0503 0.8051 0.0748 0.0698
4730 0.1216 0.1236 0.0545 0.8093 0.0671 0.0691
4735 0.1173 0.1206 0.0514 0.8134 0.0659 0.0692
4740 0.1057 0.1204 0.0535 0.8274 0.0522 0.0669
4745 0.1076 0.1246 0.0556 0.8234 0.0520 0.0690
4750 0.1120 0.1230 0.0522 0.8172 0.0598 0.0708
4755 0.1124 0.1168 0.0522 0.8230 0.0601 0.0646
4760 0.1209 0.1176 0.0470 0.8086 0.0738 0.0705
4765 0.1268 0.1198 0.0513 0.8047 0.0755 0.0685
4770 0.1271 0.1217 0.0507 0.8019 0.0764 0.0710
4775 0.1284 0.1232 0.0483 0.7967 0.0801 0.0749
4780 0.1317 0.1232 0.0530 0.7981 0.0787 0.0702
4785 0.1261 0.1276 0.0558 0.8021 0.0703 0.0718
4790 0.1275 0.1441 0.0612 0.7896 0.0663 0.0829
4795 0.1374 0.1421 0.0639 0.7844 0.0735 0.0782
4800 0.1430 0.1418 0.0666 0.7819 0.0763 0.0751
4805 0.1398 0.1411 0.0650 0.7841 0.0748 0.0761
4810 0.1321 0.1372 0.0595 0.7903 0.0725 0.0776
4815 0.1323 0.1306 0.0533 0.7904 0.0790 0.0773
4820 0.1319 0.1308 0.0552 0.7925 0.0767 0.0756
4825 0.1340 0.1342 0.0502 0.7820 0.0838 0.0840
4830 0.1324 0.1277 0.0542 0.7941 0.0782 0.0735
4835 0.1303 0.1264 0.0507 0.7940 0.0796 0.0757
4840 0.1373 0.1255 0.0571 0.7943 0.0802 0.0684
4845 0.1391 0.1268 0.0577 0.7918 0.0814 0.0691
4850 0.1447 0.1374 0.0598 0.7776 0.0849 0.0776
4855 0.1456 0.1384 0.0607 0.7768 0.0848 0.0776
4860 0.1477 0.1391 0.0595 0.7728 0.0881 0.0795
4865 0.1515 0.1387 0.0610 0.7708 0.0905 0.0777
4870 0.1525 0.1311 0.0540 0.7703 0.0985 0.0772
4875 0.1474 0.1267 0.0543 0.7802 0.0931 0.0723
4880 0.1471 0.1232 0.0528 0.7825 0.0943 0.0704
4885 0.1418 0.1198 0.0493 0.7877 0.0925 0.0705
4890 0.1367 0.1180 0.0478 0.7931 0.0888 0.0702
4895 0.1268 0.1094 0.0502 0.8140 0.0766 0.0592
4900 0.1302 0.1085 0.0564 0.8177 0.0738 0.0521
4905 0.1317 0.1144 0.0571 0.8110 0.0747 0.0573
4910 0.1309 0.1155 0.0530 0.8066 0.0779 0.0625
4915 0.1302 0.1160 0.0536 0.8074 0.0766 0.0624
4920 0.1296 0.1108 0.0494 0.8090 0.0802 0.0614
4925 0.1323 0.1225 0.0567 0.8019 0.0756 0.0658
4930 0.1306 0.1230 0.0542 0.8007 0.0763 0.0688
4935 0.1363 0.1192 0.0552 0.7996 0.0812 0.0640
4940 0.1336 0.1144 0.0534 0.8054 0.0802 0.0610
4945 0.1415 0.1121 0.0548 0.8012 0.0867 0.0573
4950 0.1386 0.1171 0.0558 0.8001 0.0828 0.0613
4955 0.1372 0.1181 0.0591 0.8038 0.0781 0.0591
4960 0.1373 0.1233 0.0592 0.7986 0.0781 0.0642
4965 0.1372 0.1237 0.0650 0.8041 0.0722 0.0587
4970 0.1388 0.1263 0.0670 0.8019 0.0718 0.0593
4975 0.1334 0.1311 0.0637 0.7991 0.0697 0.0675
4980 0.1412 0.1388 0.0659 0.7859 0.0753 0.0729
4985 0.1443 0.1340 0.0619 0.7837 0.0823 0.0721
4990 0.1427 0.1365 0.0630 0.7838 0.0797 0.0735
4995 0.1474 0.1365 0.0642 0.7802 0.0833 0.0723
