9000 0.3777 0.4187 0.1235 0.3272 0.2542 0.2951
9005 0.3770 0.4130 0.1125 0.3225 0.2645 0.3005
9010 0.3731 0.4147 0.1171 0.3293 0.2560 0.2976
9015 0.3692 0.4119 0.1182 0.3371 0.2510 0.2937
9020 0.3229 0.3766 0.0972 0.3977 0.2257 0.2795
9025 0.3325 0.3809 0.1214 0.4080 0.2111 0.2595
9030 0.3435 0.3880 0.1228 0.3912 0.2207 0.2652
9035 0.3610 0.3930 0.1403 0.3863 0.2207 0.2528
9040 0.3944 0.4119 0.1538 0.3475 0.2407 0.2581
9045 0.3848 0.4219 0.1552 0.3485 0.2296 0.2666
9050 0.3788 0.4354 0.1687 0.3546 0.2100 0.2666
9055 0.3599 0.4048 0.1310 0.3663 0.2289 0.2738
9060 0.3752 0.3873 0.1260 0.3635 0.2492 0.2613
9065 0.3460 0.3898 0.1278 0.3920 0.2182 0.2620
9070 0.3564 0.4201 0.1388 0.3624 0.2175 0.2812
9075 0.3977 0.4689 0.1819 0.3154 0.2157 0.2869
9080 0.4361 0.4436 0.1819 0.3022 0.2542 0.2617
9085 0.4432 0.4425 0.1887 0.3030 0.2545 0.2538
9090 0.4528 0.4592 0.2164 0.3044 0.2364 0.2428
9095 0.4244 0.4624 0.2218 0.3350 0.2026 0.2407
9100 0.3845 0.4596 0.2197 0.3756 0.1648 0.2399
9105 0.3806 0.4532 0.2207 0.3870 0.1598 0.2325
9110 0.3838 0.4478 0.2221 0.3905 0.1616 0.2257
9115 0.4083 0.4439 0.2093 0.3571 0.1990 0.2346
9120 0.4194 0.4290 0.2061 0.3578 0.2132 0.2229
9125 0.4546 0.4318 0.2389 0.3524 0.2157 0.1930
9130 0.4226 0.4325 0.2175 0.3624 0.2051 0.2150
9135 0.4041 0.4051 0.1915 0.3823 0.2125 0.2136
9140 0.3770 0.4009 0.1812 0.4033 0.1958 0.2197
9145 0.3371 0.3791 0.1378 0.4215 0.1994 0.2414
9150 0.3094 0.3763 0.1189 0.4333 0.1905 0.2574
9155 0.3115 0.3799 0.1104 0.4190 0.2011 0.2695
9160 0.3154 0.3774 0.1143 0.4215 0.2011 0.2631
9165 0.3151 0.3948 0.1267 0.4169 0.1883 0.2681
9170 0.3265 0.4062 0.1396 0.4069 0.1869 0.2666
9175 0.3660 0.4048 0.1613 0.3905 0.2047 0.2435
9180 0.3784 0.3823 0.1531 0.3923 0.2253 0.2293
9185 0.4133 0.3877 0.1784 0.3774 0.2350 0.2093
9190 0.4318 0.3991 0.2022 0.3713 0.2296 0.1969
9195 0.4033 0.3927 0.2108 0.4147 0.1926 0.1819
9200 0.3959 0.3870 0.1883 0.4055 0.2075 0.1986
9205 0.4044 0.3863 0.1855 0.3948 0.2189 0.2008
9210 0.4147 0.4169 0.1890 0.3574 0.2257 0.2278
9215 0.3912 0.4226 0.1734 0.3596 0.2179 0.2492
9220 0.3937 0.4268 0.1663 0.3457 0.2275 0.2606
9225 0.4130 0.4361 0.1791 0.3300 0.2339 0.2570
9230 0.4076 0.4354 0.1912 0.3482 0.2164 0.2442
9235 0.4133 0.4308 0.1947 0.3507 0.2186 0.2360
9240 0.4247 0.4179 0.2075 0.3649 0.2172 0.2104
9245 0.4436 0.3944 0.2083 0.3702 0.2353 0.1862
9250 0.4696 0.3663 0.1858 0.3499 0.2837 0.1805
9255 0.4478 0.3407 0.1591 0.3706 0.2887 0.1816
9260 0.4500 0.3393 0.1452 0.3560 0.3047 0.1940
9265 0.4649 0.3268 0.1452 0.3535 0.3197 0.1816
9270 0.4546 0.3574 0.1595 0.3475 0.2951 0.1979
9275 0.4539 0.3674 0.1937 0.3724 0.2602 0.1737
9280 0.4226 0.3831 0.1937 0.3880 0.2289 0.1894
9285 0.4179 0.4041 0.2054 0.3834 0.2125 0.1986
9290 0.4176 0.4023 0.2108 0.3909 0.2068 0.1915
9295 0.4169 0.4009 0.2061 0.3884 0.2108 0.1947
9300 0.4247 0.4098 0.2293 0.3948 0.1954 0.1805
9305 0.4333 0.4300 0.2421 0.3788 0.1912 0.1880
9310 0.4183 0.4425 0.2431 0.3823 0.1752 0.1994
9315 0.3930 0.4450 0.2225 0.3845 0.1705 0.2225
9320 0.3720 0.4265 0.1944 0.3959 0.1776 0.2321
9325 0.3752 0.4486 0.1890 0.3653 0.1862 0.2595
9330 0.3670 0.4365 0.1705 0.3670 0.1965 0.2659
9335 0.3699 0.4293 0.1851 0.3859 0.1848 0.2442
9340 0.3763 0.4244 0.1858 0.3852 0.1905 0.2385
9345 0.3749 0.4293 0.1851 0.3809 0.1897 0.2442
9350 0.4044 0.4169 0.1851 0.3638 0.2193 0.2318
9355 0.4436 0.4357 0.2197 0.3403 0.2239 0.2161
9360 0.4418 0.4432 0.2204 0.3354 0.2214 0.2229
9365 0.4703 0.4233 0.2275 0.3339 0.2428 0.1958
9370 0.4019 0.4055 0.1805 0.3731 0.2214 0.2250
9375 0.4090 0.3888 0.1805 0.3827 0.2286 0.2083
9380 0.3685 0.3845 0.1776 0.4247 0.1908 0.2068
9385 0.3685 0.3660 0.1684 0.4340 0.2001 0.1976
9390 0.3596 0.3727 0.1730 0.4407 0.1865 0.1997
9395 0.3421 0.3880 0.1830 0.4528 0.1591 0.2051
9400 0.3332 0.4012 0.1805 0.4461 0.1527 0.2207
9405 0.3592 0.3952 0.1858 0.4315 0.1734 0.2093
9410 0.3763 0.3987 0.1883 0.4133 0.1880 0.2104
9415 0.3955 0.4236 0.1897 0.3706 0.2058 0.2339
9420 0.4443 0.4397 0.2200 0.3361 0.2243 0.2197
9425 0.4546 0.4763 0.2492 0.3183 0.2054 0.2271
9430 0.4251 0.4753 0.2307 0.3304 0.1944 0.2446
9435 0.4098 0.4571 0.2043 0.3375 0.2054 0.2528
9440 0.3784 0.4158 0.1851 0.3909 0.1933 0.2307
9445 0.3806 0.4283 0.1937 0.3848 0.1869 0.2346
9450 0.3838 0.4340 0.1951 0.3774 0.1887 0.2389
9455 0.4005 0.4368 0.1869 0.3496 0.2136 0.2499
9460 0.3977 0.4546 0.2019 0.3496 0.1958 0.2528
9465 0.3937 0.4486 0.2001 0.3578 0.1937 0.2485
9470 0.4041 0.4607 0.2136 0.3489 0.1905 0.2471
9475 0.3962 0.4902 0.2286 0.3421 0.1677 0.2617
9480 0.3613 0.4799 0.2147 0.3734 0.1467 0.2652
9485 0.3571 0.4781 0.2261 0.3909 0.1310 0.2520
9490 0.3435 0.4681 0.2232 0.4115 0.1203 0.2449
9495 0.3297 0.4806 0.2328 0.4226 0.0968 0.2478
9500 0.3403 0.4745 0.2332 0.4183 0.1072 0.2414
9505 0.3596 0.4532 0.2378 0.4251 0.1218 0.2154
9510 0.3364 0.4311 0.2197 0.4521 0.1168 0.2115
9515 0.2973 0.4503 0.1865 0.4389 0.1107 0.2638
9520 0.3030 0.4450 0.1901 0.4422 0.1129 0.2549
9525 0.3204 0.4632 0.1869 0.4033 0.1335 0.2763
9530 0.3215 0.4425 0.1752 0.4112 0.1463 0.2674
9535 0.3532 0.4322 0.1598 0.3745 0.1933 0.2723
9540 0.3831 0.4429 0.1855 0.3596 0.1976 0.2574
9545 0.3848 0.4543 0.1865 0.3475 0.1983 0.2677
9550 0.3852 0.4628 0.1851 0.3371 0.2001 0.2777
9555 0.3955 0.4528 0.1969 0.3485 0.1986 0.2560
9560 0.3959 0.4553 0.2079 0.3567 0.1880 0.2474
9565 0.3855 0.4197 0.1876 0.3823 0.1979 0.2321
9570 0.3663 0.4080 0.1805 0.4062 0.1858 0.2275
9575 0.3464 0.4105 0.1759 0.4190 0.1705 0.2346
9580 0.3549 0.4329 0.1908 0.4030 0.1641 0.2421
9585 0.3791 0.4172 0.1684 0.3720 0.2108 0.2488
9590 0.3944 0.4375 0.1990 0.3670 0.1954 0.2385
9595 0.3991 0.4251 0.1819 0.3578 0.2172 0.2431
9600 0.3834 0.4194 0.1865 0.3838 0.1969 0.2328
9605 0.3902 0.4386 0.2019 0.3731 0.1883 0.2367
9610 0.4108 0.4518 0.2218 0.3592 0.1890 0.2300
9615 0.4023 0.4382 0.2075 0.3670 0.1947 0.2307
9620 0.4155 0.4414 0.2232 0.3663 0.1922 0.2182
9625 0.3934 0.4439 0.2172 0.3799 0.1762 0.2268
9630 0.3948 0.4361 0.2193 0.3884 0.1755 0.2168
9635 0.3998 0.4286 0.2065 0.3781 0.1933 0.2221
9640 0.4258 0.4493 0.2499 0.3749 0.1759 0.1994
9645 0.4236 0.4802 0.2688 0.3649 0.1549 0.2115
9650 0.3855 0.4642 0.2496 0.3998 0.1360 0.2147
9655 0.3706 0.4710 0.2460 0.4044 0.1246 0.2250
9660 0.3407 0.4251 0.1986 0.4329 0.1420 0.2264
9665 0.3482 0.4450 0.2040 0.4108 0.1442 0.2410
9670 0.3613 0.4108 0.1808 0.4087 0.1805 0.2300
9675 0.3927 0.4297 0.2079 0.3855 0.1848 0.2218
9680 0.4062 0.4365 0.1994 0.3567 0.2068 0.2371
9685 0.3966 0.4411 0.2090 0.3713 0.1876 0.2321
9690 0.3699 0.4215 0.2097 0.4183 0.1602 0.2118
9695 0.3542 0.4215 0.2001 0.4244 0.1541 0.2214
9700 0.3628 0.4251 0.2019 0.4140 0.1609 0.2232
9705 0.3898 0.4083 0.1990 0.4009 0.1908 0.2093
9710 0.3617 0.4105 0.1908 0.4187 0.1709 0.2197
9715 0.3660 0.4122 0.1919 0.4137 0.1741 0.2204
9720 0.3403 0.4233 0.1666 0.4030 0.1737 0.2567
9725 0.3318 0.4585 0.1623 0.3720 0.1695 0.2962
9730 0.3243 0.4475 0.1452 0.3734 0.1791 0.3022
9735 0.3336 0.4407 0.1623 0.3880 0.1712 0.2784
9740 0.3688 0.4617 0.2047 0.3742 0.1641 0.2570
9745 0.3624 0.4699 0.2150 0.3827 0.1474 0.2549
9750 0.3553 0.4578 0.2015 0.3884 0.1538 0.2563
9755 0.3432 0.4671 0.1944 0.3841 0.1488 0.2727
9760 0.3051 0.4560 0.1702 0.4090 0.1349 0.2859
9765 0.2983 0.4361 0.1595 0.4251 0.1388 0.2766
9770 0.2841 0.4347 0.1538 0.4350 0.1303 0.2809
9775 0.3503 0.4151 0.1759 0.4105 0.1744 0.2392
9780 0.3763 0.4204 0.1965 0.3998 0.1798 0.2239
9785 0.4016 0.4155 0.2019 0.3848 0.1997 0.2136
9790 0.3962 0.4073 0.2033 0.3998 0.1930 0.2040
9795 0.3845 0.4023 0.2026 0.4158 0.1819 0.1997
9800 0.3617 0.4169 0.1908 0.4122 0.1709 0.2261
9805 0.3777 0.4236 0.2026 0.4012 0.1752 0.2211
9810 0.3788 0.4215 0.1990 0.3987 0.1798 0.2225
9815 0.4001 0.4336 0.2378 0.4041 0.1623 0.1958
9820 0.3977 0.4240 0.2442 0.4226 0.1534 0.1798
9825 0.3759 0.4055 0.2428 0.4614 0.1331 0.1627
9830 0.3336 0.4176 0.2164 0.4653 0.1171 0.2011
9835 0.3375 0.4297 0.2261 0.4589 0.1114 0.2036
9840 0.3197 0.4454 0.2122 0.4471 0.1075 0.2332
9845 0.3546 0.4507 0.2289 0.4236 0.1257 0.2218
9850 0.3799 0.4717 0.2421 0.3905 0.1378 0.2296
9855 0.4286 0.4806 0.2745 0.3653 0.1541 0.2061
9860 0.4151 0.4849 0.2588 0.3588 0.1563 0.2261
9865 0.4300 0.4820 0.2659 0.3539 0.1641 0.2161
9870 0.4261 0.4895 0.2713 0.3556 0.1549 0.2182
9875 0.4336 0.4888 0.2916 0.3692 0.1420 0.1972
9880 0.4140 0.4721 0.2599 0.3738 0.1541 0.2122
9885 0.3973 0.4550 0.2342 0.3820 0.1630 0.2207
9890 0.3880 0.4600 0.2214 0.3734 0.1666 0.2385
9895 0.3560 0.4842 0.2172 0.3770 0.1388 0.2670
9900 0.3279 0.4920 0.2054 0.3855 0.1225 0.2866
9905 0.2951 0.4838 0.1823 0.4033 0.1129 0.3015
9910 0.2891 0.4632 0.1734 0.4211 0.1157 0.2898
9915 0.3261 0.4357 0.1855 0.4236 0.1406 0.2503
9920 0.3268 0.4062 0.1769 0.4439 0.1499 0.2293
9925 0.3613 0.4130 0.2300 0.4557 0.1314 0.1830
9930 0.3499 0.3799 0.2232 0.4934 0.1267 0.1566
9935 0.3368 0.4033 0.2236 0.4834 0.1132 0.1798
9940 0.3321 0.4062 0.2307 0.4923 0.1015 0.1755
9945 0.3396 0.4461 0.2271 0.4414 0.1125 0.2189
9950 0.3524 0.4656 0.2396 0.4215 0.1129 0.2261
9955 0.3421 0.4813 0.2367 0.4133 0.1054 0.2446
9960 0.3368 0.4792 0.2093 0.3934 0.1274 0.2698
9965 0.3307 0.4966 0.2100 0.3827 0.1207 0.2866
9970 0.3361 0.5059 0.2108 0.3688 0.1253 0.2951
9975 0.3111 0.5055 0.1926 0.3759 0.1185 0.3129
9980 0.2841 0.4849 0.1776 0.4087 0.1064 0.3072
9985 0.2994 0.4592 0.1709 0.4122 0.1285 0.2884
9990 0.3001 0.4564 0.1712 0.4147 0.1289 0.2852
9995 0.3090 0.4582 0.1670 0.3998 0.1420 0.2912
