3000 0.4048 0.3507 0.1492 0.3937 0.2556 0.2015
3005 0.4030 0.3489 0.1488 0.3969 0.2542 0.2001
3010 0.3984 0.3532 0.1524 0.4009 0.2460 0.2008
3015 0.4105 0.3467 0.1485 0.3912 0.2620 0.1983
3020 0.4137 0.3464 0.1470 0.3870 0.2666 0.1994
3025 0.4112 0.3268 0.1399 0.4019 0.2713 0.1869
3030 0.4461 0.3571 0.1563 0.3532 0.2898 0.2008
3035 0.4375 0.3713 0.1541 0.3453 0.2834 0.2172
3040 0.4511 0.3987 0.1677 0.3179 0.2834 0.2310
3045 0.4026 0.3710 0.1474 0.3738 0.2553 0.2236
3050 0.4033 0.3784 0.1695 0.3877 0.2339 0.2090
3055 0.4165 0.3823 0.1776 0.3788 0.2389 0.2047
3060 0.4290 0.3991 0.2065 0.3784 0.2225 0.1926
3065 0.4329 0.3870 0.1922 0.3724 0.2407 0.1947
3070 0.4201 0.3838 0.1862 0.3823 0.2339 0.1976
3075 0.4005 0.3581 0.1655 0.4069 0.2350 0.1926
3080 0.4030 0.3485 0.1581 0.4066 0.2449 0.1905
3085 0.4155 0.3638 0.1620 0.3827 0.2535 0.2019
3090 0.4290 0.3663 0.1826 0.3873 0.2464 0.1837
3095 0.4350 0.3966 0.1958 0.3642 0.2392 0.2008
3100 0.4372 0.4233 0.2207 0.3603 0.2164 0.2026
3105 0.4222 0.4219 0.2132 0.3692 0.2090 0.2086
3110 0.4286 0.4325 0.2100 0.3489 0.2186 0.2225
3115 0.4311 0.4436 0.2182 0.3435 0.2129 0.2253
3120 0.4297 0.4454 0.1997 0.3247 0.2300 0.2456
3125 0.4062 0.4382 0.1912 0.3467 0.2150 0.2471
3130 0.3870 0.4411 0.1762 0.3482 0.2108 0.2649
3135 0.3742 0.4272 0.1855 0.3841 0.1887 0.2417
3140 0.3774 0.4098 0.1862 0.3991 0.1912 0.2236
3145 0.3756 0.3955 0.1940 0.4229 0.1816 0.2015
3150 0.3546 0.4051 0.1876 0.4279 0.1670 0.2175
3155 0.3599 0.4033 0.1734 0.4101 0.1865 0.2300
3160 0.3354 0.3492 0.1566 0.4721 0.1787 0.1926
3165 0.3265 0.3496 0.1538 0.4778 0.1727 0.1958
3170 0.3304 0.3592 0.1477 0.4582 0.1826 0.2115
3175 0.3795 0.3713 0.1705 0.4197 0.2090 0.2008
3180 0.4108 0.4066 0.1986 0.3813 0.2122 0.2079
3185 0.4229 0.4204 0.2100 0.3667 0.2129 0.2104
3190 0.3973 0.4208 0.1901 0.3720 0.2072 0.2307
3195 0.3948 0.4322 0.1905 0.3635 0.2043 0.2417
3200 0.4033 0.4745 0.2108 0.3329 0.1926 0.2638
3205 0.3980 0.4589 0.1837 0.3268 0.2143 0.2752
3210 0.4076 0.4742 0.1994 0.3176 0.2083 0.2748
3215 0.4019 0.4375 0.1951 0.3556 0.2068 0.2424
3220 0.4258 0.4340 0.2339 0.3742 0.1919 0.2001
3225 0.4671 0.3948 0.2164 0.3546 0.2506 0.1784
3230 0.4998 0.4094 0.2485 0.3393 0.2513 0.1609
3235 0.4706 0.4265 0.2414 0.3443 0.2293 0.1851
3240 0.4820 0.4446 0.2460 0.3193 0.2360 0.1986
3245 0.4678 0.4461 0.2524 0.3386 0.2154 0.1937
3250 0.4774 0.4464 0.2609 0.3371 0.2164 0.1855
3255 0.4891 0.4311 0.2809 0.3606 0.2083 0.1502
3260 0.4699 0.4247 0.2702 0.3756 0.1997 0.1545
3265 0.4528 0.4197 0.2645 0.3920 0.1883 0.1552
3270 0.4208 0.4058 0.2246 0.3980 0.1962 0.1812
3275 0.4279 0.3766 0.2189 0.4144 0.2090 0.1577
3280 0.4304 0.3546 0.2118 0.4268 0.2186 0.1428
3285 0.4535 0.3656 0.2157 0.3966 0.2378 0.1499
3290 0.4674 0.3802 0.2239 0.3763 0.2435 0.1563
3295 0.4923 0.3909 0.2449 0.3617 0.2474 0.1460
3300 0.5101 0.3766 0.2421 0.3553 0.2681 0.1346
3305 0.5052 0.3738 0.2360 0.3571 0.2691 0.1378
3310 0.4845 0.3774 0.2243 0.3624 0.2602 0.1531
3315 0.4774 0.4062 0.2278 0.3443 0.2496 0.1784
3320 0.4649 0.3734 0.2357 0.3973 0.2293 0.1378
3325 0.4813 0.3852 0.2520 0.3855 0.2293 0.1331
3330 0.4931 0.3877 0.2535 0.3727 0.2396 0.1342
3335 0.4998 0.4062 0.2706 0.3645 0.2293 0.1356
3340 0.4646 0.4147 0.2392 0.3599 0.2253 0.1755
3345 0.4653 0.4354 0.2375 0.3368 0.2278 0.1979
3350 0.4507 0.4041 0.2019 0.3471 0.2488 0.2022
3355 0.4528 0.3930 0.2150 0.3692 0.2378 0.1780
3360 0.4535 0.3966 0.2225 0.3724 0.2310 0.1741
3365 0.4539 0.4276 0.2613 0.3799 0.1926 0.1663
3370 0.4763 0.4333 0.2720 0.3624 0.2043 0.1613
3375 0.4781 0.4265 0.2542 0.3496 0.2239 0.1723
3380 0.4870 0.3923 0.2318 0.3524 0.2553 0.1606
3385 0.4685 0.3813 0.2253 0.3756 0.2431 0.1559
3390 0.4899 0.3681 0.2232 0.3653 0.2666 0.1449
3395 0.4592 0.3763 0.2186 0.3831 0.2407 0.1577
3400 0.4414 0.3969 0.2314 0.3930 0.2100 0.1655
3405 0.4404 0.3859 0.2307 0.4044 0.2097 0.1552
3410 0.4564 0.4265 0.2496 0.3667 0.2068 0.1769
3415 0.4710 0.4265 0.2713 0.3738 0.1997 0.1552
3420 0.4970 0.4190 0.2713 0.3553 0.2257 0.1477
3425 0.5244 0.4087 0.2688 0.3357 0.2556 0.1399
3430 0.4788 0.3934 0.2367 0.3645 0.2421 0.1566
3435 0.4585 0.3888 0.2250 0.3777 0.2335 0.1638
3440 0.4589 0.3742 0.2054 0.3724 0.2535 0.1687
3445 0.4664 0.3838 0.2204 0.3702 0.2460 0.1634
3450 0.4692 0.3923 0.2221 0.3606 0.2471 0.1702
3455 0.4849 0.3891 0.2225 0.3485 0.2624 0.1666
3460 0.4681 0.3987 0.2464 0.3795 0.2218 0.1524
3465 0.4827 0.3592 0.2392 0.3973 0.2435 0.1200
3470 0.4653 0.3446 0.2129 0.4030 0.2524 0.1317
3475 0.4482 0.3186 0.1905 0.4236 0.2577 0.1282
3480 0.4254 0.3104 0.1769 0.4411 0.2485 0.1335
3485 0.4393 0.3261 0.1819 0.4165 0.2574 0.1442
3490 0.4236 0.3489 0.1727 0.4001 0.2510 0.1762
3495 0.3984 0.3307 0.1524 0.4233 0.2460 0.1784
3500 0.3524 0.3621 0.1552 0.4407 0.1972 0.2068
3505 0.3677 0.3699 0.1702 0.4325 0.1976 0.1997
3510 0.3898 0.4133 0.1958 0.3927 0.1940 0.2175
3515 0.3706 0.4208 0.1937 0.4023 0.1769 0.2271
3520 0.3653 0.4080 0.1759 0.4026 0.1894 0.2321
3525 0.3546 0.4073 0.1752 0.4133 0.1794 0.2321
3530 0.3617 0.4055 0.1976 0.4304 0.1641 0.2079
3535 0.3339 0.4023 0.1954 0.4592 0.1385 0.2068
3540 0.3496 0.4375 0.2001 0.4130 0.1495 0.2375
3545 0.3578 0.4564 0.1926 0.3784 0.1652 0.2638
3550 0.4268 0.4834 0.2289 0.3186 0.1979 0.2545
3555 0.4151 0.4471 0.2122 0.3499 0.2029 0.2350
3560 0.4098 0.4368 0.2257 0.3791 0.1841 0.2111
3565 0.4162 0.3937 0.2229 0.4130 0.1933 0.1709
3570 0.4169 0.3727 0.2125 0.4229 0.2043 0.1602
3575 0.4183 0.3848 0.2154 0.4122 0.2029 0.1695
3580 0.4443 0.4194 0.2431 0.3795 0.2011 0.1762
3585 0.4450 0.4155 0.2510 0.3905 0.1940 0.1645
3590 0.4151 0.3973 0.2253 0.4130 0.1897 0.1719
3595 0.4041 0.4016 0.1905 0.3848 0.2136 0.2111
3600 0.3813 0.3823 0.1833 0.4197 0.1979 0.1990
3605 0.3845 0.3635 0.1801 0.4322 0.2043 0.1833
3610 0.4044 0.3734 0.1962 0.4183 0.2083 0.1773
3615 0.4254 0.3492 0.1837 0.4090 0.2417 0.1655
3620 0.4247 0.3503 0.1969 0.4219 0.2278 0.1534
3625 0.3966 0.3407 0.1819 0.4446 0.2147 0.1588
3630 0.3653 0.3574 0.1819 0.4592 0.1833 0.1755
3635 0.3222 0.3727 0.1627 0.4678 0.1595 0.2100
3640 0.3375 0.4197 0.1716 0.4144 0.1659 0.2481
3645 0.3781 0.4429 0.1951 0.3742 0.1830 0.2478
3650 0.3944 0.4557 0.1937 0.3435 0.2008 0.2620
3655 0.4112 0.4564 0.2182 0.3507 0.1930 0.2382
3660 0.4165 0.4468 0.2129 0.3496 0.2036 0.2339
3665 0.3902 0.4251 0.2033 0.3880 0.1869 0.2218
3670 0.3884 0.4172 0.2047 0.3991 0.1837 0.2125
3675 0.3809 0.3930 0.1823 0.4083 0.1986 0.2108
3680 0.4030 0.3631 0.1755 0.4094 0.2275 0.1876
3685 0.4211 0.3521 0.1887 0.4155 0.2325 0.1634
3690 0.4094 0.3375 0.1741 0.4272 0.2353 0.1634
3695 0.4461 0.2990 0.2001 0.4550 0.2460 0.0990
3700 0.4511 0.3265 0.2310 0.4535 0.2200 0.0954
3705 0.4468 0.3289 0.2325 0.4567 0.2143 0.0965
3710 0.4258 0.3325 0.2072 0.4489 0.2186 0.1253
3715 0.3987 0.3354 0.1869 0.4528 0.2118 0.1485
3720 0.4051 0.3354 0.1531 0.4126 0.2520 0.1823
3725 0.4133 0.3514 0.1513 0.3866 0.2620 0.2001
3730 0.3966 0.3371 0.1242 0.3905 0.2723 0.2129
3735 0.4144 0.3446 0.1339 0.3749 0.2805 0.2108
3740 0.3902 0.3403 0.1335 0.4030 0.2567 0.2068
3745 0.3952 0.3382 0.1278 0.3944 0.2674 0.2104
3750 0.4051 0.3396 0.1367 0.3920 0.2684 0.2029
3755 0.4073 0.3482 0.1374 0.3820 0.2698 0.2108
3760 0.4201 0.3588 0.1527 0.3738 0.2674 0.2061
3765 0.4493 0.3642 0.1791 0.3656 0.2702 0.1851
3770 0.4899 0.3621 0.1823 0.3304 0.3076 0.1798
3775 0.5030 0.3895 0.2197 0.3272 0.2834 0.1698
3780 0.4863 0.3855 0.2350 0.3631 0.2513 0.1506
3785 0.4468 0.3734 0.2157 0.3955 0.2310 0.1577
3790 0.4172 0.3635 0.1873 0.4066 0.2300 0.1762
3795 0.3969 0.3749 0.1826 0.4108 0.2143 0.1922
3800 0.4023 0.3770 0.1862 0.4069 0.2161 0.1908
3805 0.4183 0.3880 0.2118 0.4055 0.2065 0.1762
3810 0.4272 0.3898 0.2275 0.4105 0.1997 0.1623
3815 0.4557 0.4155 0.2677 0.3966 0.1880 0.1477
3820 0.4667 0.4272 0.2709 0.3770 0.1958 0.1563
3825 0.4393 0.4112 0.2396 0.3891 0.1997 0.1716
3830 0.3998 0.4112 0.1890 0.3781 0.2108 0.2221
3835 0.3927 0.4080 0.1808 0.3802 0.2118 0.2271
3840 0.3984 0.3980 0.1698 0.3734 0.2286 0.2282
3845 0.4176 0.3941 0.1805 0.3688 0.2371 0.2136
3850 0.4297 0.3845 0.2204 0.4062 0.2093 0.1641
3855 0.4532 0.3955 0.2268 0.3781 0.2264 0.1687
3860 0.4386 0.4446 0.2659 0.3827 0.1727 0.1787
3865 0.4753 0.4560 0.2901 0.3588 0.1851 0.1659
3870 0.4824 0.4628 0.2909 0.3457 0.1915 0.1719
3875 0.5044 0.4621 0.3005 0.3339 0.2040 0.1616
3880 0.5215 0.5119 0.3428 0.3094 0.1787 0.1691
3885 0.5237 0.4916 0.3279 0.3126 0.1958 0.1638
3890 0.5084 0.5212 0.3005 0.2709 0.2079 0.2207
3895 0.4795 0.5126 0.2763 0.2841 0.2033 0.2364
3900 0.4674 0.5400 0.2773 0.2698 0.1901 0.2627
3905 0.4486 0.4834 0.2674 0.3354 0.1812 0.2161
3910 0.4365 0.4763 0.2364 0.3236 0.2001 0.2399
3915 0.4518 0.4318 0.2342 0.3507 0.2175 0.1976
3920 0.4543 0.4486 0.2531 0.3503 0.2011 0.1954
3925 0.4432 0.4425 0.2367 0.3510 0.2065 0.2058
3930 0.3973 0.4564 0.2065 0.3528 0.1908 0.2499
3935 0.3916 0.4475 0.2140 0.3749 0.1776 0.2335
3940 0.4009 0.4194 0.2207 0.4005 0.1801 0.1986
3945 0.3870 0.4443 0.2029 0.3717 0.1841 0.2414
3950 0.4169 0.4432 0.2382 0.3781 0.1787 0.2051
3955 0.4044 0.4486 0.2428 0.3898 0.1616 0.2058
3960 0.4112 0.4678 0.2503 0.3713 0.1609 0.2175
3965 0.4101 0.4283 0.2164 0.3781 0.1937 0.2118
3970 0.4265 0.4226 0.2104 0.3613 0.2161 0.2122
3975 0.4300 0.4176 0.1851 0.3375 0.2449 0.2325
3980 0.4251 0.4233 0.1965 0.3482 0.2286 0.2268
3985 0.4169 0.4372 0.1979 0.3439 0.2189 0.2392
3990 0.4140 0.4340 0.1915 0.3435 0.2225 0.2424
3995 0.4158 0.4372 0.1997 0.3467 0.2161 0.2375
