18000 0.4190 0.5158 0.2360 0.3012 0.1830 0.2798
18005 0.4115 0.5141 0.2318 0.3062 0.1798 0.2823
18010 0.4172 0.5226 0.2286 0.2887 0.1887 0.2941
18015 0.4098 0.5158 0.2161 0.2905 0.1937 0.2998
18020 0.3966 0.4831 0.1905 0.3108 0.2061 0.2926
18025 0.4026 0.4738 0.1972 0.3208 0.2054 0.2766
18030 0.4147 0.4888 0.2164 0.3129 0.1983 0.2723
18035 0.4365 0.4681 0.2293 0.3247 0.2072 0.2389
18040 0.3905 0.4350 0.2140 0.3884 0.1766 0.2211
18045 0.4016 0.4236 0.2111 0.3859 0.1905 0.2125
18050 0.4076 0.4290 0.2022 0.3656 0.2054 0.2268
18055 0.4019 0.4461 0.1908 0.3428 0.2111 0.2553
18060 0.3930 0.4308 0.1552 0.3314 0.2378 0.2755
18065 0.3517 0.4350 0.1463 0.3596 0.2054 0.2887
18070 0.3361 0.4304 0.1670 0.4005 0.1691 0.2634
18075 0.3549 0.4379 0.1666 0.3738 0.1883 0.2713
18080 0.3631 0.4283 0.1360 0.3446 0.2271 0.2923
18085 0.3745 0.4197 0.1506 0.3564 0.2239 0.2691
18090 0.3514 0.4215 0.1534 0.3806 0.1979 0.2681
18095 0.3261 0.4055 0.1645 0.4329 0.1616 0.2410
18100 0.3699 0.3912 0.1862 0.4251 0.1837 0.2051
18105 0.3895 0.3681 0.1873 0.4297 0.2022 0.1808
18110 0.3852 0.3781 0.2147 0.4514 0.1705 0.1634
18115 0.3984 0.3795 0.2246 0.4468 0.1737 0.1549
18120 0.4222 0.4187 0.2424 0.4016 0.1798 0.1762
18125 0.4525 0.4575 0.2745 0.3645 0.1780 0.1830
18130 0.4731 0.4735 0.2916 0.3450 0.1816 0.1819
18135 0.4728 0.4838 0.3001 0.3435 0.1727 0.1837
18140 0.4664 0.4706 0.2965 0.3596 0.1698 0.1741
18145 0.4600 0.4343 0.2560 0.3617 0.2040 0.1784
18150 0.4692 0.4308 0.2442 0.3443 0.2250 0.1865
18155 0.4731 0.4457 0.2588 0.3400 0.2143 0.1869
18160 0.4535 0.4489 0.2439 0.3414 0.2097 0.2051
18165 0.4482 0.4457 0.2602 0.3663 0.1880 0.1855
18170 0.4507 0.4418 0.2592 0.3667 0.1915 0.1826
18175 0.4208 0.4322 0.2563 0.4033 0.1645 0.1759
18180 0.4090 0.3952 0.2253 0.4211 0.1837 0.1698
18185 0.3973 0.3891 0.2079 0.4215 0.1894 0.1812
18190 0.3774 0.3784 0.1976 0.4418 0.1798 0.1808
18195 0.3759 0.3791 0.1862 0.4311 0.1897 0.1930
18200 0.3638 0.3745 0.1894 0.4511 0.1744 0.1851
18205 0.3702 0.4016 0.1915 0.4197 0.1787 0.2100
18210 0.3763 0.4009 0.1876 0.4105 0.1887 0.2132
18215 0.3952 0.4033 0.1940 0.3955 0.2011 0.2093
18220 0.4051 0.4162 0.2392 0.4179 0.1659 0.1769
18225 0.4283 0.4208 0.2670 0.4179 0.1613 0.1538
18230 0.4244 0.4286 0.2556 0.4026 0.1687 0.1730
18235 0.4179 0.4286 0.2642 0.4176 0.1538 0.1645
18240 0.4254 0.4258 0.2367 0.3855 0.1887 0.1890
18245 0.4162 0.4393 0.2453 0.3898 0.1709 0.1940
18250 0.3663 0.4333 0.2449 0.4454 0.1214 0.1883
18255 0.3617 0.4340 0.2449 0.4493 0.1168 0.1890
18260 0.3535 0.4318 0.2268 0.4414 0.1267 0.2051
18265 0.3941 0.4165 0.2321 0.4215 0.1620 0.1844
18270 0.4279 0.4119 0.2268 0.3870 0.2011 0.1851
18275 0.4646 0.4055 0.2189 0.3489 0.2456 0.1865
18280 0.4792 0.4229 0.2264 0.3243 0.2528 0.1965
18285 0.4788 0.4425 0.2318 0.3104 0.2471 0.2108
18290 0.4770 0.4521 0.2232 0.2941 0.2538 0.2289
18295 0.4760 0.4454 0.2179 0.2965 0.2581 0.2275
18300 0.4635 0.4521 0.2015 0.2859 0.2620 0.2506
18305 0.4482 0.4162 0.1986 0.3343 0.2496 0.2175
18310 0.4397 0.4244 0.2001 0.3361 0.2396 0.2243
18315 0.4482 0.4208 0.2246 0.3556 0.2236 0.1962
18320 0.4507 0.3599 0.1616 0.3510 0.2891 0.1983
18325 0.4596 0.3489 0.1830 0.3745 0.2766 0.1659
18330 0.4845 0.3567 0.1919 0.3507 0.2926 0.1648
18335 0.5187 0.3959 0.2303 0.3158 0.2884 0.1655
18340 0.4756 0.4254 0.2061 0.3051 0.2695 0.2193
18345 0.4653 0.4528 0.2197 0.3015 0.2456 0.2332
18350 0.4557 0.4475 0.2026 0.2994 0.2531 0.2449
18355 0.4489 0.4525 0.2058 0.3044 0.2431 0.2467
18360 0.4450 0.4628 0.2186 0.3108 0.2264 0.2442
18365 0.4518 0.4671 0.2506 0.3318 0.2011 0.2164
18370 0.4236 0.4656 0.2385 0.3492 0.1851 0.2271
18375 0.4130 0.4478 0.2321 0.3713 0.1808 0.2157
18380 0.4058 0.4066 0.2275 0.4151 0.1784 0.1791
18385 0.3937 0.4158 0.2218 0.4122 0.1719 0.1940
18390 0.3941 0.4176 0.2421 0.4304 0.1520 0.1755
18395 0.3752 0.4468 0.2375 0.4155 0.1378 0.2093
18400 0.3845 0.4197 0.2229 0.4187 0.1616 0.1969
18405 0.3902 0.4155 0.2129 0.4073 0.1773 0.2026
18410 0.4165 0.4201 0.2221 0.3855 0.1944 0.1979
18415 0.4276 0.4190 0.2229 0.3763 0.2047 0.1962
18420 0.4297 0.4044 0.2118 0.3777 0.2179 0.1926
18425 0.4600 0.4016 0.2086 0.3471 0.2513 0.1930
18430 0.4692 0.4026 0.2189 0.3471 0.2503 0.1837
18435 0.4628 0.4543 0.2837 0.3667 0.1791 0.1705
18440 0.4689 0.4471 0.2923 0.3763 0.1766 0.1549
18445 0.4678 0.4276 0.2805 0.3852 0.1873 0.1470
18450 0.4617 0.4133 0.2848 0.4098 0.1769 0.1285
18455 0.4425 0.4119 0.2453 0.3909 0.1972 0.1666
18460 0.4279 0.4105 0.2549 0.4165 0.1730 0.1556
18465 0.4119 0.4122 0.2389 0.4147 0.1730 0.1734
18470 0.3952 0.4254 0.2531 0.4325 0.1420 0.1723
18475 0.3791 0.4105 0.2286 0.4389 0.1506 0.1819
18480 0.3581 0.4119 0.2300 0.4600 0.1282 0.1819
18485 0.3318 0.4140 0.2261 0.4802 0.1057 0.1880
18490 0.3599 0.4272 0.2403 0.4532 0.1196 0.1869
18495 0.3674 0.4183 0.2303 0.4446 0.1371 0.1880
18500 0.3603 0.4219 0.2197 0.4375 0.1406 0.2022
18505 0.3393 0.4112 0.1926 0.4422 0.1467 0.2186
18510 0.3300 0.3984 0.2043 0.4760 0.1257 0.1940
18515 0.3058 0.4016 0.1680 0.4607 0.1378 0.2335
18520 0.3311 0.4009 0.2015 0.4696 0.1296 0.1994
18525 0.3653 0.4130 0.2075 0.4293 0.1577 0.2054
18530 0.3713 0.4279 0.2375 0.4382 0.1339 0.1905
18535 0.3820 0.4058 0.2385 0.4507 0.1435 0.1673
18540 0.3791 0.4012 0.2325 0.4521 0.1467 0.1687
18545 0.3959 0.3823 0.2428 0.4646 0.1531 0.1396
18550 0.4151 0.3816 0.2617 0.4649 0.1534 0.1200
18555 0.4026 0.3905 0.2723 0.4792 0.1303 0.1182
18560 0.4507 0.4001 0.2880 0.4372 0.1627 0.1121
18565 0.4528 0.4023 0.2791 0.4240 0.1737 0.1232
18570 0.4763 0.4197 0.2748 0.3788 0.2015 0.1449
18575 0.4977 0.4389 0.2859 0.3492 0.2118 0.1531
18580 0.4948 0.4621 0.2795 0.3225 0.2154 0.1826
18585 0.5094 0.4592 0.2791 0.3104 0.2303 0.1801
18590 0.4724 0.4621 0.2503 0.3158 0.2221 0.2118
18595 0.4489 0.4560 0.2496 0.3446 0.1994 0.2065
18600 0.4343 0.4083 0.2339 0.3912 0.2004 0.1744
18605 0.4190 0.3663 0.2054 0.4201 0.2136 0.1609
18610 0.4211 0.3802 0.2164 0.4151 0.2047 0.1638
18615 0.4450 0.3980 0.2428 0.3998 0.2022 0.1552
18620 0.4247 0.3923 0.2421 0.4251 0.1826 0.1502
18625 0.4382 0.4001 0.2659 0.4276 0.1723 0.1342
18630 0.4521 0.3688 0.2613 0.4404 0.1908 0.1075
18635 0.5059 0.3731 0.2823 0.4033 0.2236 0.0908
18640 0.5098 0.3677 0.2937 0.4162 0.2161 0.0740
18645 0.5037 0.4162 0.3005 0.3806 0.2033 0.1157
18650 0.4781 0.4108 0.3051 0.4162 0.1730 0.1057
18655 0.4251 0.4041 0.2873 0.4582 0.1378 0.1168
18660 0.3905 0.3813 0.2652 0.4934 0.1253 0.1161
18665 0.3788 0.3571 0.2456 0.5098 0.1331 0.1114
18670 0.3927 0.3147 0.2253 0.5180 0.1673 0.0894
18675 0.4048 0.3393 0.2360 0.4920 0.1687 0.1032
18680 0.4169 0.3208 0.2175 0.4799 0.1994 0.1032
18685 0.4012 0.3439 0.2182 0.4731 0.1830 0.1257
18690 0.3695 0.3517 0.2090 0.4877 0.1606 0.1428
18695 0.3606 0.3745 0.2083 0.4731 0.1524 0.1663
18700 0.3656 0.3777 0.1851 0.4418 0.1805 0.1926
18705 0.3667 0.3920 0.2004 0.4418 0.1663 0.1915
18710 0.3802 0.3877 0.2022 0.4343 0.1780 0.1855
18715 0.4247 0.3791 0.2278 0.4240 0.1969 0.1513
18720 0.4375 0.3813 0.2328 0.4140 0.2047 0.1485
18725 0.4236 0.3880 0.2150 0.4033 0.2086 0.1730
18730 0.4048 0.3923 0.1837 0.3866 0.2211 0.2086
18735 0.3895 0.3880 0.1666 0.3891 0.2229 0.2214
18740 0.3813 0.4162 0.1990 0.4016 0.1823 0.2172
18745 0.3870 0.4066 0.1994 0.4058 0.1876 0.2072
18750 0.3944 0.3962 0.1979 0.4073 0.1965 0.1983
18755 0.3880 0.3763 0.1787 0.4144 0.2093 0.1976
18760 0.4201 0.3763 0.1997 0.4033 0.2204 0.1766
18765 0.4322 0.3834 0.1919 0.3763 0.2403 0.1915
18770 0.4567 0.3895 0.1791 0.3329 0.2777 0.2104
18775 0.4600 0.4183 0.1865 0.3083 0.2734 0.2318
18780 0.4489 0.4308 0.1887 0.3090 0.2602 0.2421
18785 0.4258 0.4471 0.2086 0.3357 0.2172 0.2385
18790 0.4361 0.4340 0.1983 0.3282 0.2378 0.2357
18795 0.4226 0.4140 0.1759 0.3393 0.2467 0.2382
18800 0.4073 0.4016 0.1388 0.3300 0.2684 0.2627
18805 0.3870 0.4162 0.1356 0.3325 0.2513 0.2805
18810 0.3909 0.4236 0.1424 0.3279 0.2485 0.2812
18815 0.4101 0.4418 0.1659 0.3140 0.2442 0.2759
18820 0.4329 0.4482 0.1680 0.2869 0.2649 0.2802
18825 0.4208 0.4222 0.1613 0.3183 0.2595 0.2609
18830 0.3752 0.3941 0.1221 0.3528 0.2531 0.2720
18835 0.3777 0.3873 0.1324 0.3674 0.2453 0.2549
18840 0.3934 0.4044 0.1381 0.3403 0.2553 0.2663
18845 0.3944 0.4489 0.1602 0.3168 0.2342 0.2887
18850 0.3884 0.4916 0.1702 0.2901 0.2182 0.3215
18855 0.3717 0.4567 0.1606 0.3321 0.2111 0.2962
18860 0.3852 0.4496 0.1687 0.3339 0.2164 0.2809
18865 0.3923 0.4208 0.1634 0.3503 0.2289 0.2574
18870 0.4133 0.3980 0.1531 0.3418 0.2602 0.2449
18875 0.4187 0.3560 0.1460 0.3713 0.2727 0.2100
18880 0.3752 0.3478 0.1168 0.3937 0.2585 0.2310
18885 0.3471 0.3514 0.1257 0.4272 0.2214 0.2257
18890 0.3517 0.3603 0.1492 0.4372 0.2026 0.2111
18895 0.3710 0.3831 0.1780 0.4240 0.1930 0.2051
18900 0.4151 0.3934 0.1805 0.3720 0.2346 0.2129
18905 0.4414 0.3674 0.1762 0.3674 0.2652 0.1912
18910 0.4311 0.3702 0.1837 0.3823 0.2474 0.1865
18915 0.3952 0.3916 0.1648 0.3781 0.2303 0.2268
18920 0.3731 0.4187 0.1848 0.3930 0.1883 0.2339
18925 0.3446 0.4033 0.1620 0.4140 0.1826 0.2414
18930 0.3193 0.3912 0.1356 0.4251 0.1837 0.2556
18935 0.3596 0.3823 0.1403 0.3984 0.2193 0.2421
18940 0.3596 0.3443 0.1378 0.4340 0.2218 0.2065
18945 0.3663 0.3556 0.1406 0.4187 0.2257 0.2150
18950 0.3653 0.3802 0.1420 0.3966 0.2232 0.2382
18955 0.3791 0.4172 0.1648 0.3685 0.2143 0.2524
18960 0.3823 0.4589 0.2022 0.3610 0.1801 0.2567
18965 0.4108 0.4261 0.2186 0.3816 0.1922 0.2075
18970 0.4126 0.4539 0.2029 0.3364 0.2097 0.2510
18975 0.4233 0.4493 0.2154 0.3428 0.2079 0.2339
18980 0.4179 0.4649 0.2221 0.3393 0.1958 0.2428
18985 0.4073 0.4632 0.2118 0.3414 0.1954 0.2513
18990 0.4115 0.4624 0.2086 0.3346 0.2029 0.2538
18995 0.4090 0.4603 0.2161 0.3467 0.1930 0.2442
