7000 0.3099 0.3309 0.1906 0.5498 0.1193 0.1403
7005 0.3096 0.3238 0.1872 0.5538 0.1223 0.1366
7010 0.3070 0.3229 0.1885 0.5585 0.1185 0.1345
7015 0.3072 0.3210 0.1887 0.5605 0.1184 0.1323
7020 0.3160 0.3198 0.1914 0.5556 0.1246 0.1284
7025 0.3269 0.3138 0.1972 0.5565 0.1297 0.1167
7030 0.3245 0.3170 0.1982 0.5567 0.1262 0.1188
7035 0.3272 0.3179 0.2009 0.5557 0.1264 0.1170
7040 0.3370 0.3228 0.2035 0.5437 0.1334 0.1193
7045 0.3328 0.3284 0.2014 0.5402 0.1314 0.1270
7050 0.3428 0.3308 0.2026 0.5291 0.1401 0.1281
7055 0.3275 0.3313 0.2010 0.5422 0.1265 0.1303
7060 0.3313 0.3294 0.1995 0.5388 0.1318 0.1299
7065 0.3198 0.3298 0.1951 0.5455 0.1247 0.1347
7070 0.3298 0.3280 0.1925 0.5348 0.1372 0.1355
7075 0.3223 0.3226 0.1871 0.5422 0.1352 0.1355
7080 0.3209 0.3212 0.1910 0.5489 0.1299 0.1302
7085 0.3239 0.3226 0.2019 0.5554 0.1221 0.1207
7090 0.3216 0.3212 0.1971 0.5543 0.1245 0.1241
7095 0.3282 0.3207 0.1990 0.5501 0.1293 0.1217
7100 0.3250 0.3287 0.1953 0.5416 0.1297 0.1334
7105 0.3218 0.3319 0.1934 0.5397 0.1284 0.1385
7110 0.3199 0.3318 0.1896 0.5379 0.1303 0.1422
7115 0.3178 0.3327 0.1872 0.5368 0.1305 0.1454
7120 0.3181 0.3311 0.1894 0.5401 0.1288 0.1418
7125 0.3160 0.3247 0.1865 0.5458 0.1295 0.1382
7130 0.3166 0.3260 0.1880 0.5454 0.1286 0.1380
7135 0.3209 0.3319 0.1919 0.5391 0.1290 0.1400
7140 0.3303 0.3333 0.1998 0.5363 0.1304 0.1334
7145 0.3348 0.3435 0.1993 0.5210 0.1355 0.1442
7150 0.3417 0.3529 0.2067 0.5121 0.1351 0.1462
7155 0.3387 0.3652 0.2121 0.5081 0.1266 0.1531
7160 0.3512 0.3612 0.2197 0.5073 0.1315 0.1415
7165 0.3561 0.3534 0.2185 0.5090 0.1376 0.1348
7170 0.3558 0.3372 0.2130 0.5200 0.1428 0.1242
7175 0.3536 0.3415 0.2184 0.5233 0.1352 0.1231
7180 0.3440 0.3306 0.2107 0.5360 0.1333 0.1199
7185 0.3359 0.3200 0.2046 0.5487 0.1313 0.1154
7190 0.3419 0.3281 0.2039 0.5339 0.1380 0.1242
7195 0.3549 0.3325 0.2112 0.5238 0.1437 0.1213
7200 0.3541 0.3363 0.2158 0.5253 0.1384 0.1206
7205 0.3611 0.3443 0.2221 0.5167 0.1390 0.1222
7210 0.3609 0.3469 0.2178 0.5099 0.1432 0.1292
7215 0.3540 0.3524 0.2198 0.5134 0.1342 0.1326
7220 0.3520 0.3493 0.2178 0.5165 0.1342 0.1315
7225 0.3364 0.3614 0.2223 0.5244 0.1141 0.1391
7230 0.3396 0.3545 0.2226 0.5285 0.1170 0.1319
7235 0.3330 0.3507 0.2166 0.5329 0.1164 0.1341
7240 0.3247 0.3444 0.2062 0.5371 0.1185 0.1382
7245 0.3270 0.3452 0.2127 0.5406 0.1143 0.1324
7250 0.3260 0.3435 0.2075 0.5381 0.1184 0.1360
7255 0.3272 0.3450 0.2030 0.5307 0.1242 0.1420
7260 0.3323 0.3346 0.2001 0.5333 0.1322 0.1345
7265 0.3330 0.3400 0.2030 0.5300 0.1300 0.1370
7270 0.3370 0.3391 0.2098 0.5338 0.1271 0.1293
7275 0.3392 0.3439 0.2099 0.5268 0.1293 0.1339
7280 0.3296 0.3467 0.2058 0.5295 0.1238 0.1409
7285 0.3252 0.3420 0.2030 0.5358 0.1222 0.1390
7290 0.3263 0.3339 0.1980 0.5377 0.1284 0.1360
7295 0.3349 0.3296 0.2041 0.5396 0.1308 0.1255
7300 0.3348 0.3242 0.2033 0.5442 0.1315 0.1209
7305 0.3435 0.3216 0.2049 0.5398 0.1386 0.1167
7310 0.3515 0.3247 0.2093 0.5331 0.1422 0.1154
7315 0.3452 0.3222 0.2057 0.5383 0.1395 0.1165
7320 0.3378 0.3186 0.1998 0.5434 0.1380 0.1188
7325 0.3333 0.3150 0.1964 0.5482 0.1369 0.1185
7330 0.3439 0.3137 0.2029 0.5453 0.1410 0.1108
7335 0.3407 0.3205 0.2052 0.5439 0.1356 0.1154
7340 0.3469 0.3193 0.2048 0.5386 0.1422 0.1145
7345 0.3525 0.3136 0.2101 0.5440 0.1424 0.1035
7350 0.3556 0.3194 0.2110 0.5359 0.1447 0.1084
7355 0.3580 0.3255 0.2093 0.5258 0.1487 0.1161
7360 0.3597 0.3166 0.2098 0.5335 0.1499 0.1068
7365 0.3584 0.3257 0.2123 0.5282 0.1461 0.1134
7370 0.3577 0.3263 0.2097 0.5257 0.1480 0.1167
7375 0.3436 0.3330 0.2021 0.5254 0.1415 0.1309
7380 0.3405 0.3332 0.2033 0.5296 0.1372 0.1299
7385 0.3391 0.3386 0.2058 0.5281 0.1333 0.1328
7390 0.3444 0.3387 0.2091 0.5259 0.1353 0.1297
7395 0.3497 0.3348 0.2017 0.5172 0.1480 0.1331
7400 0.3453 0.3386 0.2048 0.5209 0.1405 0.1338
7405 0.3334 0.3397 0.2044 0.5312 0.1290 0.1353
7410 0.3416 0.3382 0.2129 0.5330 0.1288 0.1254
7415 0.3328 0.3391 0.2130 0.5411 0.1198 0.1261
7420 0.3443 0.3411 0.2231 0.5377 0.1212 0.1180
7425 0.3445 0.3286 0.2193 0.5461 0.1252 0.1093
7430 0.3472 0.3423 0.2121 0.5227 0.1351 0.1302
7435 0.3483 0.3448 0.2130 0.5199 0.1353 0.1318
7440 0.3404 0.3377 0.2062 0.5281 0.1342 0.1315
7445 0.3301 0.3327 0.1969 0.5341 0.1332 0.1357
7450 0.3290 0.3315 0.1918 0.5312 0.1372 0.1398
7455 0.3373 0.3317 0.1914 0.5224 0.1459 0.1403
7460 0.3310 0.3332 0.1951 0.5309 0.1360 0.1381
7465 0.3368 0.3395 0.2010 0.5247 0.1358 0.1385
7470 0.3412 0.3282 0.1992 0.5297 0.1420 0.1290
7475 0.3500 0.3295 0.2011 0.5217 0.1488 0.1284
7480 0.3434 0.3296 0.2011 0.5281 0.1423 0.1285
7485 0.3453 0.3295 0.2073 0.5325 0.1380 0.1222
7490 0.3407 0.3313 0.2052 0.5331 0.1356 0.1261
7495 0.3454 0.3362 0.2161 0.5345 0.1293 0.1201
7500 0.3502 0.3380 0.2151 0.5270 0.1351 0.1228
7505 0.3476 0.3425 0.2169 0.5268 0.1307 0.1256
7510 0.3454 0.3381 0.2154 0.5319 0.1300 0.1227
7515 0.3354 0.3314 0.2020 0.5352 0.1334 0.1294
7520 0.3397 0.3390 0.2041 0.5254 0.1356 0.1348
7525 0.3454 0.3356 0.2006 0.5196 0.1448 0.1350
7530 0.3399 0.3390 0.1956 0.5167 0.1443 0.1434
7535 0.3491 0.3382 0.1968 0.5095 0.1523 0.1414
7540 0.3496 0.3399 0.2055 0.5161 0.1440 0.1343
7545 0.3410 0.3459 0.2068 0.5199 0.1342 0.1391
7550 0.3317 0.3479 0.2024 0.5228 0.1293 0.1456
7555 0.3234 0.3580 0.2044 0.5229 0.1191 0.1536
7560 0.3232 0.3584 0.1952 0.5136 0.1280 0.1632
7565 0.3183 0.3529 0.1904 0.5193 0.1279 0.1625
7570 0.3180 0.3525 0.1953 0.5248 0.1227 0.1572
7575 0.3115 0.3502 0.1880 0.5263 0.1235 0.1622
7580 0.3144 0.3511 0.1949 0.5295 0.1194 0.1562
7585 0.3166 0.3525 0.1927 0.5235 0.1240 0.1598
7590 0.3193 0.3555 0.1974 0.5227 0.1218 0.1581
7595 0.3339 0.3511 0.1996 0.5146 0.1343 0.1515
7600 0.3317 0.3524 0.2030 0.5190 0.1286 0.1493
7605 0.3387 0.3491 0.2043 0.5165 0.1345 0.1448
7610 0.3367 0.3478 0.2048 0.5203 0.1319 0.1430
7615 0.3349 0.3506 0.2036 0.5181 0.1313 0.1470
7620 0.3333 0.3473 0.2058 0.5252 0.1275 0.1415
7625 0.3356 0.3450 0.2058 0.5252 0.1298 0.1393
7630 0.3334 0.3436 0.2106 0.5335 0.1228 0.1331
7635 0.3459 0.3448 0.2118 0.5211 0.1341 0.1329
7640 0.3481 0.3416 0.2103 0.5206 0.1377 0.1313
7645 0.3555 0.3445 0.2122 0.5122 0.1433 0.1323
7650 0.3602 0.3484 0.2164 0.5078 0.1438 0.1321
7655 0.3584 0.3420 0.2105 0.5100 0.1480 0.1315
7660 0.3508 0.3342 0.1986 0.5136 0.1523 0.1356
7665 0.3394 0.3194 0.1930 0.5343 0.1463 0.1264
7670 0.3335 0.3096 0.1815 0.5384 0.1520 0.1280
7675 0.3406 0.3065 0.1889 0.5417 0.1517 0.1177
7680 0.3363 0.3173 0.1935 0.5400 0.1428 0.1237
7685 0.3407 0.3164 0.2026 0.5455 0.1381 0.1137
7690 0.3400 0.3147 0.1971 0.5424 0.1429 0.1177
7695 0.3382 0.3106 0.1952 0.5464 0.1430 0.1154
7700 0.3381 0.2988 0.1858 0.5489 0.1523 0.1130
7705 0.3455 0.2954 0.1837 0.5427 0.1618 0.1117
7710 0.3368 0.3022 0.1847 0.5456 0.1521 0.1175
7715 0.3251 0.3109 0.1921 0.5561 0.1329 0.1188
7720 0.3247 0.3069 0.1940 0.5624 0.1307 0.1129
7725 0.3270 0.3106 0.1976 0.5600 0.1294 0.1130
7730 0.3174 0.3128 0.1958 0.5656 0.1216 0.1170
7735 0.3189 0.3193 0.1930 0.5549 0.1259 0.1262
7740 0.3262 0.3147 0.1928 0.5518 0.1334 0.1220
7745 0.3324 0.3053 0.1901 0.5525 0.1423 0.1151
7750 0.3412 0.2905 0.1881 0.5564 0.1531 0.1024
7755 0.3414 0.2900 0.1899 0.5585 0.1515 0.1001
7760 0.3344 0.2990 0.1909 0.5575 0.1435 0.1081
7765 0.3464 0.3054 0.2012 0.5494 0.1452 0.1042
7770 0.3479 0.3150 0.2041 0.5412 0.1438 0.1108
7775 0.3513 0.3043 0.1968 0.5412 0.1545 0.1074
7780 0.3501 0.3069 0.1968 0.5398 0.1533 0.1101
7785 0.3561 0.2992 0.1990 0.5436 0.1572 0.1002
7790 0.3458 0.3085 0.1996 0.5453 0.1462 0.1090
7795 0.3444 0.3118 0.1986 0.5424 0.1458 0.1132
7800 0.3420 0.3150 0.2036 0.5466 0.1384 0.1113
7805 0.3285 0.3239 0.2074 0.5550 0.1211 0.1165
7810 0.3217 0.3324 0.2110 0.5569 0.1107 0.1214
7815 0.3267 0.3340 0.2149 0.5541 0.1119 0.1192
7820 0.3334 0.3356 0.2174 0.5484 0.1160 0.1182
7825 0.3349 0.3372 0.2187 0.5465 0.1163 0.1185
7830 0.3344 0.3305 0.2211 0.5561 0.1134 0.1095
7835 0.3375 0.3347 0.2188 0.5466 0.1187 0.1159
7840 0.3323 0.3415 0.2179 0.5441 0.1144 0.1236
7845 0.3247 0.3478 0.2179 0.5454 0.1068 0.1299
7850 0.3218 0.3486 0.2173 0.5469 0.1045 0.1313
7855 0.3246 0.3637 0.2271 0.5388 0.0975 0.1366
7860 0.3358 0.3558 0.2294 0.5378 0.1064 0.1264
7865 0.3346 0.3577 0.2248 0.5326 0.1097 0.1328
7870 0.3390 0.3590 0.2218 0.5238 0.1172 0.1372
7875 0.3392 0.3542 0.2171 0.5237 0.1221 0.1371
7880 0.3272 0.3492 0.2091 0.5326 0.1182 0.1401
7885 0.3300 0.3496 0.2113 0.5318 0.1187 0.1382
7890 0.3337 0.3483 0.2103 0.5283 0.1233 0.1380
7895 0.3356 0.3473 0.2111 0.5282 0.1245 0.1362
7900 0.3407 0.3474 0.2158 0.5276 0.1250 0.1317
7905 0.3370 0.3525 0.2155 0.5261 0.1214 0.1370
7910 0.3383 0.3489 0.2163 0.5290 0.1221 0.1327
7915 0.3253 0.3497 0.2106 0.5355 0.1148 0.1391
7920 0.3198 0.3549 0.2068 0.5321 0.1130 0.1481
7925 0.3208 0.3477 0.2078 0.5393 0.1130 0.1399
7930 0.3306 0.3491 0.2118 0.5321 0.1188 0.1372
7935 0.3322 0.3454 0.2091 0.5315 0.1231 0.1363
7940 0.3423 0.3459 0.2110 0.5228 0.1313 0.1350
7945 0.3502 0.3434 0.2092 0.5156 0.1410 0.1342
7950 0.3476 0.3363 0.2022 0.5184 0.1453 0.1341
7955 0.3555 0.3338 0.2102 0.5209 0.1453 0.1236
7960 0.3544 0.3435 0.2151 0.5172 0.1393 0.1284
7965 0.3512 0.3318 0.2039 0.5209 0.1473 0.1279
7970 0.3486 0.3242 0.2041 0.5314 0.1444 0.1201
7975 0.3570 0.3190 0.1951 0.5190 0.1620 0.1240
7980 0.3497 0.3165 0.1957 0.5295 0.1540 0.1208
7985 0.3529 0.3229 0.1899 0.5141 0.1630 0.1331
7990 0.3474 0.3233 0.1954 0.5247 0.1520 0.1279
7995 0.3497 0.3265 0.1932 0.5170 0.1565 0.1333
