2000 0.3678 0.3442 0.1853 0.4734 0.1824 0.1588
2005 0.3652 0.3461 0.1940 0.4827 0.1712 0.1521
2010 0.3658 0.3499 0.1940 0.4783 0.1718 0.1559
2015 0.3646 0.3522 0.1994 0.4825 0.1652 0.1529
2020 0.3670 0.3754 0.2112 0.4688 0.1558 0.1642
2025 0.3786 0.3567 0.1983 0.4630 0.1803 0.1584
2030 0.4030 0.3467 0.2004 0.4507 0.2026 0.1463
2035 0.4318 0.3583 0.2224 0.4323 0.2094 0.1360
2040 0.4300 0.3477 0.2288 0.4512 0.2012 0.1189
2045 0.4198 0.3452 0.2347 0.4697 0.1850 0.1105
2050 0.4048 0.3259 0.2254 0.4947 0.1794 0.1004
2055 0.3928 0.3297 0.2219 0.4995 0.1709 0.1078
2060 0.3916 0.3461 0.2170 0.4793 0.1745 0.1291
2065 0.3824 0.3368 0.2035 0.4842 0.1789 0.1334
2070 0.3638 0.3442 0.1856 0.4777 0.1782 0.1585
2075 0.3567 0.3455 0.1722 0.4701 0.1844 0.1733
2080 0.3675 0.3556 0.1808 0.4577 0.1867 0.1748
2085 0.3967 0.3416 0.2015 0.4632 0.1952 0.1401
2090 0.4082 0.3272 0.2128 0.4774 0.1954 0.1145
2095 0.4181 0.3449 0.2221 0.4591 0.1960 0.1228
2100 0.4135 0.3624 0.2295 0.4536 0.1840 0.1329
2105 0.4185 0.3798 0.2358 0.4374 0.1827 0.1440
2110 0.4094 0.3844 0.2384 0.4446 0.1710 0.1460
2115 0.4114 0.3794 0.2398 0.4490 0.1716 0.1396
2120 0.3975 0.3804 0.2263 0.4484 0.1712 0.1541
2125 0.3687 0.3818 0.2131 0.4626 0.1556 0.1687
2130 0.3681 0.3582 0.1939 0.4676 0.1742 0.1643
2135 0.3733 0.3541 0.1957 0.4684 0.1776 0.1584
2140 0.3801 0.3391 0.1923 0.4731 0.1878 0.1468
2145 0.3884 0.3376 0.1998 0.4739 0.1885 0.1378
2150 0.3847 0.3353 0.2039 0.4839 0.1808 0.1314
2155 0.3820 0.3394 0.2091 0.4877 0.1728 0.1303
2160 0.3781 0.3487 0.2189 0.4920 0.1593 0.1299
2165 0.3684 0.3371 0.1948 0.4893 0.1736 0.1424
2170 0.3865 0.3341 0.1984 0.4778 0.1881 0.1357
2175 0.3826 0.3292 0.1927 0.4809 0.1899 0.1366
2180 0.3911 0.3242 0.1986 0.4833 0.1925 0.1256
2185 0.3829 0.3158 0.1998 0.5011 0.1831 0.1160
2190 0.3899 0.3259 0.2205 0.5048 0.1693 0.1053
2195 0.3842 0.3391 0.2202 0.4969 0.1640 0.1189
2200 0.3938 0.3554 0.2236 0.4743 0.1702 0.1318
2205 0.4111 0.3515 0.2209 0.4583 0.1902 0.1306
2210 0.3852 0.3475 0.2105 0.4778 0.1747 0.1370
2215 0.3632 0.3457 0.2120 0.5031 0.1512 0.1337
2220 0.3571 0.3347 0.2035 0.5117 0.1536 0.1312
2225 0.3660 0.3510 0.2216 0.5046 0.1443 0.1294
2230 0.3786 0.3714 0.2277 0.4777 0.1509 0.1437
2235 0.3833 0.3733 0.2151 0.4585 0.1683 0.1582
2240 0.3906 0.3810 0.2090 0.4373 0.1817 0.1721
2245 0.3838 0.3897 0.2195 0.4460 0.1643 0.1702
2250 0.3876 0.3757 0.2148 0.4515 0.1728 0.1610
2255 0.3664 0.3763 0.2105 0.4678 0.1559 0.1658
2260 0.3693 0.3573 0.1994 0.4728 0.1699 0.1579
2265 0.3692 0.3570 0.1962 0.4701 0.1730 0.1608
2270 0.3928 0.3304 0.1966 0.4734 0.1962 0.1338
2275 0.3943 0.3437 0.2216 0.4836 0.1727 0.1221
2280 0.3731 0.3495 0.2247 0.5021 0.1485 0.1248
2285 0.3798 0.3771 0.2414 0.4845 0.1384 0.1357
2290 0.3698 0.3746 0.2254 0.4810 0.1443 0.1492
2295 0.3649 0.3891 0.2256 0.4716 0.1393 0.1635
2300 0.3708 0.3797 0.2291 0.4786 0.1417 0.1506
2305 0.3736 0.3670 0.2268 0.4862 0.1468 0.1402
2310 0.3781 0.3653 0.2260 0.4825 0.1521 0.1393
2315 0.3637 0.3451 0.2080 0.4993 0.1556 0.1370
2320 0.3489 0.3374 0.2074 0.5211 0.1414 0.1300
2325 0.3560 0.3339 0.2004 0.5104 0.1556 0.1335
2330 0.3632 0.3350 0.2079 0.5097 0.1553 0.1271
2335 0.3687 0.3484 0.2146 0.4975 0.1541 0.1338
2340 0.3752 0.3487 0.2154 0.4914 0.1599 0.1334
2345 0.3797 0.3498 0.2297 0.5002 0.1500 0.1201
2350 0.3720 0.3350 0.2239 0.5168 0.1481 0.1111
2355 0.3765 0.3128 0.2122 0.5229 0.1643 0.1006
2360 0.3934 0.3196 0.2309 0.5179 0.1625 0.0887
2365 0.3951 0.3245 0.2326 0.5130 0.1625 0.0919
2370 0.3708 0.3283 0.2294 0.5303 0.1414 0.0989
2375 0.3858 0.3274 0.2279 0.5147 0.1579 0.0995
2380 0.3809 0.3493 0.2393 0.5091 0.1416 0.1100
2385 0.3945 0.3496 0.2353 0.4912 0.1591 0.1143
2390 0.3973 0.3544 0.2387 0.4870 0.1587 0.1157
2395 0.3810 0.3631 0.2315 0.4874 0.1495 0.1315
2400 0.3629 0.3653 0.2190 0.4908 0.1439 0.1463
2405 0.3393 0.3516 0.2080 0.5171 0.1312 0.1436
2410 0.3570 0.3314 0.2131 0.5248 0.1439 0.1183
2415 0.3711 0.3364 0.2164 0.5089 0.1547 0.1200
2420 0.3838 0.3333 0.2330 0.5159 0.1507 0.1003
2425 0.3999 0.3449 0.2452 0.5004 0.1547 0.0997
2430 0.3852 0.3568 0.2417 0.4998 0.1434 0.1151
2435 0.3698 0.3557 0.2327 0.5072 0.1370 0.1230
2440 0.3675 0.3452 0.2175 0.5048 0.1500 0.1277
2445 0.3720 0.3317 0.2119 0.5082 0.1602 0.1198
2450 0.3629 0.3390 0.2122 0.5103 0.1507 0.1268
2455 0.3632 0.3370 0.2160 0.5158 0.1472 0.1210
2460 0.3591 0.3437 0.2239 0.5211 0.1352 0.1198
2465 0.3815 0.3443 0.2308 0.5050 0.1507 0.1135
2470 0.3909 0.3550 0.2388 0.4929 0.1521 0.1161
2475 0.3780 0.3676 0.2300 0.4844 0.1480 0.1376
2480 0.3746 0.3772 0.2324 0.4806 0.1422 0.1448
2485 0.3647 0.3711 0.2280 0.4922 0.1367 0.1431
2490 0.3542 0.3656 0.2289 0.5091 0.1253 0.1367
2495 0.3576 0.3745 0.2291 0.4970 0.1285 0.1454
2500 0.3455 0.3510 0.2108 0.5143 0.1347 0.1402
2505 0.3536 0.3411 0.2169 0.5222 0.1367 0.1242
2510 0.3646 0.3574 0.2248 0.5028 0.1398 0.1326
2515 0.3557 0.3570 0.2195 0.5068 0.1363 0.1375
2520 0.3717 0.3623 0.2260 0.4920 0.1457 0.1363
2525 0.3675 0.3784 0.2364 0.4905 0.1311 0.1421
2530 0.3547 0.3926 0.2311 0.4838 0.1236 0.1616
2535 0.3406 0.3977 0.2337 0.4954 0.1070 0.1640
2540 0.3368 0.3816 0.2210 0.5025 0.1158 0.1606
2545 0.3606 0.3658 0.2346 0.5082 0.1260 0.1312
2550 0.3672 0.3595 0.2301 0.5034 0.1370 0.1294
2555 0.3725 0.3458 0.2205 0.5022 0.1520 0.1253
2560 0.3931 0.3388 0.2163 0.4844 0.1768 0.1225
2565 0.3882 0.3544 0.2195 0.4769 0.1687 0.1349
2570 0.3800 0.3809 0.2269 0.4661 0.1530 0.1539
2575 0.3775 0.3874 0.2247 0.4597 0.1529 0.1628
2580 0.3743 0.3858 0.2410 0.4809 0.1334 0.1448
2585 0.3541 0.3717 0.2297 0.5039 0.1244 0.1421
2590 0.3627 0.3929 0.2451 0.4894 0.1177 0.1478
2595 0.3519 0.3850 0.2445 0.5075 0.1075 0.1405
2600 0.3582 0.3874 0.2431 0.4975 0.1151 0.1443
2605 0.3535 0.3867 0.2468 0.5066 0.1067 0.1399
2610 0.3641 0.3679 0.2413 0.5092 0.1228 0.1267
2615 0.3678 0.3528 0.2237 0.5031 0.1440 0.1291
2620 0.3643 0.3519 0.2201 0.5039 0.1442 0.1318
2625 0.3751 0.3342 0.2094 0.5001 0.1657 0.1248
2630 0.3847 0.3224 0.2056 0.4986 0.1791 0.1168
2635 0.3751 0.3242 0.2096 0.5103 0.1655 0.1146
2640 0.3919 0.3458 0.2416 0.5039 0.1503 0.1043
2645 0.3765 0.3673 0.2344 0.4906 0.1421 0.1329
2650 0.3967 0.3813 0.2495 0.4714 0.1472 0.1318
2655 0.4021 0.3730 0.2501 0.4751 0.1520 0.1228
2660 0.4012 0.3757 0.2532 0.4763 0.1480 0.1225
2665 0.3970 0.3724 0.2506 0.4812 0.1465 0.1218
2670 0.4012 0.3504 0.2347 0.4832 0.1664 0.1157
2675 0.3847 0.3533 0.2277 0.4897 0.1570 0.1256
2680 0.3865 0.3615 0.2309 0.4829 0.1556 0.1306
2685 0.4102 0.3641 0.2369 0.4626 0.1733 0.1273
2690 0.4162 0.3781 0.2554 0.4611 0.1608 0.1227
2695 0.4236 0.3748 0.2518 0.4534 0.1718 0.1230
2700 0.3946 0.3560 0.2498 0.4992 0.1448 0.1062
2705 0.3914 0.3641 0.2477 0.4922 0.1437 0.1164
2710 0.3903 0.3707 0.2507 0.4897 0.1396 0.1200
2715 0.4013 0.3591 0.2605 0.5001 0.1408 0.0986
2720 0.3993 0.3754 0.2708 0.4961 0.1285 0.1046
2725 0.4045 0.3722 0.2634 0.4867 0.1411 0.1088
2730 0.3986 0.3836 0.2658 0.4836 0.1328 0.1178
2735 0.3853 0.3923 0.2468 0.4691 0.1385 0.1456
2740 0.3583 0.3943 0.2375 0.4848 0.1209 0.1568
2745 0.3400 0.4053 0.2358 0.4905 0.1043 0.1695
2750 0.3506 0.4114 0.2408 0.4789 0.1097 0.1706
2755 0.3774 0.3993 0.2597 0.4830 0.1177 0.1396
2760 0.4044 0.3881 0.2647 0.4723 0.1396 0.1233
2765 0.4095 0.3652 0.2571 0.4824 0.1524 0.1081
2770 0.3845 0.3503 0.2242 0.4894 0.1603 0.1260
2775 0.3911 0.3634 0.2326 0.4781 0.1585 0.1308
2780 0.3752 0.3679 0.2300 0.4868 0.1453 0.1379
2785 0.3661 0.3690 0.2279 0.4928 0.1382 0.1411
2790 0.3574 0.3757 0.2326 0.4995 0.1248 0.1431
2795 0.3448 0.3641 0.2244 0.5155 0.1204 0.1398
2800 0.3484 0.3359 0.2236 0.5392 0.1248 0.1123
2805 0.3507 0.3307 0.2183 0.5368 0.1324 0.1125
2810 0.3489 0.3300 0.2210 0.5421 0.1279 0.1090
2815 0.3682 0.3285 0.2186 0.5219 0.1497 0.1099
2820 0.3923 0.3236 0.2245 0.5086 0.1678 0.0991
2825 0.4016 0.3314 0.2271 0.4941 0.1745 0.1043
2830 0.3862 0.3469 0.2286 0.4955 0.1576 0.1183
2835 0.3893 0.3516 0.2280 0.4871 0.1613 0.1236
2840 0.3804 0.3439 0.2289 0.5046 0.1515 0.1149
2845 0.3778 0.3522 0.2332 0.5031 0.1446 0.1190
2850 0.3867 0.3579 0.2359 0.4914 0.1507 0.1219
2855 0.3853 0.3513 0.2365 0.4999 0.1488 0.1148
2860 0.3621 0.3818 0.2376 0.4937 0.1245 0.1442
2865 0.3789 0.3845 0.2419 0.4784 0.1370 0.1427
2870 0.3922 0.3903 0.2466 0.4641 0.1456 0.1437
2875 0.3955 0.3890 0.2425 0.4580 0.1530 0.1465
2880 0.3801 0.3929 0.2256 0.4525 0.1545 0.1674
2885 0.3943 0.3827 0.2251 0.4481 0.1692 0.1576
2890 0.3909 0.3714 0.2084 0.4460 0.1826 0.1631
2895 0.3973 0.3571 0.2074 0.4530 0.1899 0.1497
2900 0.3938 0.3576 0.1989 0.4475 0.1949 0.1587
2905 0.3960 0.3632 0.2080 0.4489 0.1879 0.1552
2910 0.3807 0.3759 0.2175 0.4609 0.1632 0.1584
2915 0.3681 0.3717 0.2219 0.4821 0.1462 0.1498
2920 0.3493 0.3734 0.2192 0.4964 0.1302 0.1542
2925 0.3623 0.3871 0.2288 0.4793 0.1335 0.1584
2930 0.3559 0.3945 0.2204 0.4701 0.1355 0.1741
2935 0.3608 0.3993 0.2256 0.4655 0.1352 0.1738
2940 0.3673 0.4091 0.2414 0.4650 0.1259 0.1677
2945 0.3629 0.3957 0.2253 0.4667 0.1376 0.1704
2950 0.3809 0.3906 0.2335 0.4620 0.1474 0.1571
2955 0.3928 0.3771 0.2285 0.4586 0.1643 0.1486
2960 0.4002 0.3852 0.2373 0.4519 0.1629 0.1478
2965 0.3919 0.3574 0.2094 0.4601 0.1824 0.1480
2970 0.3788 0.3486 0.2055 0.4781 0.1733 0.1431
2975 0.3928 0.3446 0.2036 0.4662 0.1891 0.1410
2980 0.3954 0.3589 0.1997 0.4454 0.1957 0.1593
2985 0.3801 0.3685 0.1984 0.4498 0.1817 0.1701
2990 0.3784 0.3664 0.1962 0.4513 0.1823 0.1702
2995 0.3810 0.3681 0.1940 0.4449 0.1870 0.1741
