0 0.0000 0.0000 0.0000 1.0000 0.0000 0.0000
5 0.0000 0.0000 0.0000 1.0000 0.0000 0.0000
10 0.0000 0.0000 0.0000 1.0000 0.0000 0.0000
15 0.0000 0.0000 0.0000 1.0000 0.0000 0.0000
20 0.0000 0.0000 0.0000 1.0000 0.0000 0.0000
25 0.0010 0.0000 0.0000 0.9990 0.0010 0.0000
30 0.0060 0.0068 0.0000 0.9872 0.0060 0.0068
35 0.0080 0.0150 0.0000 0.9771 0.0080 0.0150
40 0.0165 0.0155 0.0000 0.9680 0.0165 0.0155
45 0.0273 0.0233 0.0000 0.9494 0.0273 0.0233
50 0.0342 0.0248 0.0001 0.9412 0.0341 0.0246
55 0.0519 0.0327 0.0037 0.9191 0.0482 0.0290
60 0.0545 0.0476 0.0083 0.9063 0.0461 0.0392
65 0.0546 0.0464 0.0110 0.9100 0.0436 0.0354
70 0.0552 0.0488 0.0105 0.9065 0.0447 0.0383
75 0.0553 0.0541 0.0123 0.9029 0.0430 0.0418
80 0.0588 0.0507 0.0093 0.8998 0.0495 0.0414
85 0.0700 0.0496 0.0123 0.8926 0.0577 0.0373
90 0.0775 0.0511 0.0103 0.8817 0.0673 0.0408
95 0.0827 0.0612 0.0115 0.8675 0.0712 0.0498
100 0.0839 0.0658 0.0110 0.8612 0.0729 0.0548
105 0.0784 0.0715 0.0114 0.8615 0.0670 0.0601
110 0.0768 0.0670 0.0099 0.8661 0.0669 0.0571
115 0.0809 0.0664 0.0121 0.8648 0.0688 0.0543
120 0.0802 0.0653 0.0123 0.8668 0.0679 0.0530
125 0.0828 0.0624 0.0100 0.8648 0.0728 0.0524
130 0.0868 0.0661 0.0087 0.8558 0.0781 0.0574
135 0.0890 0.0769 0.0109 0.8449 0.0781 0.0661
140 0.0961 0.0879 0.0169 0.8329 0.0792 0.0710
145 0.1049 0.0938 0.0179 0.8191 0.0871 0.0760
150 0.1109 0.0865 0.0174 0.8201 0.0935 0.0691
155 0.1123 0.0888 0.0227 0.8216 0.0896 0.0661
160 0.1164 0.0889 0.0269 0.8216 0.0895 0.0619
165 0.1127 0.0913 0.0312 0.8272 0.0815 0.0601
170 0.1173 0.1167 0.0516 0.8177 0.0657 0.0651
175 0.1223 0.1239 0.0593 0.8131 0.0630 0.0646
180 0.1179 0.1260 0.0564 0.8126 0.0615 0.0696
185 0.1145 0.1203 0.0472 0.8125 0.0673 0.0731
190 0.1133 0.1163 0.0378 0.8082 0.0755 0.0785
195 0.1109 0.1206 0.0406 0.8091 0.0703 0.0801
200 0.1121 0.1153 0.0414 0.8140 0.0706 0.0739
205 0.1138 0.1199 0.0409 0.8073 0.0728 0.0790
210 0.1200 0.1140 0.0379 0.8039 0.0821 0.0761
215 0.1226 0.1130 0.0371 0.8015 0.0855 0.0760
220 0.1243 0.1134 0.0349 0.7972 0.0894 0.0785
225 0.1261 0.1052 0.0327 0.8015 0.0933 0.0725
230 0.1282 0.1012 0.0399 0.8104 0.0884 0.0613
235 0.1291 0.1039 0.0403 0.8074 0.0888 0.0635
240 0.1292 0.1098 0.0479 0.8090 0.0813 0.0618
245 0.1295 0.1206 0.0485 0.7985 0.0809 0.0721
250 0.1270 0.1222 0.0498 0.8005 0.0773 0.0725
255 0.1284 0.1237 0.0483 0.7963 0.0801 0.0754
260 0.1320 0.1158 0.0438 0.7960 0.0882 0.0720
265 0.1338 0.1152 0.0438 0.7948 0.0900 0.0714
270 0.1272 0.1198 0.0392 0.7923 0.0879 0.0805
275 0.1297 0.1276 0.0409 0.7836 0.0888 0.0867
280 0.1416 0.1247 0.0400 0.7736 0.1017 0.0848
285 0.1423 0.1266 0.0371 0.7683 0.1052 0.0895
290 0.1473 0.1251 0.0402 0.7678 0.1071 0.0849
295 0.1502 0.1284 0.0403 0.7617 0.1099 0.0880
300 0.1600 0.1320 0.0441 0.7521 0.1159 0.0879
305 0.1593 0.1378 0.0453 0.7482 0.1140 0.0925
310 0.1637 0.1320 0.0490 0.7533 0.1147 0.0830
315 0.1631 0.1309 0.0456 0.7516 0.1175 0.0853
320 0.1704 0.1339 0.0553 0.7510 0.1151 0.0786
325 0.1706 0.1369 0.0609 0.7533 0.1098 0.0761
330 0.1668 0.1380 0.0623 0.7575 0.1045 0.0757
335 0.1739 0.1362 0.0628 0.7527 0.1111 0.0734
340 0.1747 0.1367 0.0642 0.7528 0.1105 0.0725
345 0.1790 0.1448 0.0657 0.7419 0.1133 0.0791
350 0.1714 0.1470 0.0656 0.7473 0.1058 0.0814
355 0.1671 0.1436 0.0616 0.7509 0.1055 0.0820
360 0.1625 0.1383 0.0530 0.7522 0.1095 0.0853
365 0.1629 0.1386 0.0498 0.7482 0.1132 0.0889
370 0.1652 0.1378 0.0511 0.7481 0.1141 0.0867
375 0.1668 0.1362 0.0489 0.7459 0.1179 0.0873
380 0.1686 0.1488 0.0546 0.7372 0.1140 0.0942
385 0.1676 0.1483 0.0604 0.7445 0.1072 0.0879
390 0.1675 0.1431 0.0571 0.7465 0.1104 0.0860
395 0.1637 0.1508 0.0558 0.7412 0.1080 0.0950
400 0.1693 0.1442 0.0570 0.7435 0.1123 0.0872
405 0.1712 0.1456 0.0549 0.7381 0.1163 0.0907
410 0.1809 0.1461 0.0644 0.7374 0.1165 0.0818
415 0.1807 0.1497 0.0665 0.7361 0.1141 0.0832
420 0.1827 0.1512 0.0665 0.7326 0.1162 0.0847
425 0.1796 0.1544 0.0709 0.7369 0.1087 0.0836
430 0.1791 0.1454 0.0676 0.7431 0.1115 0.0778
435 0.1668 0.1435 0.0629 0.7527 0.1039 0.0805
440 0.1586 0.1436 0.0611 0.7590 0.0975 0.0825
445 0.1570 0.1454 0.0650 0.7626 0.0920 0.0804
450 0.1544 0.1441 0.0610 0.7625 0.0935 0.0831
455 0.1553 0.1372 0.0496 0.7572 0.1057 0.0875
460 0.1543 0.1400 0.0484 0.7541 0.1059 0.0915
465 0.1586 0.1472 0.0506 0.7448 0.1080 0.0966
470 0.1557 0.1542 0.0499 0.7400 0.1058 0.1043
475 0.1578 0.1519 0.0469 0.7371 0.1110 0.1051
480 0.1587 0.1584 0.0539 0.7367 0.1048 0.1046
485 0.1553 0.1589 0.0577 0.7435 0.0976 0.1012
490 0.1619 0.1660 0.0647 0.7367 0.0972 0.1013
495 0.1703 0.1628 0.0650 0.7319 0.1053 0.0978
500 0.1692 0.1548 0.0627 0.7387 0.1065 0.0921
505 0.1769 0.1610 0.0721 0.7342 0.1048 0.0889
510 0.1778 0.1570 0.0616 0.7268 0.1162 0.0954
515 0.1895 0.1594 0.0658 0.7169 0.1237 0.0936
520 0.1966 0.1685 0.0698 0.7047 0.1268 0.0987
525 0.1960 0.1689 0.0673 0.7023 0.1287 0.1017
530 0.2012 0.1712 0.0656 0.6932 0.1356 0.1057
535 0.1989 0.1733 0.0705 0.6983 0.1284 0.1028
540 0.1884 0.1801 0.0752 0.7068 0.1132 0.1048
545 0.1914 0.1822 0.0821 0.7085 0.1093 0.1001
550 0.1955 0.1778 0.0839 0.7107 0.1116 0.0938
555 0.2054 0.1840 0.0930 0.7035 0.1124 0.0911
560 0.2044 0.1862 0.0931 0.7025 0.1113 0.0931
565 0.2031 0.1886 0.0983 0.7066 0.1048 0.0903
570 0.2102 0.1827 0.0911 0.6981 0.1192 0.0917
575 0.2169 0.1780 0.0871 0.6922 0.1298 0.0909
580 0.2085 0.1730 0.0818 0.7002 0.1268 0.0913
585 0.2119 0.1741 0.0784 0.6923 0.1336 0.0958
590 0.2073 0.1786 0.0803 0.6944 0.1270 0.0983
595 0.1993 0.1848 0.0862 0.7022 0.1130 0.0985
600 0.2013 0.1829 0.0862 0.7020 0.1151 0.0967
605 0.2075 0.1866 0.0943 0.7003 0.1132 0.0923
610 0.2050 0.1884 0.0966 0.7032 0.1084 0.0918
615 0.2011 0.1831 0.0976 0.7134 0.1035 0.0855
620 0.2053 0.1689 0.0943 0.7201 0.1110 0.0746
625 0.2020 0.1686 0.0921 0.7215 0.1099 0.0764
630 0.1935 0.1699 0.0917 0.7283 0.1018 0.0783
635 0.1862 0.1682 0.0869 0.7325 0.0993 0.0813
640 0.1938 0.1657 0.0826 0.7231 0.1112 0.0831
645 0.1921 0.1660 0.0822 0.7241 0.1099 0.0838
650 0.1976 0.1698 0.0857 0.7184 0.1118 0.0840
655 0.2048 0.1695 0.0889 0.7145 0.1159 0.0807
660 0.2078 0.1700 0.0863 0.7085 0.1215 0.0837
665 0.2113 0.1691 0.0764 0.6961 0.1349 0.0926
670 0.2131 0.1779 0.0750 0.6840 0.1381 0.1029
675 0.2106 0.1820 0.0850 0.6924 0.1256 0.0970
680 0.2164 0.1879 0.0926 0.6883 0.1238 0.0953
685 0.2158 0.1943 0.0930 0.6829 0.1228 0.1013
690 0.2232 0.1984 0.0983 0.6767 0.1249 0.1001
695 0.2198 0.1904 0.0897 0.6795 0.1301 0.1007
700 0.2189 0.1889 0.0923 0.6845 0.1267 0.0966
705 0.2131 0.1979 0.0885 0.6775 0.1246 0.1094
710 0.2129 0.1924 0.0883 0.6830 0.1246 0.1041
715 0.2131 0.1927 0.0813 0.6754 0.1319 0.1115
720 0.2107 0.1901 0.0807 0.6799 0.1301 0.1094
725 0.2072 0.1964 0.0884 0.6848 0.1188 0.1080
730 0.2185 0.2185 0.1081 0.6712 0.1104 0.1104
735 0.2198 0.2157 0.1095 0.6741 0.1103 0.1061
740 0.2189 0.2203 0.1076 0.6684 0.1113 0.1127
745 0.2166 0.2021 0.0927 0.6740 0.1239 0.1094
750 0.2149 0.1900 0.0857 0.6808 0.1292 0.1042
755 0.2186 0.1902 0.0938 0.6851 0.1247 0.0964
760 0.2234 0.1805 0.0923 0.6883 0.1311 0.0883
765 0.2187 0.1950 0.1028 0.6890 0.1159 0.0923
770 0.2192 0.1924 0.0949 0.6834 0.1243 0.0975
775 0.2261 0.1865 0.0879 0.6754 0.1381 0.0985
780 0.2246 0.1787 0.0831 0.6797 0.1415 0.0956
785 0.2195 0.1751 0.0847 0.6900 0.1349 0.0904
790 0.2185 0.1735 0.0921 0.7002 0.1263 0.0814
795 0.2162 0.1745 0.0917 0.7010 0.1245 0.0828
800 0.2158 0.1723 0.0930 0.7049 0.1228 0.0793
805 0.2220 0.1874 0.1058 0.6964 0.1162 0.0816
810 0.2246 0.1907 0.1014 0.6861 0.1232 0.0892
815 0.2232 0.1973 0.1010 0.6805 0.1222 0.0964
820 0.2174 0.1936 0.0947 0.6837 0.1227 0.0989
825 0.2118 0.1883 0.0942 0.6941 0.1176 0.0941
830 0.2136 0.1823 0.0949 0.6989 0.1187 0.0874
835 0.2151 0.1878 0.0970 0.6941 0.1181 0.0908
840 0.2199 0.1879 0.1004 0.6925 0.1196 0.0875
845 0.2293 0.1890 0.1063 0.6880 0.1231 0.0827
850 0.2323 0.1924 0.1118 0.6871 0.1205 0.0805
855 0.2408 0.2075 0.1264 0.6782 0.1144 0.0810
860 0.2372 0.2094 0.1292 0.6826 0.1080 0.0802
865 0.2322 0.2229 0.1218 0.6667 0.1104 0.1011
870 0.2323 0.2228 0.1208 0.6656 0.1116 0.1020
875 0.2364 0.2199 0.1222 0.6659 0.1142 0.0977
880 0.2375 0.2209 0.1212 0.6628 0.1163 0.0996
885 0.2420 0.2163 0.1275 0.6692 0.1145 0.0888
890 0.2413 0.2113 0.1229 0.6703 0.1183 0.0884
895 0.2323 0.1999 0.1071 0.6749 0.1252 0.0927
900 0.2303 0.2028 0.1008 0.6678 0.1295 0.1019
905 0.2228 0.1971 0.0956 0.6758 0.1272 0.1014
910 0.2162 0.2089 0.0965 0.6714 0.1197 0.1124
915 0.2172 0.2002 0.0947 0.6772 0.1226 0.1055
920 0.2191 0.2111 0.0990 0.6689 0.1200 0.1121
925 0.2280 0.2199 0.1028 0.6549 0.1252 0.1171
930 0.2201 0.2194 0.0954 0.6558 0.1247 0.1240
935 0.2223 0.2117 0.0936 0.6596 0.1287 0.1181
940 0.2273 0.2174 0.0898 0.6452 0.1374 0.1275
945 0.2314 0.2207 0.0900 0.6378 0.1414 0.1308
950 0.2281 0.2226 0.0855 0.6348 0.1426 0.1371
955 0.2244 0.2218 0.0865 0.6403 0.1379 0.1354
960 0.2166 0.2178 0.0778 0.6433 0.1389 0.1401
965 0.2099 0.2186 0.0824 0.6539 0.1275 0.1362
970 0.2149 0.2087 0.0811 0.6575 0.1338 0.1275
975 0.2156 0.2001 0.0836 0.6679 0.1320 0.1165
980 0.2148 0.2000 0.0821 0.6673 0.1327 0.1179
985 0.2112 0.1985 0.0832 0.6735 0.1280 0.1153
990 0.2147 0.2003 0.0874 0.6724 0.1273 0.1129
995 0.2130 0.2002 0.0816 0.6684 0.1314 0.1186
