0 0.2303 0.1576 0.0550 0.6671 0.1753 0.1026
5 0.2317 0.1506 0.0564 0.6741 0.1753 0.0942
10 0.2315 0.1544 0.0537 0.6677 0.1779 0.1007
15 0.2472 0.1923 0.0668 0.6272 0.1805 0.1256
20 0.2783 0.2231 0.0837 0.5822 0.1946 0.1395
25 0.2850 0.2294 0.0921 0.5777 0.1930 0.1373
30 0.3006 0.2333 0.1135 0.5796 0.1870 0.1198
35 0.2948 0.2425 0.1335 0.5963 0.1613 0.1090
40 0.2865 0.2568 0.1285 0.5851 0.1581 0.1283
45 0.2865 0.2757 0.1344 0.5722 0.1521 0.1413
50 0.3199 0.2725 0.1559 0.5635 0.1640 0.1166
55 0.3179 0.3111 0.1739 0.5449 0.1440 0.1372
60 0.3271 0.3082 0.1734 0.5382 0.1536 0.1347
65 0.3143 0.3411 0.1768 0.5214 0.1375 0.1643
70 0.3245 0.3442 0.1873 0.5187 0.1372 0.1568
75 0.3112 0.3393 0.1795 0.5290 0.1317 0.1597
80 0.3181 0.2992 0.1695 0.5522 0.1486 0.1297
85 0.3096 0.2695 0.1626 0.5836 0.1469 0.1068
90 0.3053 0.2529 0.1568 0.5987 0.1485 0.0960
95 0.3070 0.2730 0.1715 0.5915 0.1355 0.1015
100 0.3064 0.2958 0.1791 0.5769 0.1273 0.1168
105 0.3062 0.3085 0.1774 0.5627 0.1288 0.1311
110 0.2961 0.3315 0.1766 0.5490 0.1195 0.1549
115 0.3036 0.3498 0.1864 0.5330 0.1172 0.1634
120 0.2843 0.3516 0.1684 0.5325 0.1158 0.1832
125 0.2858 0.3303 0.1453 0.5292 0.1405 0.1850
130 0.2964 0.3396 0.1545 0.5185 0.1419 0.1850
135 0.2888 0.3426 0.1573 0.5258 0.1315 0.1853
140 0.2894 0.3469 0.1646 0.5283 0.1248 0.1823
145 0.2765 0.3437 0.1553 0.5351 0.1212 0.1884
150 0.2820 0.3123 0.1361 0.5418 0.1459 0.1762
155 0.2660 0.2864 0.1233 0.5709 0.1427 0.1631
160 0.2862 0.2751 0.1248 0.5635 0.1614 0.1503
165 0.2797 0.2722 0.1183 0.5664 0.1614 0.1539
170 0.2966 0.2986 0.1515 0.5563 0.1451 0.1471
175 0.3240 0.2987 0.1597 0.5370 0.1643 0.1390
180 0.3318 0.3150 0.1713 0.5245 0.1605 0.1437
185 0.3224 0.2830 0.1294 0.5240 0.1930 0.1536
190 0.3228 0.2899 0.1285 0.5158 0.1943 0.1614
195 0.3242 0.2734 0.1270 0.5293 0.1972 0.1465
200 0.3138 0.2794 0.1315 0.5383 0.1823 0.1478
205 0.3275 0.2780 0.1483 0.5428 0.1792 0.1297
210 0.3531 0.2551 0.1545 0.5463 0.1986 0.1006
215 0.3820 0.2460 0.1562 0.5283 0.2257 0.0898
220 0.3774 0.2294 0.1401 0.5333 0.2373 0.0893
225 0.3836 0.2222 0.1370 0.5312 0.2466 0.0852
230 0.3923 0.2279 0.1414 0.5213 0.2509 0.0864
235 0.3845 0.2407 0.1436 0.5184 0.2410 0.0971
240 0.3913 0.2629 0.1526 0.4984 0.2387 0.1103
245 0.3678 0.2663 0.1449 0.5109 0.2228 0.1213
250 0.3411 0.2654 0.1370 0.5306 0.2041 0.1283
255 0.3455 0.2658 0.1279 0.5165 0.2176 0.1379
260 0.3216 0.2817 0.1370 0.5338 0.1846 0.1446
265 0.3077 0.2981 0.1419 0.5360 0.1658 0.1562
270 0.3143 0.2977 0.1495 0.5376 0.1648 0.1481
275 0.3288 0.3106 0.1657 0.5263 0.1631 0.1449
280 0.3359 0.3196 0.1808 0.5252 0.1552 0.1389
285 0.3356 0.3268 0.1719 0.5095 0.1637 0.1549
290 0.3631 0.3429 0.1843 0.4783 0.1788 0.1587
295 0.3810 0.3458 0.1792 0.4524 0.2018 0.1666
300 0.3804 0.3535 0.1928 0.4589 0.1876 0.1606
305 0.3762 0.3210 0.1753 0.4781 0.2009 0.1457
310 0.3757 0.3102 0.1739 0.4880 0.2018 0.1363
315 0.3580 0.2843 0.1491 0.5068 0.2090 0.1352
320 0.3725 0.2943 0.1520 0.4851 0.2205 0.1424
325 0.3675 0.2995 0.1506 0.4836 0.2169 0.1489
330 0.3272 0.3006 0.1357 0.5078 0.1916 0.1649
335 0.2873 0.3120 0.1172 0.5179 0.1701 0.1948
340 0.2777 0.3085 0.1321 0.5460 0.1456 0.1763
345 0.2958 0.3439 0.1553 0.5156 0.1405 0.1885
350 0.3242 0.3376 0.1541 0.4923 0.1701 0.1835
355 0.3271 0.3347 0.1422 0.4804 0.1849 0.1925
360 0.3248 0.3297 0.1417 0.4873 0.1831 0.1879
365 0.3166 0.3219 0.1353 0.4969 0.1812 0.1866
370 0.3275 0.3106 0.1370 0.4989 0.1905 0.1736
375 0.3286 0.3041 0.1305 0.4978 0.1981 0.1736
380 0.3131 0.3196 0.1224 0.4897 0.1907 0.1972
385 0.3123 0.3182 0.1213 0.4908 0.1910 0.1969
390 0.3022 0.3163 0.1292 0.5107 0.1730 0.1870
395 0.3129 0.2969 0.1279 0.5181 0.1850 0.1690
400 0.3201 0.2954 0.1414 0.5260 0.1786 0.1539
405 0.3339 0.2716 0.1370 0.5315 0.1969 0.1346
410 0.3283 0.2762 0.1331 0.5286 0.1952 0.1431
415 0.3446 0.2820 0.1398 0.5132 0.2048 0.1422
420 0.3496 0.3314 0.1573 0.4763 0.1923 0.1741
425 0.3510 0.3419 0.1518 0.4589 0.1992 0.1901
430 0.3478 0.3623 0.1683 0.4582 0.1795 0.1940
435 0.3457 0.3434 0.1408 0.4518 0.2048 0.2026
440 0.3446 0.3629 0.1489 0.4414 0.1957 0.2140
445 0.3513 0.3682 0.1515 0.4319 0.1998 0.2167
450 0.3414 0.3533 0.1456 0.4508 0.1959 0.2077
455 0.3399 0.3422 0.1427 0.4606 0.1972 0.1995
460 0.3323 0.3019 0.1267 0.4925 0.2056 0.1753
465 0.3589 0.3036 0.1364 0.4739 0.2225 0.1672
470 0.3815 0.3108 0.1631 0.4708 0.2184 0.1477
475 0.3771 0.3406 0.1818 0.4641 0.1952 0.1588
480 0.3820 0.3615 0.1907 0.4472 0.1913 0.1709
485 0.3987 0.3521 0.1908 0.4400 0.2079 0.1613
490 0.3905 0.3617 0.1916 0.4394 0.1989 0.1701
495 0.4027 0.3458 0.1876 0.4391 0.2151 0.1582
500 0.4018 0.3408 0.1966 0.4540 0.2052 0.1442
505 0.3945 0.3422 0.1934 0.4568 0.2010 0.1488
510 0.3836 0.3522 0.1896 0.4537 0.1940 0.1626
515 0.3745 0.3714 0.1919 0.4460 0.1826 0.1795
520 0.3760 0.3669 0.1768 0.4339 0.1992 0.1901
525 0.3713 0.3835 0.1715 0.4167 0.1998 0.2120
530 0.3757 0.3847 0.1817 0.4213 0.1940 0.2030
535 0.3865 0.3728 0.1827 0.4234 0.2038 0.1901
540 0.4007 0.3763 0.1934 0.4164 0.2073 0.1829
545 0.3876 0.3653 0.1783 0.4254 0.2093 0.1870
550 0.3746 0.3289 0.1542 0.4507 0.2204 0.1747
555 0.3547 0.3192 0.1419 0.4681 0.2128 0.1773
560 0.3486 0.2980 0.1239 0.4774 0.2247 0.1741
565 0.3512 0.3112 0.1289 0.4665 0.2222 0.1823
570 0.3623 0.3161 0.1453 0.4668 0.2170 0.1709
575 0.3419 0.3134 0.1448 0.4896 0.1971 0.1686
580 0.3498 0.2948 0.1326 0.4880 0.2172 0.1622
585 0.3426 0.3140 0.1352 0.4786 0.2074 0.1788
590 0.3336 0.3129 0.1276 0.4810 0.2061 0.1853
595 0.3298 0.3065 0.1193 0.4830 0.2105 0.1872
600 0.3210 0.2936 0.1209 0.5063 0.2001 0.1727
605 0.3195 0.2820 0.1352 0.5338 0.1843 0.1468
610 0.3542 0.2679 0.1453 0.5231 0.2090 0.1227
615 0.3807 0.2811 0.1513 0.4896 0.2294 0.1297
620 0.3989 0.2637 0.1398 0.4772 0.2591 0.1239
625 0.4098 0.2696 0.1497 0.4702 0.2602 0.1200
630 0.4222 0.2577 0.1527 0.4728 0.2695 0.1050
635 0.4374 0.2721 0.1875 0.4780 0.2500 0.0846
640 0.4269 0.2698 0.1855 0.4888 0.2414 0.0843
645 0.4246 0.2844 0.1911 0.4821 0.2335 0.0933
650 0.4108 0.2660 0.1742 0.4975 0.2365 0.0918
655 0.3897 0.2736 0.1646 0.5013 0.2251 0.1090
660 0.3670 0.2838 0.1494 0.4986 0.2176 0.1344
665 0.3460 0.2864 0.1369 0.5045 0.2091 0.1495
670 0.3253 0.2958 0.1424 0.5213 0.1829 0.1535
675 0.3475 0.3164 0.1565 0.4926 0.1910 0.1599
680 0.3641 0.3239 0.1745 0.4865 0.1896 0.1494
685 0.3797 0.3251 0.1655 0.4608 0.2141 0.1596
690 0.3829 0.3192 0.1593 0.4572 0.2236 0.1599
695 0.3704 0.3057 0.1536 0.4775 0.2167 0.1521
700 0.3618 0.2904 0.1422 0.4900 0.2196 0.1481
705 0.3422 0.2977 0.1312 0.4914 0.2109 0.1664
710 0.3515 0.2803 0.1180 0.4862 0.2335 0.1623
715 0.3521 0.2832 0.1352 0.4999 0.2169 0.1480
720 0.3663 0.2876 0.1442 0.4903 0.2221 0.1434
725 0.3573 0.2968 0.1506 0.4966 0.2067 0.1462
730 0.3586 0.3067 0.1542 0.4889 0.2044 0.1524
735 0.3461 0.2939 0.1471 0.5071 0.1991 0.1468
740 0.3507 0.2890 0.1390 0.4993 0.2117 0.1500
745 0.3486 0.2814 0.1317 0.5018 0.2169 0.1497
750 0.3378 0.3074 0.1408 0.4957 0.1969 0.1666
755 0.3454 0.3070 0.1535 0.5011 0.1919 0.1535
760 0.3688 0.3100 0.1545 0.4757 0.2143 0.1555
765 0.3588 0.3161 0.1477 0.4728 0.2111 0.1684
770 0.3705 0.3268 0.1559 0.4586 0.2146 0.1709
775 0.3637 0.3429 0.1757 0.4691 0.1879 0.1672
780 0.3746 0.3310 0.1718 0.4661 0.2029 0.1593
785 0.3685 0.3285 0.1610 0.4640 0.2076 0.1675
790 0.3730 0.3204 0.1663 0.4729 0.2067 0.1541
795 0.3582 0.3329 0.1724 0.4813 0.1858 0.1605
800 0.3292 0.3516 0.1806 0.4998 0.1486 0.1710
805 0.3315 0.3454 0.1846 0.5077 0.1469 0.1608
810 0.3217 0.3509 0.1751 0.5025 0.1466 0.1757
815 0.3300 0.3364 0.1643 0.4979 0.1657 0.1721
820 0.3280 0.3294 0.1610 0.5036 0.1670 0.1684
825 0.3329 0.3396 0.1584 0.4859 0.1745 0.1812
830 0.3237 0.3533 0.1536 0.4766 0.1701 0.1997
835 0.3535 0.3355 0.1606 0.4717 0.1928 0.1748
840 0.3673 0.3458 0.1666 0.4534 0.2007 0.1792
845 0.3792 0.3277 0.1718 0.4649 0.2074 0.1559
850 0.3774 0.3579 0.1870 0.4518 0.1904 0.1709
855 0.3563 0.3477 0.1757 0.4717 0.1806 0.1719
860 0.3460 0.3347 0.1678 0.4871 0.1782 0.1669
865 0.3530 0.3204 0.1670 0.4937 0.1859 0.1533
870 0.3402 0.3118 0.1655 0.5135 0.1747 0.1463
875 0.3535 0.3067 0.1696 0.5095 0.1838 0.1370
880 0.3503 0.3211 0.1861 0.5147 0.1642 0.1350
885 0.3742 0.3349 0.2061 0.4970 0.1681 0.1288
890 0.4079 0.3420 0.2294 0.4795 0.1785 0.1126
895 0.4242 0.3713 0.2535 0.4580 0.1707 0.1178
900 0.4237 0.3609 0.2489 0.4643 0.1748 0.1120
905 0.4425 0.3112 0.2234 0.4697 0.2190 0.0878
910 0.4252 0.3070 0.2169 0.4847 0.2084 0.0901
915 0.4156 0.3088 0.2041 0.4797 0.2116 0.1047
920 0.4217 0.3003 0.1962 0.4742 0.2256 0.1041
925 0.4251 0.3275 0.2070 0.4544 0.2181 0.1206
930 0.4188 0.3329 0.2068 0.4551 0.2120 0.1260
935 0.4063 0.3562 0.2090 0.4464 0.1974 0.1472
940 0.4068 0.3682 0.2103 0.4353 0.1965 0.1579
945 0.3874 0.3403 0.1922 0.4644 0.1952 0.1481
950 0.3815 0.3222 0.1792 0.4755 0.2023 0.1430
955 0.3938 0.3128 0.1814 0.4748 0.2125 0.1314
960 0.3783 0.3097 0.1594 0.4714 0.2189 0.1503
965 0.3786 0.2939 0.1523 0.4798 0.2263 0.1416
970 0.3617 0.3193 0.1545 0.4736 0.2071 0.1648
975 0.3760 0.3129 0.1638 0.4749 0.2122 0.1491
980 0.3724 0.3231 0.1719 0.4765 0.2004 0.1512
985 0.3728 0.3240 0.1702 0.4734 0.2026 0.1538
990 0.3751 0.3282 0.1744 0.4711 0.2007 0.1538
995 0.3784 0.3289 0.1753 0.4679 0.2032 0.1536
