6000 0.4543 0.3763 0.1595 0.3289 0.2948 0.2168
6005 0.4418 0.3660 0.1442 0.3364 0.2976 0.2218
6010 0.4454 0.3699 0.1513 0.3361 0.2941 0.2186
6015 0.4471 0.3229 0.1499 0.3799 0.2973 0.1730
6020 0.4333 0.3521 0.1680 0.3827 0.2652 0.1841
6025 0.4076 0.3606 0.1698 0.4016 0.2378 0.1908
6030 0.4187 0.3916 0.1865 0.3763 0.2321 0.2051
6035 0.4083 0.4030 0.1766 0.3653 0.2318 0.2264
6040 0.4026 0.4211 0.1727 0.3489 0.2300 0.2485
6045 0.3984 0.4172 0.1648 0.3492 0.2335 0.2524
6050 0.3902 0.3977 0.1549 0.3670 0.2353 0.2428
6055 0.3930 0.4044 0.1613 0.3638 0.2318 0.2431
6060 0.3973 0.4354 0.1549 0.3222 0.2424 0.2805
6065 0.3763 0.4539 0.1609 0.3307 0.2154 0.2930
6070 0.3532 0.4550 0.1613 0.3532 0.1919 0.2937
6075 0.3396 0.4258 0.1509 0.3855 0.1887 0.2748
6080 0.3485 0.3984 0.1420 0.3952 0.2065 0.2563
6085 0.3261 0.3863 0.1381 0.4258 0.1880 0.2481
6090 0.3453 0.3496 0.1250 0.4300 0.2204 0.2246
6095 0.3799 0.3265 0.1349 0.4286 0.2449 0.1915
6100 0.3756 0.3140 0.1524 0.4628 0.2232 0.1616
6105 0.3920 0.3229 0.1684 0.4535 0.2236 0.1545
6110 0.3859 0.3339 0.1702 0.4503 0.2157 0.1638
6115 0.3927 0.3546 0.1944 0.4471 0.1983 0.1602
6120 0.4080 0.3927 0.2136 0.4130 0.1944 0.1791
6125 0.4058 0.3799 0.2154 0.4297 0.1905 0.1645
6130 0.3962 0.4176 0.2054 0.3916 0.1908 0.2122
6135 0.3756 0.4062 0.1883 0.4066 0.1873 0.2179
6140 0.3770 0.4105 0.1648 0.3774 0.2122 0.2456
6145 0.3699 0.3624 0.1524 0.4201 0.2175 0.2100
6150 0.3727 0.3610 0.1424 0.4087 0.2303 0.2186
6155 0.3831 0.3905 0.1463 0.3727 0.2367 0.2442
6160 0.3546 0.4044 0.1328 0.3738 0.2218 0.2716
6165 0.4005 0.3991 0.1264 0.3268 0.2741 0.2727
6170 0.3916 0.3923 0.1182 0.3343 0.2734 0.2741
6175 0.4112 0.3941 0.1442 0.3389 0.2670 0.2499
6180 0.4244 0.3670 0.1712 0.3799 0.2531 0.1958
6185 0.4279 0.3435 0.1887 0.4172 0.2392 0.1549
6190 0.4226 0.3653 0.1937 0.4058 0.2289 0.1716
6195 0.4147 0.3806 0.2122 0.4169 0.2026 0.1684
6200 0.3920 0.3902 0.1947 0.4126 0.1972 0.1954
6205 0.4009 0.3852 0.1826 0.3966 0.2182 0.2026
6210 0.4229 0.4183 0.1965 0.3553 0.2264 0.2218
6215 0.4012 0.4215 0.1876 0.3649 0.2136 0.2339
6220 0.3888 0.4393 0.1744 0.3464 0.2143 0.2649
6225 0.3706 0.4144 0.1680 0.3831 0.2026 0.2464
6230 0.3400 0.4272 0.1442 0.3770 0.1958 0.2830
6235 0.3610 0.3831 0.1517 0.4076 0.2093 0.2314
6240 0.3624 0.3841 0.1652 0.4187 0.1972 0.2189
6245 0.3987 0.3802 0.2022 0.4233 0.1965 0.1780
6250 0.3980 0.4073 0.2229 0.4176 0.1752 0.1844
6255 0.3923 0.3898 0.2033 0.4211 0.1890 0.1865
6260 0.4005 0.3848 0.2058 0.4204 0.1947 0.1791
6265 0.4244 0.4158 0.2257 0.3855 0.1986 0.1901
6270 0.4713 0.4162 0.2364 0.3489 0.2350 0.1798
6275 0.4802 0.4073 0.2353 0.3478 0.2449 0.1719
6280 0.4703 0.3877 0.2310 0.3731 0.2392 0.1566
6285 0.4179 0.3888 0.2204 0.4137 0.1976 0.1684
6290 0.4325 0.3649 0.2111 0.4137 0.2214 0.1538
6295 0.4279 0.3677 0.2061 0.4105 0.2218 0.1616
6300 0.4464 0.3546 0.1908 0.3898 0.2556 0.1638
6305 0.4528 0.3663 0.2033 0.3841 0.2496 0.1630
6310 0.4503 0.3631 0.2136 0.4001 0.2367 0.1495
6315 0.4553 0.3784 0.2229 0.3891 0.2325 0.1556
6320 0.4439 0.3774 0.2083 0.3870 0.2357 0.1691
6325 0.4749 0.3756 0.1965 0.3460 0.2784 0.1791
6330 0.4624 0.3567 0.1759 0.3567 0.2866 0.1808
6335 0.4514 0.3702 0.1709 0.3492 0.2805 0.1994
6340 0.4535 0.3784 0.1833 0.3514 0.2702 0.1951
6345 0.4044 0.3895 0.1670 0.3731 0.2375 0.2225
6350 0.3984 0.4080 0.1794 0.3731 0.2189 0.2286
6355 0.3966 0.4090 0.1680 0.3624 0.2286 0.2410
6360 0.4119 0.4126 0.1837 0.3592 0.2282 0.2289
6365 0.4151 0.4158 0.1684 0.3375 0.2467 0.2474
6370 0.4400 0.4322 0.1940 0.3218 0.2460 0.2382
6375 0.4717 0.4244 0.2197 0.3236 0.2520 0.2047
6380 0.4906 0.3948 0.2392 0.3539 0.2513 0.1556
6385 0.4980 0.4183 0.2375 0.3211 0.2606 0.1808
6390 0.4831 0.4411 0.2513 0.3272 0.2318 0.1897
6395 0.4582 0.4511 0.2335 0.3243 0.2246 0.2175
6400 0.4389 0.4333 0.2054 0.3332 0.2335 0.2278
6405 0.4382 0.4272 0.1673 0.3019 0.2709 0.2599
6410 0.4649 0.4162 0.1509 0.2698 0.3140 0.2652
6415 0.4208 0.3909 0.1022 0.2905 0.3186 0.2887
6420 0.4689 0.4130 0.1374 0.2556 0.3314 0.2755
6425 0.4600 0.4208 0.1470 0.2663 0.3129 0.2738
6430 0.4308 0.4831 0.1495 0.2357 0.2812 0.3336
6435 0.4457 0.4952 0.1691 0.2282 0.2766 0.3261
6440 0.4436 0.4938 0.1655 0.2282 0.2780 0.3282
6445 0.4649 0.4810 0.1780 0.2321 0.2869 0.3030
6450 0.4404 0.4357 0.1474 0.2713 0.2930 0.2884
6455 0.4397 0.4528 0.1737 0.2812 0.2659 0.2791
6460 0.4336 0.4397 0.1698 0.2965 0.2638 0.2698
6465 0.4122 0.4251 0.1556 0.3183 0.2567 0.2695
6470 0.4016 0.4315 0.1641 0.3311 0.2375 0.2674
6475 0.3877 0.4372 0.1410 0.3161 0.2467 0.2962
6480 0.4037 0.4329 0.1388 0.3022 0.2649 0.2941
6485 0.3898 0.3934 0.1399 0.3567 0.2499 0.2535
6490 0.3920 0.3923 0.1463 0.3621 0.2456 0.2460
6495 0.4023 0.3578 0.1299 0.3699 0.2723 0.2278
6500 0.4382 0.3521 0.1385 0.3482 0.2998 0.2136
6505 0.4165 0.3257 0.0961 0.3539 0.3204 0.2296
6510 0.4090 0.3261 0.1310 0.3959 0.2780 0.1951
6515 0.3656 0.3222 0.1086 0.4208 0.2570 0.2136
6520 0.3617 0.3275 0.1214 0.4322 0.2403 0.2061
6525 0.3532 0.3553 0.1314 0.4229 0.2218 0.2239
6530 0.3923 0.3581 0.1118 0.3613 0.2805 0.2464
6535 0.3895 0.3585 0.1157 0.3677 0.2738 0.2428
6540 0.3891 0.4016 0.1317 0.3410 0.2574 0.2698
6545 0.4251 0.4204 0.1570 0.3115 0.2681 0.2634
6550 0.4279 0.4300 0.1655 0.3076 0.2624 0.2645
6555 0.4389 0.4297 0.1734 0.3047 0.2656 0.2563
6560 0.4461 0.4297 0.1805 0.3047 0.2656 0.2492
6565 0.4550 0.4055 0.1762 0.3158 0.2787 0.2293
6570 0.4575 0.4019 0.1876 0.3282 0.2698 0.2143
6575 0.4539 0.4073 0.1997 0.3386 0.2542 0.2075
6580 0.4664 0.4069 0.2154 0.3421 0.2510 0.1915
6585 0.4639 0.4233 0.2218 0.3346 0.2421 0.2015
6590 0.4610 0.4656 0.2286 0.3019 0.2325 0.2371
6595 0.4229 0.4753 0.2161 0.3179 0.2068 0.2592
6600 0.3795 0.4770 0.1954 0.3389 0.1841 0.2816
6605 0.3638 0.4329 0.1702 0.3734 0.1937 0.2627
6610 0.3492 0.4272 0.1645 0.3880 0.1848 0.2627
6615 0.3581 0.4336 0.1734 0.3816 0.1848 0.2602
6620 0.4229 0.4446 0.2086 0.3410 0.2143 0.2360
6625 0.4357 0.4628 0.2275 0.3289 0.2083 0.2353
6630 0.4414 0.4553 0.2129 0.3161 0.2286 0.2424
6635 0.4304 0.4436 0.2132 0.3393 0.2172 0.2303
6640 0.3952 0.4058 0.1709 0.3699 0.2243 0.2350
6645 0.4133 0.4115 0.1855 0.3606 0.2278 0.2261
6650 0.4233 0.3973 0.1890 0.3685 0.2342 0.2083
6655 0.4329 0.3795 0.2022 0.3898 0.2307 0.1773
6660 0.4190 0.3492 0.1976 0.4293 0.2214 0.1517
6665 0.4272 0.3645 0.2008 0.4090 0.2264 0.1638
6670 0.4172 0.3681 0.2008 0.4155 0.2164 0.1673
6675 0.3795 0.3802 0.1855 0.4258 0.1940 0.1947
6680 0.3752 0.4051 0.1983 0.4179 0.1769 0.2068
6685 0.4051 0.4105 0.2019 0.3863 0.2033 0.2086
6690 0.4393 0.4357 0.2257 0.3507 0.2136 0.2100
6695 0.4425 0.4446 0.2318 0.3446 0.2108 0.2129
6700 0.4372 0.4347 0.2097 0.3378 0.2275 0.2250
6705 0.4236 0.4357 0.2118 0.3524 0.2118 0.2239
6710 0.4315 0.4400 0.2164 0.3450 0.2150 0.2236
6715 0.4300 0.4347 0.1855 0.3208 0.2446 0.2492
6720 0.4343 0.4343 0.1723 0.3037 0.2620 0.2620
6725 0.4304 0.4571 0.1791 0.2916 0.2513 0.2780
6730 0.4286 0.4290 0.1705 0.3129 0.2581 0.2585
6735 0.4090 0.4105 0.1719 0.3524 0.2371 0.2385
6740 0.4051 0.3873 0.1467 0.3542 0.2585 0.2407
6745 0.4051 0.4019 0.1598 0.3528 0.2453 0.2421
6750 0.4244 0.4130 0.1574 0.3200 0.2670 0.2556
6755 0.4311 0.4268 0.1673 0.3094 0.2638 0.2595
6760 0.4689 0.4258 0.1659 0.2713 0.3030 0.2599
6765 0.4724 0.4343 0.1648 0.2581 0.3076 0.2695
6770 0.4507 0.4048 0.1506 0.2951 0.3001 0.2542
6775 0.4311 0.4058 0.1630 0.3261 0.2681 0.2428
6780 0.4030 0.3809 0.1264 0.3425 0.2766 0.2545
6785 0.3788 0.3838 0.1456 0.3831 0.2332 0.2382
6790 0.3845 0.3489 0.1271 0.3937 0.2574 0.2218
6795 0.4033 0.3574 0.1417 0.3809 0.2617 0.2157
6800 0.4090 0.3496 0.1075 0.3489 0.3015 0.2421
6805 0.4162 0.3471 0.1307 0.3674 0.2855 0.2164
6810 0.4575 0.3578 0.1570 0.3418 0.3005 0.2008
6815 0.4760 0.3738 0.1670 0.3172 0.3090 0.2068
6820 0.4578 0.3902 0.1762 0.3282 0.2816 0.2140
6825 0.4422 0.4098 0.1784 0.3265 0.2638 0.2314
6830 0.4147 0.4283 0.1755 0.3325 0.2392 0.2528
6835 0.3994 0.4425 0.1673 0.3254 0.2321 0.2752
6840 0.3795 0.4571 0.1766 0.3400 0.2029 0.2805
6845 0.3763 0.4514 0.2004 0.3727 0.1759 0.2510
6850 0.3977 0.4272 0.2172 0.3923 0.1805 0.2100
6855 0.4375 0.4361 0.2143 0.3407 0.2232 0.2218
6860 0.4710 0.4386 0.2264 0.3168 0.2446 0.2122
6865 0.4817 0.4240 0.2310 0.3254 0.2506 0.1930
6870 0.4731 0.3984 0.2029 0.3314 0.2702 0.1954
6875 0.4678 0.3991 0.1883 0.3215 0.2795 0.2108
6880 0.4489 0.4179 0.1887 0.3218 0.2602 0.2293
6885 0.4122 0.4357 0.1595 0.3115 0.2528 0.2763
6890 0.3763 0.4261 0.1246 0.3222 0.2517 0.3015
6895 0.3916 0.4244 0.1146 0.2987 0.2770 0.3097
6900 0.3638 0.4137 0.1214 0.3439 0.2424 0.2923
6905 0.3254 0.4176 0.1072 0.3642 0.2182 0.3104
6910 0.2990 0.4226 0.0951 0.3734 0.2040 0.3275
6915 0.3054 0.4187 0.1004 0.3763 0.2051 0.3183
6920 0.3674 0.4340 0.1296 0.3282 0.2378 0.3044
6925 0.4279 0.4211 0.1620 0.3129 0.2659 0.2592
6930 0.4268 0.3994 0.1545 0.3282 0.2723 0.2449
6935 0.4001 0.4251 0.1549 0.3297 0.2453 0.2702
6940 0.3820 0.4450 0.1641 0.3371 0.2179 0.2809
6945 0.3820 0.4493 0.1709 0.3396 0.2111 0.2784
6950 0.3806 0.4489 0.1659 0.3364 0.2147 0.2830
6955 0.3827 0.4418 0.1784 0.3539 0.2043 0.2634
6960 0.3802 0.4350 0.1759 0.3606 0.2043 0.2592
6965 0.3781 0.4300 0.1645 0.3564 0.2136 0.2656
6970 0.3738 0.4144 0.1428 0.3546 0.2310 0.2716
6975 0.3920 0.3863 0.1250 0.3467 0.2670 0.2613
6980 0.4087 0.3606 0.1250 0.3556 0.2837 0.2357
6985 0.4133 0.3920 0.1356 0.3304 0.2777 0.2563
6990 0.4108 0.3934 0.1388 0.3346 0.2720 0.2545
6995 0.4098 0.4026 0.1342 0.3218 0.2755 0.2684
