6000 0.4321 0.3797 0.2058 0.3940 0.2263 0.1739
6005 0.4351 0.3792 0.2122 0.3978 0.2230 0.1670
6010 0.4351 0.3754 0.2137 0.4031 0.2215 0.1617
6015 0.4415 0.3771 0.2085 0.3899 0.2330 0.1686
6020 0.4496 0.3737 0.2088 0.3855 0.2408 0.1649
6025 0.4359 0.3731 0.2007 0.3917 0.2352 0.1724
6030 0.4086 0.3824 0.1885 0.3975 0.2201 0.1939
6035 0.3983 0.3922 0.1910 0.4005 0.2073 0.2012
6040 0.3885 0.3961 0.1908 0.4062 0.1977 0.2053
6045 0.3986 0.3966 0.1928 0.3977 0.2058 0.2038
6050 0.4080 0.4004 0.1928 0.3844 0.2152 0.2076
6055 0.4034 0.3911 0.1815 0.3870 0.2219 0.2096
6060 0.4060 0.3754 0.1655 0.3841 0.2405 0.2099
6065 0.4137 0.3720 0.1640 0.3783 0.2497 0.2080
6070 0.4109 0.3757 0.1766 0.3900 0.2343 0.1991
6075 0.4083 0.3816 0.1786 0.3887 0.2297 0.2030
6080 0.4021 0.3554 0.1802 0.4226 0.2219 0.1753
6085 0.3827 0.3574 0.1663 0.4262 0.2164 0.1911
6090 0.3797 0.3403 0.1655 0.4455 0.2141 0.1748
6095 0.3946 0.3504 0.1762 0.4312 0.2184 0.1742
6100 0.3984 0.3419 0.1642 0.4239 0.2343 0.1777
6105 0.4030 0.3310 0.1657 0.4316 0.2373 0.1654
6110 0.3983 0.3420 0.1678 0.4275 0.2305 0.1742
6115 0.3967 0.3471 0.1677 0.4239 0.2291 0.1794
6120 0.3853 0.3493 0.1734 0.4388 0.2119 0.1759
6125 0.3913 0.3568 0.1891 0.4411 0.2021 0.1677
6130 0.4012 0.3539 0.1919 0.4368 0.2093 0.1620
6135 0.4016 0.3507 0.1888 0.4365 0.2128 0.1619
6140 0.4086 0.3472 0.1876 0.4318 0.2210 0.1596
6145 0.3952 0.3402 0.1843 0.4489 0.2109 0.1559
6150 0.3975 0.3394 0.1846 0.4476 0.2129 0.1549
6155 0.4031 0.3368 0.1917 0.4518 0.2114 0.1451
6160 0.4252 0.3349 0.1986 0.4385 0.2266 0.1363
6165 0.4298 0.3504 0.2094 0.4292 0.2204 0.1410
6170 0.4263 0.3784 0.2199 0.4152 0.2064 0.1585
6175 0.3972 0.3708 0.2024 0.4344 0.1948 0.1684
6180 0.3928 0.3818 0.1943 0.4198 0.1984 0.1875
6185 0.4050 0.3749 0.1920 0.4121 0.2129 0.1829
6190 0.4102 0.3765 0.1949 0.4083 0.2152 0.1815
6195 0.4027 0.3731 0.1910 0.4152 0.2117 0.1821
6200 0.3975 0.3722 0.1923 0.4226 0.2052 0.1799
6205 0.3672 0.3775 0.1893 0.4446 0.1779 0.1882
6210 0.3631 0.3765 0.1884 0.4489 0.1747 0.1881
6215 0.3731 0.3777 0.1901 0.4393 0.1831 0.1876
6220 0.3617 0.3693 0.1843 0.4533 0.1774 0.1850
6225 0.3580 0.3887 0.1940 0.4473 0.1640 0.1946
6230 0.3570 0.4005 0.2070 0.4495 0.1500 0.1936
6235 0.3820 0.4037 0.2196 0.4339 0.1623 0.1841
6240 0.4147 0.4150 0.2224 0.3926 0.1923 0.1927
6245 0.4211 0.4063 0.2236 0.3961 0.1975 0.1827
6250 0.4312 0.4050 0.2253 0.3891 0.2059 0.1797
6255 0.4291 0.3870 0.2114 0.3954 0.2176 0.1756
6260 0.4344 0.3724 0.2027 0.3960 0.2317 0.1696
6265 0.4568 0.3649 0.2047 0.3830 0.2521 0.1602
6270 0.4368 0.3627 0.1919 0.3923 0.2449 0.1709
6275 0.4245 0.3809 0.2062 0.4009 0.2183 0.1747
6280 0.4169 0.3868 0.2164 0.4127 0.2004 0.1704
6285 0.4280 0.3867 0.2315 0.4169 0.1965 0.1552
6290 0.4356 0.3861 0.2378 0.4161 0.1978 0.1483
6295 0.4300 0.3842 0.2367 0.4225 0.1933 0.1475
6300 0.4318 0.3771 0.2274 0.4185 0.2044 0.1497
6305 0.4187 0.3553 0.2085 0.4345 0.2102 0.1468
6310 0.4188 0.3495 0.2018 0.4335 0.2170 0.1477
6315 0.4230 0.3477 0.2001 0.4295 0.2228 0.1475
6320 0.3963 0.3484 0.1923 0.4476 0.2039 0.1561
6325 0.3932 0.3588 0.2055 0.4534 0.1878 0.1533
6330 0.3890 0.3612 0.2023 0.4521 0.1867 0.1590
6335 0.3955 0.3490 0.1966 0.4521 0.1989 0.1524
6340 0.3940 0.3367 0.1850 0.4544 0.2090 0.1517
6345 0.3861 0.3314 0.1776 0.4601 0.2085 0.1538
6350 0.4063 0.3314 0.1823 0.4446 0.2241 0.1491
6355 0.4030 0.3413 0.1753 0.4310 0.2277 0.1660
6360 0.3978 0.3410 0.1681 0.4294 0.2297 0.1728
6365 0.3995 0.3466 0.1718 0.4257 0.2277 0.1748
6370 0.3768 0.3518 0.1762 0.4476 0.2006 0.1756
6375 0.3783 0.3446 0.1835 0.4606 0.1948 0.1611
6380 0.3717 0.3338 0.1866 0.4810 0.1852 0.1472
6385 0.3916 0.3486 0.2016 0.4615 0.1899 0.1469
6390 0.4041 0.3429 0.2048 0.4579 0.1992 0.1381
6395 0.4138 0.3484 0.2138 0.4516 0.2000 0.1346
6400 0.4155 0.3382 0.1931 0.4394 0.2224 0.1451
6405 0.4162 0.3211 0.1849 0.4475 0.2314 0.1363
6410 0.4222 0.3332 0.1888 0.4335 0.2333 0.1443
6415 0.4365 0.3396 0.1933 0.4172 0.2433 0.1463
6420 0.4092 0.3448 0.1885 0.4345 0.2207 0.1562
6425 0.3949 0.3498 0.1850 0.4403 0.2099 0.1648
6430 0.3789 0.3481 0.1858 0.4588 0.1931 0.1623
6435 0.3841 0.3501 0.1891 0.4550 0.1949 0.1610
6440 0.3926 0.3475 0.1914 0.4513 0.2012 0.1561
6445 0.3992 0.3429 0.1794 0.4373 0.2198 0.1635
6450 0.4065 0.3408 0.1811 0.4338 0.2254 0.1597
6455 0.3954 0.3454 0.1730 0.4323 0.2224 0.1724
6460 0.3717 0.3504 0.1690 0.4469 0.2027 0.1814
6465 0.3472 0.3525 0.1645 0.4647 0.1827 0.1881
6470 0.3650 0.3556 0.1774 0.4568 0.1876 0.1782
6475 0.3801 0.3481 0.1863 0.4580 0.1939 0.1619
6480 0.4047 0.3591 0.2023 0.4385 0.2024 0.1568
6485 0.4030 0.3432 0.2070 0.4608 0.1960 0.1363
6490 0.3990 0.3525 0.2134 0.4618 0.1856 0.1392
6495 0.3975 0.3544 0.2084 0.4565 0.1891 0.1460
6500 0.3865 0.3641 0.2071 0.4565 0.1794 0.1570
6505 0.3824 0.3573 0.2093 0.4696 0.1731 0.1480
6510 0.3923 0.3501 0.2219 0.4795 0.1704 0.1282
6515 0.4155 0.3381 0.2324 0.4789 0.1831 0.1056
6520 0.4228 0.3408 0.2343 0.4707 0.1885 0.1065
6525 0.4176 0.3434 0.2186 0.4576 0.1991 0.1248
6530 0.4329 0.3576 0.2262 0.4358 0.2067 0.1314
6535 0.4585 0.3606 0.2484 0.4294 0.2100 0.1122
6540 0.4598 0.3597 0.2404 0.4208 0.2195 0.1193
6545 0.4423 0.3597 0.2327 0.4307 0.2096 0.1270
6550 0.4347 0.3560 0.2268 0.4361 0.2079 0.1292
6555 0.4158 0.3509 0.2190 0.4524 0.1968 0.1318
6560 0.4295 0.3591 0.2251 0.4365 0.2044 0.1340
6565 0.4073 0.3701 0.2041 0.4268 0.2032 0.1660
6570 0.4153 0.3754 0.2148 0.4240 0.2006 0.1606
6575 0.4150 0.3774 0.2158 0.4234 0.1992 0.1616
6580 0.4199 0.3580 0.2114 0.4335 0.2085 0.1466
6585 0.4115 0.3688 0.2064 0.4260 0.2052 0.1625
6590 0.4260 0.3518 0.2032 0.4254 0.2228 0.1486
6595 0.3934 0.3592 0.1966 0.4440 0.1968 0.1626
6600 0.4073 0.3548 0.2056 0.4435 0.2016 0.1492
6605 0.4132 0.3559 0.2117 0.4426 0.2015 0.1442
6610 0.4312 0.3660 0.2222 0.4251 0.2090 0.1437
6615 0.4473 0.3528 0.2222 0.4220 0.2251 0.1306
6620 0.4492 0.3632 0.2271 0.4147 0.2221 0.1361
6625 0.4489 0.3600 0.2263 0.4175 0.2225 0.1337
6630 0.4294 0.3507 0.2161 0.4361 0.2132 0.1346
6635 0.4367 0.3495 0.2222 0.4361 0.2144 0.1273
6640 0.4228 0.3439 0.2070 0.4403 0.2158 0.1369
6645 0.4036 0.3402 0.1991 0.4553 0.2045 0.1411
6650 0.4153 0.3701 0.2149 0.4295 0.2004 0.1552
6655 0.4031 0.3624 0.2096 0.4440 0.1936 0.1529
6660 0.3993 0.3650 0.2020 0.4376 0.1974 0.1631
6665 0.4010 0.3583 0.2048 0.4455 0.1962 0.1535
6670 0.4115 0.3576 0.2138 0.4447 0.1977 0.1437
6675 0.4066 0.3756 0.2254 0.4432 0.1812 0.1501
6680 0.4246 0.3899 0.2431 0.4286 0.1815 0.1468
6685 0.4156 0.3970 0.2305 0.4178 0.1852 0.1666
6690 0.4243 0.3914 0.2205 0.4048 0.2038 0.1709
6695 0.4176 0.3842 0.2212 0.4193 0.1965 0.1631
6700 0.4408 0.3649 0.2212 0.4155 0.2196 0.1437
6705 0.4540 0.3727 0.2350 0.4083 0.2190 0.1376
6710 0.4505 0.3720 0.2393 0.4167 0.2112 0.1328
6715 0.4627 0.3760 0.2521 0.4134 0.2106 0.1239
6720 0.4451 0.3746 0.2430 0.4233 0.2021 0.1317
6725 0.4480 0.3702 0.2405 0.4223 0.2074 0.1297
6730 0.4409 0.3553 0.2356 0.4394 0.2053 0.1196
6735 0.4425 0.3609 0.2314 0.4280 0.2111 0.1296
6740 0.4405 0.3573 0.2146 0.4169 0.2259 0.1427
6745 0.4348 0.3673 0.2134 0.4112 0.2215 0.1539
6750 0.4379 0.3666 0.2132 0.4088 0.2247 0.1533
6755 0.4327 0.3568 0.2099 0.4204 0.2228 0.1469
6760 0.4297 0.3574 0.2065 0.4194 0.2231 0.1509
6765 0.4248 0.3528 0.1934 0.4158 0.2314 0.1594
6770 0.4178 0.3384 0.1888 0.4327 0.2289 0.1495
6775 0.4191 0.3452 0.2009 0.4365 0.2183 0.1443
6780 0.4205 0.3333 0.2016 0.4478 0.2189 0.1317
6785 0.4092 0.3312 0.1997 0.4592 0.2096 0.1315
6790 0.4161 0.3428 0.2071 0.4483 0.2090 0.1357
6795 0.4469 0.3478 0.2135 0.4188 0.2333 0.1343
6800 0.4521 0.3573 0.2234 0.4141 0.2286 0.1338
6805 0.4563 0.3660 0.2280 0.4057 0.2283 0.1379
6810 0.4618 0.3719 0.2269 0.3932 0.2349 0.1449
6815 0.4373 0.3798 0.2286 0.4115 0.2087 0.1512
6820 0.4202 0.3885 0.2205 0.4118 0.1997 0.1680
6825 0.4057 0.3824 0.2242 0.4361 0.1815 0.1582
6830 0.4245 0.3646 0.2257 0.4367 0.1988 0.1389
6835 0.4222 0.3545 0.2250 0.4483 0.1972 0.1296
6840 0.4173 0.3600 0.2183 0.4409 0.1991 0.1417
6845 0.4179 0.3498 0.2137 0.4460 0.2042 0.1361
6850 0.4161 0.3420 0.2038 0.4457 0.2123 0.1382
6855 0.4265 0.3467 0.2090 0.4358 0.2175 0.1378
6860 0.4269 0.3362 0.2097 0.4466 0.2172 0.1265
6865 0.4327 0.3361 0.2138 0.4451 0.2189 0.1222
6870 0.4355 0.3350 0.2105 0.4400 0.2250 0.1245
6875 0.4414 0.3399 0.2129 0.4316 0.2285 0.1270
6880 0.4476 0.3405 0.2090 0.4208 0.2387 0.1315
6885 0.4277 0.3463 0.1963 0.4223 0.2314 0.1500
6890 0.4406 0.3515 0.1997 0.4076 0.2410 0.1518
6895 0.4213 0.3538 0.1988 0.4237 0.2225 0.1550
6900 0.4246 0.3516 0.1974 0.4211 0.2273 0.1542
6905 0.4326 0.3594 0.2001 0.4082 0.2324 0.1593
6910 0.4226 0.3664 0.2030 0.4140 0.2196 0.1634
6915 0.4457 0.3617 0.2237 0.4164 0.2219 0.1379
6920 0.4531 0.3626 0.2262 0.4105 0.2269 0.1364
6925 0.4576 0.3632 0.2358 0.4150 0.2218 0.1274
6930 0.4388 0.3518 0.2155 0.4249 0.2233 0.1363
6935 0.4332 0.3417 0.2122 0.4373 0.2210 0.1296
6940 0.4301 0.3361 0.2120 0.4458 0.2181 0.1241
6945 0.4191 0.3370 0.2071 0.4510 0.2120 0.1299
6950 0.4137 0.3400 0.2100 0.4563 0.2036 0.1300
6955 0.4009 0.3565 0.2189 0.4615 0.1820 0.1376
6960 0.3800 0.3632 0.2228 0.4797 0.1571 0.1404
6965 0.3708 0.3727 0.2279 0.4844 0.1430 0.1448
6970 0.3748 0.3460 0.2317 0.5109 0.1431 0.1143
6975 0.3763 0.3397 0.2300 0.5139 0.1463 0.1097
6980 0.4097 0.3364 0.2369 0.4908 0.1728 0.0995
6985 0.4228 0.3385 0.2369 0.4755 0.1859 0.1017
6990 0.4237 0.3361 0.2285 0.4687 0.1952 0.1076
6995 0.4239 0.3420 0.2224 0.4565 0.2015 0.1196
