3000 0.2920 0.2776 0.1629 0.5932 0.1292 0.1148
3005 0.2846 0.2817 0.1629 0.5966 0.1217 0.1188
3010 0.2900 0.2782 0.1618 0.5936 0.1281 0.1164
3015 0.2978 0.2814 0.1621 0.5829 0.1357 0.1193
3020 0.2942 0.2853 0.1598 0.5804 0.1343 0.1255
3025 0.2967 0.2798 0.1526 0.5762 0.1440 0.1271
3030 0.2878 0.2767 0.1478 0.5833 0.1400 0.1289
3035 0.2856 0.2538 0.1453 0.6060 0.1403 0.1084
3040 0.2947 0.2584 0.1510 0.5979 0.1437 0.1074
3045 0.2964 0.2731 0.1625 0.5930 0.1339 0.1106
3050 0.3017 0.2851 0.1607 0.5739 0.1410 0.1244
3055 0.3097 0.2948 0.1712 0.5667 0.1385 0.1236
3060 0.3123 0.3006 0.1735 0.5605 0.1389 0.1271
3065 0.3035 0.2828 0.1607 0.5744 0.1428 0.1221
3070 0.2981 0.2799 0.1650 0.5870 0.1331 0.1149
3075 0.2960 0.2755 0.1658 0.5942 0.1303 0.1097
3080 0.2902 0.2800 0.1669 0.5966 0.1233 0.1131
3085 0.2815 0.2800 0.1618 0.6003 0.1197 0.1182
3090 0.2751 0.2818 0.1593 0.6024 0.1158 0.1225
3095 0.2685 0.2800 0.1477 0.5992 0.1208 0.1323
3100 0.2650 0.2723 0.1448 0.6075 0.1202 0.1275
3105 0.2722 0.2772 0.1476 0.5982 0.1246 0.1297
3110 0.2830 0.2829 0.1495 0.5835 0.1336 0.1334
3115 0.2936 0.2784 0.1516 0.5796 0.1420 0.1268
3120 0.3014 0.2823 0.1586 0.5749 0.1428 0.1237
3125 0.2978 0.2849 0.1553 0.5725 0.1425 0.1297
3130 0.2899 0.2856 0.1560 0.5806 0.1338 0.1295
3135 0.2818 0.2803 0.1490 0.5869 0.1328 0.1313
3140 0.2770 0.2747 0.1501 0.5984 0.1269 0.1246
3145 0.2755 0.2717 0.1443 0.5971 0.1312 0.1274
3150 0.2705 0.2747 0.1483 0.6031 0.1222 0.1264
3155 0.2736 0.2790 0.1438 0.5912 0.1298 0.1352
3160 0.2852 0.2880 0.1557 0.5825 0.1295 0.1323
3165 0.2933 0.2928 0.1636 0.5776 0.1297 0.1292
3170 0.2988 0.2848 0.1635 0.5799 0.1353 0.1213
3175 0.3048 0.2827 0.1650 0.5776 0.1398 0.1177
3180 0.3008 0.2806 0.1620 0.5805 0.1389 0.1187
3185 0.2981 0.2794 0.1576 0.5801 0.1405 0.1218
3190 0.2939 0.2800 0.1608 0.5869 0.1331 0.1192
3195 0.2926 0.2785 0.1615 0.5903 0.1312 0.1170
3200 0.2947 0.2878 0.1645 0.5820 0.1302 0.1233
3205 0.3044 0.2930 0.1707 0.5733 0.1337 0.1223
3210 0.3165 0.2939 0.1716 0.5612 0.1449 0.1223
3215 0.3180 0.2924 0.1665 0.5561 0.1515 0.1259
3220 0.3262 0.2890 0.1794 0.5642 0.1468 0.1096
3225 0.3171 0.2875 0.1707 0.5661 0.1464 0.1168
3230 0.3189 0.2872 0.1718 0.5657 0.1471 0.1154
3235 0.3155 0.2880 0.1606 0.5571 0.1549 0.1274
3240 0.3041 0.2827 0.1564 0.5696 0.1477 0.1262
3245 0.3032 0.2871 0.1612 0.5709 0.1420 0.1259
3250 0.2987 0.2843 0.1568 0.5738 0.1419 0.1275
3255 0.3051 0.2828 0.1577 0.5698 0.1475 0.1251
3260 0.2973 0.2862 0.1540 0.5705 0.1433 0.1322
3265 0.2976 0.2945 0.1528 0.5607 0.1448 0.1418
3270 0.3058 0.2880 0.1583 0.5646 0.1475 0.1297
3275 0.3077 0.2854 0.1610 0.5679 0.1467 0.1245
3280 0.3077 0.2756 0.1456 0.5623 0.1621 0.1300
3285 0.3065 0.2750 0.1448 0.5633 0.1617 0.1302
3290 0.3014 0.2716 0.1327 0.5598 0.1687 0.1389
3295 0.3029 0.2796 0.1447 0.5622 0.1582 0.1350
3300 0.3055 0.2865 0.1549 0.5629 0.1506 0.1315
3305 0.3084 0.2907 0.1612 0.5621 0.1472 0.1295
3310 0.3125 0.3015 0.1731 0.5591 0.1394 0.1284
3315 0.3176 0.3020 0.1725 0.5528 0.1452 0.1295
3320 0.3195 0.2957 0.1747 0.5595 0.1448 0.1209
3325 0.3236 0.2929 0.1779 0.5614 0.1457 0.1150
3330 0.3231 0.2953 0.1761 0.5578 0.1470 0.1192
3335 0.3171 0.2788 0.1761 0.5802 0.1410 0.1026
3340 0.3156 0.2790 0.1737 0.5791 0.1419 0.1053
3345 0.3112 0.2805 0.1731 0.5814 0.1381 0.1074
3350 0.3198 0.2810 0.1703 0.5695 0.1495 0.1107
3355 0.3258 0.2948 0.1796 0.5590 0.1462 0.1151
3360 0.3218 0.2954 0.1757 0.5585 0.1461 0.1197
3365 0.3040 0.2981 0.1692 0.5671 0.1348 0.1289
3370 0.2988 0.2891 0.1588 0.5709 0.1400 0.1303
3375 0.2906 0.2905 0.1550 0.5739 0.1356 0.1355
3380 0.3030 0.2872 0.1579 0.5677 0.1451 0.1293
3385 0.3058 0.3015 0.1666 0.5594 0.1391 0.1348
3390 0.3015 0.3085 0.1746 0.5646 0.1269 0.1339
3395 0.2993 0.3144 0.1776 0.5639 0.1217 0.1367
3400 0.3003 0.3121 0.1885 0.5761 0.1119 0.1236
3405 0.2933 0.3058 0.1814 0.5824 0.1119 0.1244
3410 0.2880 0.3069 0.1709 0.5761 0.1170 0.1360
3415 0.2936 0.3053 0.1708 0.5719 0.1228 0.1345
3420 0.2833 0.3010 0.1684 0.5841 0.1149 0.1326
3425 0.2790 0.2935 0.1653 0.5927 0.1137 0.1283
3430 0.2766 0.2905 0.1675 0.6004 0.1091 0.1230
3435 0.2814 0.2894 0.1695 0.5988 0.1119 0.1198
3440 0.2785 0.2892 0.1663 0.5985 0.1122 0.1230
3445 0.2872 0.2939 0.1679 0.5868 0.1193 0.1260
3450 0.2954 0.2891 0.1593 0.5748 0.1361 0.1298
3455 0.2914 0.2945 0.1650 0.5791 0.1264 0.1295
3460 0.2976 0.2993 0.1687 0.5718 0.1289 0.1307
3465 0.3017 0.3034 0.1736 0.5685 0.1281 0.1298
3470 0.3029 0.3049 0.1728 0.5651 0.1300 0.1321
3475 0.3014 0.3010 0.1745 0.5721 0.1269 0.1265
3480 0.2966 0.2997 0.1677 0.5714 0.1289 0.1321
3485 0.2909 0.2926 0.1649 0.5814 0.1260 0.1278
3490 0.3012 0.2907 0.1661 0.5742 0.1351 0.1246
3495 0.3102 0.2892 0.1678 0.5684 0.1424 0.1214
3500 0.3130 0.2887 0.1627 0.5610 0.1502 0.1260
3505 0.3078 0.2945 0.1629 0.5605 0.1449 0.1317
3510 0.3025 0.3000 0.1612 0.5588 0.1413 0.1387
3515 0.2992 0.2933 0.1673 0.5748 0.1319 0.1260
3520 0.3002 0.2906 0.1602 0.5694 0.1400 0.1304
3525 0.3078 0.2897 0.1674 0.5699 0.1404 0.1223
3530 0.3136 0.2913 0.1675 0.5627 0.1461 0.1237
3535 0.3063 0.2966 0.1707 0.5679 0.1356 0.1259
3540 0.3021 0.2972 0.1727 0.5734 0.1294 0.1245
3545 0.2949 0.2945 0.1712 0.5817 0.1237 0.1233
3550 0.2981 0.2929 0.1639 0.5729 0.1342 0.1290
3555 0.3005 0.3008 0.1698 0.5685 0.1307 0.1310
3560 0.3117 0.3046 0.1814 0.5651 0.1303 0.1232
3565 0.3189 0.3132 0.1861 0.5540 0.1328 0.1271
3570 0.3115 0.3152 0.1892 0.5626 0.1222 0.1260
3575 0.3159 0.3170 0.1939 0.5610 0.1220 0.1231
3580 0.3092 0.3053 0.1887 0.5743 0.1204 0.1165
3585 0.3131 0.2968 0.1808 0.5709 0.1323 0.1160
3590 0.3054 0.2848 0.1703 0.5801 0.1351 0.1145
3595 0.3061 0.2820 0.1698 0.5816 0.1363 0.1122
3600 0.3055 0.2881 0.1759 0.5822 0.1297 0.1122
3605 0.3041 0.2838 0.1708 0.5829 0.1333 0.1130
3610 0.3039 0.2819 0.1617 0.5759 0.1422 0.1202
3615 0.3059 0.2862 0.1627 0.5706 0.1432 0.1235
3620 0.3093 0.2962 0.1693 0.5638 0.1400 0.1269
3625 0.3015 0.2987 0.1607 0.5605 0.1408 0.1380
3630 0.2982 0.2942 0.1582 0.5658 0.1400 0.1360
3635 0.2887 0.2996 0.1610 0.5727 0.1278 0.1386
3640 0.2957 0.3072 0.1664 0.5636 0.1293 0.1408
3645 0.2716 0.3137 0.1559 0.5706 0.1156 0.1578
3650 0.2680 0.3077 0.1486 0.5729 0.1194 0.1591
3655 0.2591 0.3049 0.1390 0.5751 0.1201 0.1659
3660 0.2663 0.3102 0.1453 0.5689 0.1209 0.1649
3665 0.2726 0.3032 0.1406 0.5648 0.1319 0.1626
3670 0.2856 0.3000 0.1492 0.5637 0.1363 0.1507
3675 0.2852 0.3063 0.1589 0.5675 0.1262 0.1473
3680 0.2883 0.2991 0.1549 0.5675 0.1334 0.1442
3685 0.2830 0.2896 0.1500 0.5773 0.1331 0.1396
3690 0.2870 0.2945 0.1572 0.5757 0.1298 0.1374
3695 0.2813 0.2997 0.1611 0.5801 0.1202 0.1386
3700 0.2801 0.3022 0.1596 0.5772 0.1206 0.1427
3705 0.2833 0.3145 0.1663 0.5685 0.1170 0.1482
3710 0.2900 0.3142 0.1687 0.5644 0.1213 0.1456
3715 0.3008 0.3063 0.1685 0.5614 0.1323 0.1377
3720 0.3024 0.3107 0.1708 0.5578 0.1315 0.1399
3725 0.2945 0.3173 0.1670 0.5552 0.1275 0.1502
3730 0.2968 0.3202 0.1702 0.5532 0.1266 0.1500
3735 0.2911 0.3185 0.1651 0.5555 0.1260 0.1534
3740 0.2939 0.3208 0.1697 0.5550 0.1242 0.1511
3745 0.3011 0.3229 0.1793 0.5552 0.1218 0.1437
3750 0.3058 0.3271 0.1858 0.5530 0.1199 0.1413
3755 0.3169 0.3144 0.1751 0.5439 0.1418 0.1393
3760 0.3232 0.3164 0.1765 0.5369 0.1467 0.1399
3765 0.3257 0.3198 0.1833 0.5378 0.1424 0.1365
3770 0.3256 0.3165 0.1842 0.5421 0.1414 0.1323
3775 0.3325 0.3146 0.1794 0.5323 0.1531 0.1352
3780 0.3310 0.3043 0.1706 0.5353 0.1605 0.1337
3785 0.3291 0.3077 0.1698 0.5330 0.1593 0.1379
3790 0.3281 0.3140 0.1726 0.5305 0.1555 0.1414
3795 0.3232 0.3130 0.1745 0.5383 0.1487 0.1385
3800 0.3221 0.3180 0.1749 0.5348 0.1472 0.1432
3805 0.3265 0.3149 0.1810 0.5397 0.1454 0.1338
3810 0.3162 0.3156 0.1833 0.5514 0.1329 0.1323
3815 0.3204 0.3188 0.1807 0.5415 0.1398 0.1381
3820 0.3176 0.3237 0.1819 0.5406 0.1357 0.1418
3825 0.3166 0.3186 0.1843 0.5490 0.1323 0.1343
3830 0.3151 0.3219 0.1829 0.5459 0.1322 0.1390
3835 0.3155 0.3218 0.1823 0.5450 0.1332 0.1395
3840 0.3205 0.3193 0.1836 0.5437 0.1370 0.1357
3845 0.3216 0.3120 0.1820 0.5485 0.1395 0.1299
3850 0.3299 0.3056 0.1834 0.5479 0.1464 0.1222
3855 0.3342 0.3007 0.1807 0.5458 0.1535 0.1201
3860 0.3322 0.2931 0.1778 0.5525 0.1544 0.1154
3865 0.3444 0.2940 0.1838 0.5454 0.1606 0.1102
3870 0.3299 0.2947 0.1809 0.5564 0.1490 0.1137
3875 0.3287 0.3056 0.1794 0.5450 0.1493 0.1262
3880 0.3059 0.3116 0.1708 0.5533 0.1351 0.1408
3885 0.3034 0.3178 0.1746 0.5535 0.1288 0.1432
3890 0.3053 0.3210 0.1778 0.5514 0.1275 0.1433
3895 0.3179 0.3262 0.1843 0.5402 0.1336 0.1419
3900 0.3142 0.3098 0.1828 0.5588 0.1314 0.1270
3905 0.3000 0.3012 0.1749 0.5737 0.1251 0.1264
3910 0.2955 0.2924 0.1728 0.5849 0.1227 0.1196
3915 0.2866 0.2899 0.1690 0.5926 0.1175 0.1208
3920 0.2938 0.3050 0.1672 0.5684 0.1266 0.1379
3925 0.2950 0.2934 0.1641 0.5757 0.1309 0.1293
3930 0.2942 0.2977 0.1606 0.5687 0.1336 0.1371
3935 0.3056 0.2906 0.1651 0.5689 0.1405 0.1255
3940 0.3089 0.2940 0.1722 0.5692 0.1367 0.1218
3945 0.3166 0.2919 0.1778 0.5692 0.1389 0.1141
3950 0.3072 0.2789 0.1673 0.5812 0.1399 0.1116
3955 0.2993 0.2632 0.1548 0.5922 0.1446 0.1084
3960 0.2861 0.2673 0.1502 0.5969 0.1358 0.1170
3965 0.2852 0.2728 0.1516 0.5936 0.1336 0.1212
3970 0.2844 0.2728 0.1466 0.5893 0.1379 0.1262
3975 0.3011 0.2894 0.1577 0.5672 0.1434 0.1317
3980 0.3053 0.3070 0.1616 0.5493 0.1437 0.1454
3985 0.2953 0.2968 0.1496 0.5575 0.1457 0.1472
3990 0.2976 0.2969 0.1534 0.5589 0.1442 0.1435
3995 0.2953 0.3017 0.1535 0.5565 0.1418 0.1482
